0.67354774,0.6550158,0.7003677,0.6524408,0.63888794,0.6939297,0.67563885,0.6835022,0.6814304,0.6775606,0.6735021,0.6626537,0.7281064,0.66310227,0.67388964,0.67370695,0.6597153,0.6678231,0.6808457,0.6379981,0.67836744,0.6969018,0.6978903,0.7120219,0.6636456,0.6967923,0.69097275,0.66558856,0.6964531,0.68362063,0.6910444,0.6385313,0.6951368,0.66458505,0.6782167,0.64808714,0.6550051,0.72783715,0.6574371,0.64938825,0.666833,0.6899712,0.6745944,0.62927943,0.6375127,0.68469423,0.6574188,0.6655954,0.67488015,0.672341,0.6951688,0.65635574,0.6695952,0.6660155,0.7294557,0.68143517,0.67459226,0.7047453,0.66496384,0.6422002,0.69088656,0.6145748,0.6478495,0.65872484,0.694129,0.63515157,0.6712963,0.64567477,0.65859157,0.689403,0.6673704,0.6461784,0.66256803,0.6495027,0.7290899,0.68486565,0.63551444,0.6820031,0.67972004,0.71005803,0.7048172,0.62062114,0.604126,0.7050335,0.6700355,0.6824931,0.7038404,0.641557,0.6506677,0.68540704,0.6658719,0.6562186,0.6862681,0.65232927,0.72769165,0.6498482,0.65575343,0.7113208,0.67350894,0.65684485,0.6462245,0.68030626,0.6679122,0.6733281,0.7046702,0.6767761,0.6766778,0.6829001,0.6367975,0.7094552,0.6838506,0.69254106,0.6371521,0.6226061,0.71188164,0.7123347,0.6617803,0.6737646,0.6338172,0.6887327,0.66954756,0.7465274,0.68096465,0.69240236,0.67925143,0.65929705,0.69405377,0.68405163,0.7057395,0.6409456,0.6456353,0.6567602,0.69826704,0.70385045,0.6497731,0.6904747,0.7055867,0.6662407,0.63166904,0.6606818,0.651911,0.68686885,0.66556776,0.67936075,0.67903316,0.6391613,0.66861826,0.6297372,0.6817472,0.7482143,0.6475918,0.64754796,0.67534274,0.6603809,0.64321584,0.67196435,0.6434288,0.67026097,0.66967624,0.6847562,0.67405295,0.6224301,0.6462829,0.63708514,0.6428394,0.68419677,0.67608804,0.6457503,0.64169526,0.66533655,0.6302466,0.66554505,0.73036164,0.6963567,0.6770027,0.66480446,0.688329,0.6423541,0.636291,0.64572173,0.65071666,0.7110217,0.65175307,0.693447,0.640901,0.65611845,0.6961829,0.70075554,0.6725303,0.68914205,0.69150287,0.66974956,0.6773142,0.67302036,0.6474479,0.7164766,0.6530894,0.6268103,0.6882147,0.654194,0.65819,0.6716096,0.6706918,0.683571,0.67414904,0.6356105,0.67114794,0.6425074,0.6719417,0.6627442,0.674051,0.6877662,0.69739324,0.6927245,0.65857255,0.63804,0.663943,0.64691913,0.6595745,0.66531783,0.6847142,0.7161134,0.66229826,0.6514318,0.6537942,0.7031371,0.69171,0.69078195,0.66262436,0.6724807,0.67006993,0.6595969,0.68943334,0.65508616,0.71375954,0.6599466,0.68627864,0.68593323,0.67109036,0.66419387,0.64681596,0.6846056,0.67071515,0.681901,0.6919968,0.6264909,0.635252,0.63091564,0.65828437,0.7216499,0.65639305,0.66775256,0.7049655,0.6760454,0.69016725,0.6529326,0.6475944,0.6738389,0.67077637,0.68217796,0.65969306,0.66740245,0.7028333,0.6668365,0.6578173,0.6721695,0.6971681,0.6251433,0.65747505,0.66337675,0.63612324,0.68226177,0.6683715,0.6391402,0.69565547,0.6588694,0.6338745,0.64384043,0.65232456,0.64579093,0.6813776,0.67078537,0.6666249,0.66571724,0.6959015,0.7110919,0.67720205,0.6455227,0.7250884,0.68882954,0.6703055,0.660554,0.6697811,0.66774744,0.6543275,0.68932486,0.6544653,0.681649,0.6443394,0.6908537,0.68704766,0.66870236,0.66710114,0.6733921,0.6697412,0.64778364,0.6366199,0.6742837,0.67456967,0.68854797,0.662849,0.6627733,0.6639838,0.6976815,0.70295966,0.64882785,0.6876746,0.71226496,0.6568835,0.65014035,0.68117225,0.6739581,0.67442524,0.6803695,0.6787023,0.68772805,0.61828405,0.6960592,0.7312903,0.65493953,0.7143479,0.6972537,0.6936371,0.6419484,0.7376173,0.64997274,0.6526749,0.63235635,0.6391397,0.6737033,0.7040793,0.643277,0.67062265,0.72912,0.65612644,0.7070394,0.6506164,0.6694839,0.65225315,0.70287263,0.7021329,0.68138087,0.69234514,0.67945033,0.7144262,0.64023346,0.69190997,0.67684746,0.6155163,0.68208,0.68063873,0.6714115,0.67962474,0.66239166,0.5967797,0.67693174,0.6945776,0.6513842,0.6709255,0.63452715,0.71371096,0.7233273,0.66336334,0.65254617,0.65305203,0.6389377,0.681044,0.6627167,0.65398,0.64071435,0.6576295,0.65410805,0.69376713,0.65312916,0.6590359,0.64420676,0.69288194,0.6397513,0.682374,0.68359363,0.6519791,0.6726233,0.6495244,0.7026922,0.6611245,0.65446925,0.6532484,0.7153585,0.6546904,0.6554601,0.6765794,0.6702236,0.66043806,0.65203404,0.69227135,0.6696477,0.6710378,0.6883582,0.7203137,0.6330954,0.6595587,0.6374291,0.65526795,0.65703046,0.6599868,0.6937436,0.6682437,0.6890721,0.70338535,0.6442159,0.6277463,0.6285019,0.64963233,0.69184744,0.6500966,0.7015883,0.6699652,0.6303865,0.6023322,0.6768609,0.69593656,0.66550416,0.6724429,0.6539239,0.7094734,0.68716127,0.69110453,0.71037847,0.66551775,0.69348097,0.656343,0.65325296,0.65767616,0.64054954,0.67796576,0.6877168,0.651246,0.6602125,0.67403215,0.6310712,0.6606012,0.6443902,0.68226326,0.6750571,0.65460163,0.7052829,0.6471772,0.6994966,0.6740854,0.7114795,0.67681986,0.65951973,0.6464271,0.6511158,0.6951516,0.6854038,0.67377514,0.6511421,0.6890338,0.6170325,0.67878366,0.68430233,0.6643441,0.6810599,0.7155015,0.65961546,0.654435,0.68648463,0.70765376,0.63185406,0.68416196,0.69695884,0.6768545,0.6929831,0.6771537,0.68054235,0.6982292,0.6890491,0.70642376,0.70138174,0.65322095,0.6867432,0.68216336,0.6931664,0.66095614,0.6324334,0.70312667,0.64164567,0.67817044,0.71456647,0.6773489,0.71928465,0.68084586,0.646164,0.7119166,0.6175074,0.6668082,0.6482836,0.71137935,0.67217803,0.698786,0.67252743,0.6981131,0.68376684,0.6599456,0.65917474,0.6509622,0.6426053,0.69533,0.68262553,0.65486807,0.7220472,0.684538,0.6621324,0.68528134,0.6739293,0.70373267,0.63205564,0.70123404,0.6797451,0.7025035,0.696193,0.66372263,0.6630446,0.63346624,0.70604324,0.6654834,0.66012657,0.6709961,0.6983574,0.65026,0.6601959,0.64974576,0.64241105,0.6790959,0.69917536,0.67738026,0.6702822,0.6792484,0.636909,0.7143289,0.6694797,0.7009547,0.71598226,0.7071371,0.63769025,0.68891,0.7068985,0.64929485,0.67901397,0.6489505,0.7062235,0.6253164,0.6508107,0.6731553,0.62039244,0.68359554,0.66687447,0.6223388,0.6352186,0.619239,0.7023874,0.6823032,0.70224166,0.63626325,0.6225831,0.6502777,0.66856223,0.6825153,0.6424762,0.67150396,0.63337666,0.64252347,0.66590416,0.63666177,0.66833866,0.67555845,0.67573977,0.6931038,0.64114785,0.6756739,0.6931295,0.6599088,0.6635552,0.7195848,0.67051864,0.6750363,0.68171054,0.6371385,0.6055632,0.6479896,0.680035,0.65578365,0.7152343,0.6679275,0.6701382,0.68101066,0.6637872,0.65270233,0.7370016,0.65719515,0.6221999,0.668,0.7002857,0.68010587,0.6355661,0.662871,0.6808015,0.68454546,0.667763,0.65389794,0.6619601,0.6458914,0.65315115,0.63140345,0.69148827,0.6734164,0.6627939,0.68779534,0.6953753,0.64652014,0.67886865,0.65762794,0.6461401,0.6583068,0.6593408,0.62896806,0.64420074,0.68200135,0.6682099,0.6861266,0.6881948,0.6925972,0.68162477,0.67170614,0.660281,0.6622764,0.66606176,0.704461,0.66129947,0.7207524,0.68907773,0.66761076,0.7086437,0.6295714,0.6913282,0.68829453,0.6603489,0.6689625,0.6657558,0.64847046,0.6943703,0.6575247,0.6512097,0.650144,0.688262,0.6908062,0.6695442,0.6496162,0.65469867,0.6809868,0.6680225,0.6254435,0.6852234,0.66629875,0.67618805,0.652464,0.6561719,0.6598401,0.6391952,0.66020775,0.6405839,0.6996766,0.6874349,0.66857624,0.69850135,0.65369314,0.6976726,0.6231054,0.65419644,0.68093926,0.6403316,0.6431254,0.65532106,0.6960887,0.6963214,0.6456315,0.68381375,0.61946994,0.6660265,0.6412484,0.6365942,0.6856114,0.6927938,0.7059885,0.67010677,0.67667735,0.63500035,0.68910074,0.6791586,0.64324015,0.69161445,0.6625684,0.6628437,0.6959572,0.65322477,0.6502364,0.6349905,0.69045836,0.7373407,0.673088,0.6744857,0.7091265,0.6730202,0.65669084,0.6938413,0.68038756,0.6971475,0.6701683,0.6437292,0.7085599,0.6790467,0.7087821,0.7235404,0.67083883,0.63985837,0.6886771,0.7071873,0.6695721,0.6464904,0.66496676,0.6876953,0.70096827,0.7301015,0.7388226,0.7108462,0.67801785,0.6829432,0.68061095,0.6919565,0.6602477,0.6862268,0.679498,0.66199565,0.657153,0.6942774,0.65212023,0.65501124,0.6773867,0.6178353,0.6911233,0.6898226,0.65994895,0.68726,0.6425561,0.64660317,0.6840712,0.71507275,0.6822297,0.6980626,0.6949119,0.63640064,0.6352587,0.7141829,0.6737598,0.6932878,0.6657768,0.69004905,0.6813021,0.66775835,0.696821,0.6752599,0.66275513,0.6511091,0.6699675,0.6680331,0.6688614,0.70015204,0.6442999,0.7020683,0.6846796,0.6537318,0.6468236,0.71493226,0.6659406,0.66823405,0.70899373,0.65221393,0.6495609,0.6737813,0.666474,0.65156436,0.71664417,0.64851034,0.6719924,0.692286,0.6408314,0.6533307,0.6705737,0.6764917,0.67650086,0.6800012,0.6621542,0.64933014,0.64403486,0.6915853,0.69885206,0.7394246,0.65618294,0.6589426,0.61368644,0.6698439,0.6553536,0.6711875,0.68919325,0.7327323,0.64880913,0.706615,0.6888467,0.6968005,0.67256963,0.6124746,0.69455373,0.65482795,0.6589753,0.6842834,0.6622504,0.6676552,0.67062026,0.6684425,0.66876155,0.6568039,0.6099975,0.65373945,0.6730636,0.6954291,0.65387267,0.67623776,0.6774044,0.6925457,0.6586529,0.66660887,0.6295265,0.6629099,0.6665483,0.6817206,0.68195695,0.66749525,0.6613766,0.6814238,0.68901956,0.6961097,0.67674166,0.6488851,0.7000544,0.6822802,0.65148133,0.633939,0.654175,0.65435237,0.69754755,0.636302,0.66160214,0.63891435,0.6744048,0.6470194,0.7202355,0.67600775,0.67650235,0.67611736,0.6331082,0.6859859,0.70611215,0.6184113,0.6666092,0.6900113,0.6740713,0.6968458,0.6201031,0.67169744,0.6802034,0.6569088,0.6893896,0.63515,0.6960516,0.71267164,0.6144848,0.63485134,0.6691215,0.6598,0.6998401,0.6730028,0.67896897,0.6512323,0.7011118,0.6630931,0.67447877,0.6359601,0.6935872,0.66264385,0.67991865,0.65542036,0.66884345,0.66183835,0.68314725,0.6790112,0.6713613,0.64092195,0.71886057,0.7220709,0.6488011,0.6426244,0.6439902,0.6797689,0.64349264,0.7088028,0.6998088,0.67117226,0.64422745,0.6704212,0.66138816,0.70297474,0.65689033,0.68315583,0.6435257,0.670969,0.6587633,0.6429335,0.7142246,0.68347156,0.6598029,0.7093934,0.6665852,0.65991277,0.65014845,0.6910067,0.7324807,0.6838952,0.69136435,0.66299015,0.6155377,0.7040831,0.6809866,0.67874634,0.70103514,0.72696483,0.65213317,0.6917013,0.6823486,0.70385134,0.6788944,0.6818871,0.68551314,0.6250727,0.6908116,0.6748019,0.6548734,0.69571686,0.658927,0.6639739,0.66980374,0.72912854,0.65679586,0.6567347,0.6960366,0.6682693,0.6585012,0.6538119,0.6535951,0.7247949,0.7017086,0.6564734,0.6664234,0.6896969,0.6678953,0.6838782,0.6883642,0.66406596,0.62891,0.6494882,0.6825455,0.61501616,0.68921155,0.6619704,0.72035116,0.66388834,0.63252145,0.6526803,0.6761878,0.6712126
0.84978235,0.85568327,0.9166122,0.89312905,0.8589049,0.8660255,0.9021473,0.9260493,0.8949895,0.902438,0.8916335,0.8760595,0.8615548,0.907539,0.8674795,0.93096876,0.87546295,0.84952974,0.8502714,0.92186123,0.8743932,0.88448364,0.8751154,0.9349943,0.8981772,0.8953874,0.8943423,0.9195852,0.90390384,0.9343494,0.91372097,0.8677055,0.8260818,0.8618467,0.8849012,0.86572915,0.8096133,0.89226705,0.8881664,0.9188324,0.85394186,0.8759882,0.906078,0.8956758,0.85546875,0.870186,0.860835,0.88992,0.9126195,0.87217104,0.8598484,0.90207493,0.86724496,0.8815296,0.8583518,0.8562427,0.88687855,0.86146927,0.8708954,0.85325444,0.8433974,0.8605103,0.8798684,0.852361,0.9487099,0.8640052,0.83057034,0.85952103,0.8370325,0.90184623,0.8681767,0.85690665,0.90023583,0.87823796,0.93044263,0.9051247,0.8788804,0.8585367,0.9142907,0.8870646,0.8611456,0.8269431,0.8801469,0.88667506,0.91190857,0.89390343,0.8944934,0.8874389,0.8637384,0.8679025,0.93954116,0.857516,0.86068887,0.83269846,0.9179184,0.87454957,0.8928342,0.8839613,0.8756079,0.8541237,0.8891615,0.88202834,0.9122482,0.86219364,0.8938521,0.8660271,0.89661384,0.90555024,0.89610916,0.9033136,0.8651387,0.84878004,0.878899,0.8972053,0.89901316,0.92352235,0.8846363,0.8655181,0.8398067,0.8995985,0.8905769,0.85059154,0.8822292,0.9216075,0.89845794,0.8436914,0.90261436,0.91661704,0.858758,0.91279227,0.8789292,0.848544,0.8943816,0.8998507,0.9072787,0.86983037,0.87881184,0.9161143,0.909658,0.8792044,0.8832016,0.87853533,0.86077535,0.90469813,0.90805966,0.85927016,0.8557584,0.8833287,0.87476736,0.9116998,0.8945662,0.8625003,0.901492,0.85783714,0.90953666,0.8649423,0.87265694,0.8820356,0.89326626,0.91414803,0.8878054,0.87019503,0.8754781,0.86350155,0.8551714,0.86892426,0.87547123,0.8335039,0.8775418,0.8808842,0.88485914,0.8773207,0.8623815,0.88491774,0.87086105,0.9132054,0.8779972,0.8526407,0.8926587,0.8870751,0.8265009,0.886826,0.8986826,0.854179,0.8568872,0.87468404,0.9340605,0.86048144,0.8517724,0.8916863,0.90518516,0.87826717,0.8925588,0.88322335,0.8793762,0.95488167,0.8837035,0.8703619,0.8906278,0.8838598,0.85042465,0.865406,0.88541716,0.8615945,0.9200564,0.880163,0.91796255,0.86703473,0.8493021,0.9121095,0.89976645,0.90027016,0.9130211,0.90692246,0.91362745,0.8587702,0.8964156,0.9020653,0.86766994,0.8919947,0.91113585,0.8913146,0.8926394,0.8782011,0.8730338,0.9006583,0.8985534,0.87658787,0.8418076,0.8686543,0.8276335,0.8749862,0.93337256,0.9163505,0.89663213,0.86303395,0.85568315,0.8900511,0.8794028,0.9127469,0.8607092,0.86652213,0.8983851,0.8380615,0.87392247,0.87509626,0.8466104,0.8626452,0.85549945,0.9049881,0.8912961,0.8948568,0.8966071,0.85343975,0.89462686,0.8653214,0.86934006,0.92285717,0.8730966,0.8844994,0.8725342,0.8757519,0.8703765,0.86697584,0.90170074,0.88381743,0.84985906,0.88590807,0.87365115,0.864041,0.8804464,0.87088436,0.888227,0.90565854,0.8955804,0.9046022,0.79980534,0.88828206,0.88484585,0.84615,0.8827114,0.888962,0.89016986,0.8785806,0.86155105,0.86232007,0.86209905,0.88263774,0.92124695,0.87229663,0.85529435,0.90129936,0.8745571,0.93632233,0.8723059,0.8609307,0.8976572,0.87755376,0.89326656,0.87789685,0.8552698,0.81523037,0.9030219,0.86323977,0.8753755,0.87578166,0.8425189,0.92027503,0.89788437,0.90490705,0.92033404,0.84028566,0.876217,0.8942389,0.9118313,0.86869013,0.87957925,0.90465695,0.90493834,0.8616337,0.88334376,0.88991714,0.86547714,0.89453864,0.88137025,0.8786397,0.8949235,0.9112304,0.9183384,0.88205975,0.88338983,0.8915657,0.8652422,0.8755928,0.90233564,0.83819985,0.86478984,0.8649501,0.9110621,0.8780965,0.91165197,0.86060226,0.873364,0.8824964,0.8878415,0.84898263,0.9090008,0.88182706,0.8762355,0.9109191,0.87578297,0.86722213,0.89247745,0.90052325,0.92648405,0.8696409,0.92219543,0.884745,0.85905486,0.88573104,0.8697321,0.8594758,0.8741107,0.89449406,0.8911111,0.8604266,0.8670534,0.8631523,0.9030458,0.873747,0.87281996,0.8549833,0.8853484,0.8855636,0.86750185,0.83876073,0.88548815,0.87629724,0.87329125,0.8619913,0.85971135,0.8843365,0.89697546,0.83614737,0.8903889,0.870966,0.87284935,0.8449516,0.8877836,0.83980787,0.88470495,0.8764552,0.90424967,0.9102083,0.8755958,0.8777003,0.8718754,0.8953259,0.8705652,0.828961,0.87073505,0.88695514,0.8891637,0.90454006,0.88807,0.92863655,0.85511315,0.9180386,0.89171284,0.8411548,0.87285817,0.86966723,0.8528987,0.85168505,0.8495999,0.87861174,0.8675182,0.8890587,0.86759865,0.8316846,0.8373877,0.8580721,0.88030654,0.8833033,0.85665476,0.86994636,0.8840359,0.8787178,0.8538843,0.871409,0.8606845,0.86483246,0.865926,0.8786429,0.89356464,0.8545042,0.86684054,0.88607734,0.8255572,0.89755887,0.86027765,0.84823614,0.87024885,0.88260317,0.93277615,0.880836,0.8779947,0.8888917,0.8917122,0.86884236,0.89170915,0.85583425,0.8821777,0.89579916,0.88727105,0.92142856,0.882788,0.8612954,0.8998424,0.9080576,0.89788556,0.8773415,0.882198,0.84965354,0.85159194,0.86500883,0.8710256,0.8771218,0.8762987,0.86281395,0.8936831,0.9266862,0.84802353,0.8852162,0.902234,0.90367013,0.93441635,0.8810153,0.8662427,0.8554295,0.90772593,0.90444946,0.850629,0.8718845,0.87111276,0.8721472,0.8899766,0.87133604,0.86992955,0.88492703,0.85584867,0.90662444,0.8633588,0.87767166,0.8767544,0.88038737,0.89517,0.8854589,0.8936584,0.8880424,0.8733337,0.88584787,0.898999,0.84768033,0.8756183,0.8908895,0.88045764,0.9248385,0.9113408,0.96305317,0.8680858,0.88145065,0.8769227,0.90575296,0.8766752,0.88216215,0.8511672,0.86386645,0.8676277,0.85773885,0.9063669,0.9138066,0.8972107,0.9027242,0.8628123,0.89864415,0.8942814,0.8478952,0.86570746,0.8728701,0.9167241,0.88722336,0.8620793,0.8759321,0.83952534,0.9364821,0.8782628,0.8662456,0.8647417,0.90638363,0.8120554,0.87666804,0.8652766,0.8553742,0.8738591,0.85113275,0.87874943,0.8982403,0.88102925,0.83947337,0.91651314,0.927396,0.9272499,0.88288337,0.85069203,0.90869445,0.8778192,0.8693025,0.90047425,0.8784776,0.86299974,0.90455854,0.9002855,0.8959803,0.8543555,0.8590785,0.8965442,0.87017155,0.8537776,0.88724256,0.8832591,0.88101214,0.8807801,0.92812574,0.900537,0.8670766,0.88135874,0.86831784,0.8332529,0.8299743,0.8897119,0.86236,0.89909214,0.8752211,0.8453804,0.8328662,0.9200119,0.8968776,0.87180436,0.8417679,0.89630353,0.9081099,0.842742,0.9126731,0.90921074,0.86132133,0.8949377,0.9004224,0.84445196,0.87136424,0.85883486,0.8975925,0.8944939,0.8413977,0.87975013,0.8635854,0.8833814,0.8966473,0.8926692,0.8958926,0.8665226,0.87112105,0.93145126,0.883827,0.8686284,0.8687904,0.88936615,0.84896195,0.89667904,0.85453045,0.88575935,0.8595256,0.89643127,0.87781274,0.927637,0.8823397,0.8621147,0.9168657,0.89475155,0.92523235,0.8743902,0.90583616,0.88389575,0.8576207,0.88175595,0.89410365,0.8327286,0.9042145,0.8866838,0.8542779,0.86340326,0.8985602,0.9249515,0.90562487,0.8810124,0.85434604,0.87780505,0.8319605,0.8888003,0.8808117,0.9438271,0.90734786,0.87748444,0.9361757,0.8518486,0.89685225,0.85658777,0.89318466,0.91468436,0.88298255,0.8719222,0.881783,0.83002424,0.8560849,0.8621543,0.89114875,0.89534014,0.8492711,0.881181,0.8618318,0.874782,0.8957088,0.84996974,0.9226167,0.89606297,0.86358577,0.8443371,0.88490236,0.8465808,0.87804246,0.85979795,0.9041844,0.9264801,0.8790933,0.87903345,0.8821898,0.8832112,0.87676084,0.9011606,0.87024033,0.87924916,0.89929324,0.86698544,0.8931432,0.86486095,0.90162086,0.8615344,0.8797739,0.8726298,0.86111933,0.85433394,0.8735387,0.8923906,0.9205785,0.8774185,0.8971825,0.870604,0.868345,0.8971488,0.8504603,0.87340796,0.9036455,0.88543105,0.8662337,0.8940744,0.8991677,0.85394275,0.8786403,0.8852998,0.86913157,0.8766268,0.9216378,0.9281512,0.86437756,0.90002054,0.9228752,0.86768675,0.86090785,0.89488673,0.9298577,0.85341865,0.8911894,0.91013896,0.9345074,0.88534886,0.8874916,0.8568614,0.90063727,0.86446846,0.87980604,0.89087945,0.90465593,0.8902739,0.9045531,0.9065954,0.90759087,0.8719411,0.8813,0.9196775,0.9082015,0.8352481,0.9012933,0.89533603,0.87733465,0.8944872,0.8867455,0.86749864,0.8965684,0.86364853,0.89060724,0.86476594,0.8404202,0.8754163,0.9093894,0.8600316,0.89022726,0.86417294,0.9193945,0.91398257,0.88880384,0.88289326,0.7898645,0.9138368,0.89977694,0.9027555,0.87251323,0.87990147,0.9268082,0.91584647,0.93595594,0.92793006,0.837101,0.88817203,0.8605854,0.8535369,0.88307965,0.8988915,0.86980736,0.8547817,0.91326565,0.85544264,0.9098429,0.9390025,0.85804385,0.8955218,0.853721,0.8568106,0.886466,0.9011794,0.9058844,0.89324725,0.86919314,0.89710844,0.88448447,0.8998491,0.88276875,0.8598945,0.8527918,0.91392255,0.8899657,0.90075517,0.899578,0.90047413,0.88292557,0.889811,0.88597256,0.8810595,0.9280339,0.8822893,0.8554295,0.8457615,0.9163731,0.8844346,0.9350645,0.89970034,0.8779891,0.8929033,0.9109846,0.86977977,0.8768438,0.8905097,0.8669019,0.8602257,0.8986833,0.8732903,0.8862474,0.8696105,0.8583953,0.9203756,0.853947,0.91891575,0.87406635,0.848211,0.84047157,0.9314902,0.88298815,0.89035857,0.91595197,0.8984329,0.91083926,0.8427295,0.90748155,0.85528576,0.89429384,0.866903,0.917812,0.86378086,0.8982489,0.8886702,0.90372634,0.8809187,0.87185824,0.8753803,0.9007787,0.89769995,0.89365166,0.9071565,0.8655126,0.92147404,0.88983285,0.91051,0.8702562,0.8809874,0.88174427,0.8718065,0.86756253,0.93035823,0.894836,0.9232135,0.9153593,0.87706906,0.89639926,0.8994412,0.85156286,0.89653015,0.91983294,0.8877852,0.8942483,0.8617217,0.9151506,0.8720234,0.8611121,0.8613546,0.85991544,0.9052511,0.88862,0.88783115,0.86696446,0.92431056,0.9055537,0.9004853,0.87496,0.8668501,0.86454433,0.9171095,0.88599324,0.8482021,0.85624814,0.9171393,0.8435469,0.8606162,0.87938184,0.87172174,0.88482195,0.8893863,0.86638343,0.8997715,0.91186816,0.92698,0.8539244,0.881943,0.8606114,0.8854871,0.90468967,0.85566604,0.872715,0.9025105,0.8823085,0.9001714,0.9159616,0.8545125,0.86192775,0.86025673,0.910744,0.8543312,0.86959654,0.8766131,0.8940545,0.9042217,0.89211446,0.8948408,0.8934521,0.90228224,0.8882249,0.8306848,0.8813935,0.8866179,0.8924898,0.92204285,0.85808736,0.8512802,0.9115458,0.9038368,0.89016527,0.8770685,0.9070256,0.89611554,0.8598141,0.8924741,0.9285988,0.86487925,0.8968065,0.895717,0.8803139,0.914148,0.84628063,0.84983647,0.8869042,0.8330648,0.8880109,0.8812245,0.8777476,0.8525758,0.91015184,0.90655905,0.8677973,0.8567087,0.8824153,0.8777704,0.8820019,0.8748616,0.8496776,0.84471714,0.8638784,0.87934434,0.8809049,0.9357495,0.85534465,0.8505955,0.9132292,0.86056745,0.87367755,0.8260554,0.8960623,0.8542521,0.9020554,0.89344555,0.8814957,0.85680115,0.86349785
0.81619525,0.8507383,0.87495595,0.8364744,0.84404016,0.86479676,0.88960093,0.8637201,0.88308257,0.8594732,0.8817164,0.8493422,0.8840195,0.8733832,0.862346,0.8657237,0.84835863,0.8432332,0.8420859,0.87342113,0.8503445,0.9024168,0.87741923,0.8440583,0.87261534,0.8741438,0.8666866,0.88562524,0.8848457,0.8601058,0.88581085,0.8644007,0.8303579,0.8534611,0.8641929,0.8630103,0.85437626,0.850519,0.86152524,0.8350267,0.8327788,0.85079074,0.9031695,0.8567955,0.8418752,0.84882474,0.828562,0.85743916,0.88579017,0.8312799,0.86321044,0.89576805,0.83445126,0.8483318,0.8666141,0.8947097,0.88771087,0.8540238,0.8500929,0.82199144,0.83532786,0.82128406,0.8772541,0.8942473,0.8843932,0.8590773,0.85525894,0.8658106,0.8627643,0.86857677,0.8396636,0.8673439,0.8837256,0.88280874,0.9351585,0.85474175,0.81326556,0.8465317,0.84151816,0.86666614,0.86528575,0.7903732,0.8548597,0.8529668,0.86377454,0.86312383,0.9152003,0.8390326,0.86807466,0.8358002,0.9028133,0.84351015,0.86931896,0.809134,0.8938756,0.85476726,0.8491329,0.8862736,0.8922845,0.8466298,0.87078375,0.866222,0.8661594,0.88794994,0.8379365,0.8970907,0.8898372,0.871096,0.85473174,0.89730316,0.83462375,0.8678321,0.8660076,0.8492772,0.8835259,0.8842906,0.8412084,0.8394335,0.8659767,0.8811509,0.8589909,0.8577703,0.8763182,0.8496867,0.8612865,0.8224812,0.8502364,0.8938596,0.8555983,0.85172,0.8602392,0.8405258,0.8439323,0.9028533,0.8728855,0.8375443,0.8956966,0.89374447,0.8230624,0.835965,0.8808528,0.84649295,0.86851555,0.85424453,0.87020725,0.8729667,0.84729236,0.8521726,0.8409307,0.88136786,0.8260615,0.82633156,0.84138954,0.8872107,0.8912915,0.8539918,0.8745981,0.87665486,0.8847324,0.8428185,0.89053714,0.8266798,0.85558474,0.8807203,0.82869744,0.8452128,0.8198974,0.8133057,0.8337595,0.8405788,0.82315433,0.83147794,0.8923054,0.8814093,0.83928597,0.888952,0.8416654,0.86137486,0.854391,0.85909075,0.8410585,0.86785764,0.860674,0.8622694,0.83583575,0.83486545,0.865902,0.85759336,0.8583616,0.86560357,0.89658475,0.87257504,0.87601584,0.86545485,0.8196937,0.8914201,0.87843937,0.82086736,0.8744842,0.8630554,0.87545633,0.8619375,0.82247955,0.87697965,0.8625751,0.8924224,0.9004999,0.86680996,0.82215244,0.8818736,0.8442307,0.823038,0.87138236,0.8527915,0.86777216,0.8451416,0.873143,0.8490471,0.85064316,0.90595144,0.85728574,0.8594675,0.8372218,0.86587435,0.83078825,0.855797,0.8749909,0.862956,0.8577105,0.8415527,0.83345324,0.8503543,0.85956365,0.8362495,0.8887235,0.81756353,0.8569139,0.89969265,0.86444104,0.8705563,0.83546686,0.87146145,0.8685779,0.8313018,0.81670254,0.8273594,0.85892534,0.8495623,0.8597737,0.88440496,0.8628672,0.8820062,0.9019745,0.89781314,0.89566696,0.790785,0.83945066,0.8848821,0.880371,0.85115594,0.8469688,0.84703004,0.86099535,0.8452466,0.83566064,0.8880864,0.8293695,0.8436223,0.8397181,0.88811123,0.8552997,0.88911444,0.87004334,0.8888331,0.8599246,0.8521648,0.7986195,0.8510736,0.8916531,0.7984238,0.8873376,0.8380911,0.8792275,0.87480795,0.85336334,0.85417205,0.8534823,0.8850955,0.87966883,0.85327125,0.8741298,0.88923144,0.8441026,0.8712734,0.8786107,0.85187036,0.8621431,0.8346166,0.822185,0.87279963,0.8564994,0.8742657,0.8452373,0.8643576,0.8686435,0.82638204,0.86047727,0.8753141,0.89796054,0.8646696,0.90705943,0.8446093,0.83843863,0.8763231,0.87204635,0.83954364,0.86754906,0.8792451,0.8500961,0.8534303,0.84112483,0.8812052,0.8393039,0.8898711,0.8582021,0.8331646,0.8413034,0.8851744,0.88478947,0.8412776,0.8813347,0.857967,0.91011935,0.86820626,0.8839714,0.8066963,0.86700606,0.86457026,0.84876853,0.8654319,0.9138896,0.8298272,0.8526383,0.8905751,0.8801341,0.86832476,0.84372497,0.84282565,0.8420371,0.8758101,0.84246796,0.8555455,0.8756634,0.86697614,0.8741876,0.8465706,0.9068307,0.8418027,0.88269114,0.87942296,0.82923937,0.87191945,0.83369356,0.8596828,0.85301584,0.8407724,0.82363087,0.8190762,0.8598715,0.81631595,0.8655619,0.8637924,0.8568964,0.8015513,0.8451869,0.88227344,0.87335885,0.8612132,0.83121216,0.82198536,0.8503538,0.8570561,0.90527344,0.84588265,0.8929747,0.84919417,0.9127429,0.84980935,0.8709743,0.8210306,0.865916,0.8388664,0.8487543,0.8962511,0.85437214,0.8578094,0.85647994,0.8745458,0.8549913,0.86252314,0.87719196,0.88872814,0.83658874,0.83033717,0.8801467,0.8639136,0.84490514,0.8895335,0.8607482,0.85869277,0.8357686,0.8409437,0.8792156,0.86701214,0.8380457,0.88009095,0.8156799,0.8540077,0.84800136,0.8248438,0.82323813,0.8629522,0.8149712,0.87784386,0.8220055,0.8751575,0.861701,0.88226414,0.7947782,0.84587383,0.84240556,0.85291284,0.8175323,0.87001115,0.855754,0.84420085,0.86588955,0.89069176,0.86398435,0.8600786,0.8626984,0.8238945,0.854817,0.84063053,0.8540167,0.84524244,0.83738524,0.8558869,0.85875386,0.85717905,0.89259267,0.8302957,0.8430487,0.883676,0.871285,0.85327256,0.83837914,0.83561456,0.84436274,0.88446957,0.861428,0.82811826,0.8581904,0.86353326,0.879791,0.83516926,0.82089937,0.7950603,0.8688937,0.87672275,0.85613114,0.8804827,0.8725076,0.8356935,0.884853,0.86484843,0.8603399,0.8632348,0.86306965,0.85150045,0.8509327,0.84416825,0.8622927,0.8293525,0.8549745,0.8466037,0.87532467,0.8660292,0.8663125,0.86822176,0.86132705,0.87211245,0.8323692,0.8882316,0.8403586,0.83214647,0.8582527,0.84568757,0.8608102,0.8784191,0.8757136,0.88814604,0.8509858,0.8263756,0.8561044,0.8265906,0.8766509,0.8980722,0.8576078,0.86942333,0.8622648,0.8652972,0.8470751,0.8823945,0.85834527,0.8497655,0.8547423,0.82305145,0.85990655,0.8531629,0.86269546,0.882925,0.8760594,0.8723624,0.84780616,0.8554206,0.88195205,0.8245861,0.8561474,0.87554705,0.90647256,0.8646362,0.85783494,0.83634007,0.82547516,0.87396044,0.8309254,0.8556632,0.87980086,0.8758226,0.878137,0.8709243,0.85234034,0.80654776,0.86564946,0.8282465,0.8515778,0.8620827,0.8422494,0.80637985,0.903674,0.86830544,0.8727381,0.8272997,0.8646377,0.86165357,0.87138784,0.83567584,0.88206875,0.85965896,0.85387063,0.8917767,0.81946534,0.8690227,0.851866,0.8407404,0.85464674,0.83171237,0.85008526,0.8339475,0.83298546,0.87378204,0.8443451,0.86330044,0.8401988,0.8239592,0.8210939,0.85523975,0.90808535,0.87856597,0.88691896,0.82253027,0.8539708,0.86516064,0.84735763,0.85593385,0.891602,0.8416118,0.8784231,0.8582343,0.88009167,0.88776064,0.8441752,0.85600597,0.8519993,0.8274101,0.8758147,0.85912466,0.8161444,0.85372716,0.864155,0.870095,0.8712547,0.8579863,0.8655967,0.8812586,0.85384154,0.8115361,0.83966696,0.87364787,0.8329435,0.8245539,0.86448056,0.8234773,0.8258519,0.8491724,0.8496206,0.8107397,0.83329713,0.8596739,0.8242178,0.8644836,0.84299475,0.8687149,0.85382116,0.8319573,0.88703513,0.8836571,0.8727021,0.8469745,0.8402226,0.8781176,0.8491338,0.8626054,0.8326029,0.8773634,0.8490657,0.845717,0.8914125,0.8863504,0.8552245,0.84967786,0.8924416,0.86556333,0.8819495,0.843404,0.8575507,0.86841345,0.8644807,0.82108057,0.9188256,0.9163187,0.8692232,0.9012871,0.82983077,0.86169744,0.8254098,0.86112255,0.8428944,0.82167643,0.8696358,0.8388624,0.8518305,0.8010317,0.81640655,0.8273574,0.8585604,0.8579874,0.8541427,0.85397667,0.8396212,0.88534296,0.84825337,0.88596606,0.8631903,0.84759253,0.84328324,0.85624397,0.85809493,0.85019433,0.8285189,0.8328794,0.8681444,0.8748938,0.85090536,0.85065854,0.84066373,0.84448713,0.8543323,0.8189416,0.86737466,0.86096346,0.85542154,0.862336,0.8413304,0.85600096,0.8720945,0.82277966,0.8251265,0.8631781,0.8505104,0.8582683,0.88292176,0.86875397,0.8523468,0.84947085,0.86731696,0.83761877,0.8944425,0.84036595,0.8426506,0.8761837,0.83940476,0.88351613,0.8586839,0.90793264,0.84176874,0.809637,0.8601351,0.884162,0.8626268,0.8732407,0.87849,0.90143085,0.861906,0.8830907,0.8383465,0.83965504,0.86097664,0.8468771,0.8525529,0.8694593,0.874853,0.8781234,0.87298065,0.870749,0.81558174,0.8566437,0.843351,0.87537134,0.8323191,0.883643,0.8827469,0.8927491,0.9325296,0.8615666,0.9084482,0.8590437,0.89209306,0.8950704,0.8399329,0.87913346,0.8786196,0.87177414,0.868141,0.8973366,0.9021747,0.8752289,0.84946185,0.8490462,0.8655401,0.82361996,0.8596655,0.84856695,0.8784891,0.8464814,0.85194725,0.88525647,0.89242107,0.90007037,0.86798584,0.8142217,0.8628231,0.8685455,0.8670373,0.85574895,0.8675355,0.8646841,0.8779929,0.8560492,0.8832741,0.8457544,0.88401234,0.8531823,0.85650873,0.843489,0.8656399,0.8813391,0.82823837,0.89066756,0.86934614,0.8723497,0.8703395,0.883139,0.8418606,0.8612269,0.8647217,0.8372544,0.8648534,0.87208134,0.8768133,0.8214181,0.9126414,0.8369135,0.84735596,0.8562083,0.83081317,0.8661061,0.86570096,0.88003516,0.84831345,0.83607423,0.9006555,0.88252914,0.83610094,0.8740469,0.83921266,0.906723,0.85413575,0.84041876,0.8437922,0.8589353,0.8621035,0.87185884,0.86308324,0.8950173,0.86054486,0.8691642,0.8845455,0.8192804,0.8578988,0.8311025,0.8845852,0.86829776,0.8992546,0.88279617,0.88413876,0.9150874,0.8853757,0.8394911,0.84867835,0.8644278,0.81337905,0.82717526,0.88993824,0.89324874,0.8591711,0.8837542,0.8703369,0.86263424,0.8389064,0.8298569,0.8245699,0.87575,0.8290294,0.9023441,0.86614287,0.8697364,0.89522237,0.85306513,0.8731507,0.89765143,0.867759,0.83423233,0.85505044,0.87726015,0.8392205,0.8511875,0.8886236,0.87678975,0.8490131,0.8365902,0.8819017,0.8138399,0.8471861,0.8516036,0.9058082,0.9046911,0.8933748,0.86142516,0.8170848,0.86112493,0.86537874,0.8253327,0.86122215,0.85176456,0.8448076,0.8507428,0.8463543,0.875396,0.845355,0.83694524,0.86398906,0.85283667,0.8591019,0.881356,0.84491414,0.8279323,0.8529615,0.84992826,0.87198836,0.8477732,0.8203144,0.87015975,0.8962717,0.85938376,0.84894234,0.8434766,0.9095961,0.8427266,0.8566617,0.879603,0.8274904,0.8449974,0.88961744,0.8206173,0.830415,0.88552177,0.88522893,0.85783607,0.88760066,0.80929184,0.8364801,0.81498754,0.82962966,0.8367806,0.88113976,0.8194473,0.89982617,0.86022377,0.867386,0.891912,0.87787986,0.89860255,0.82910603,0.82233346,0.84715456,0.87039983,0.8824354,0.8818871,0.86903125,0.85719645,0.86597824,0.81883794,0.83376944,0.8137686,0.8851218,0.8651284,0.86664164,0.84889907,0.81176627,0.8899575,0.89142394,0.83523816,0.8550635,0.9112361,0.8641388,0.8508424,0.8292618,0.8804598,0.83808386,0.86336684,0.8604843,0.85062957,0.89212596,0.80885017,0.8460221,0.8348497,0.861235,0.84787405,0.8057813,0.8733127,0.8289176,0.88823533,0.89138836,0.87839025,0.83900607,0.82844883,0.8586167,0.84479165,0.9056997,0.8307638,0.833355,0.8839234,0.8862283,0.86123204,0.86581147,0.8406324,0.8348055,0.87399834,0.8816096,0.85823673,0.853882,0.8547374,0.87309307,0.8675803,0.88304543,0.8361167,0.8419402,0.8704637
1.3706886,1.3433856,1.3694192,1.3436359,1.3656456,1.3522649,1.3542705,1.3508807,1.403958,1.33593,1.3768749,1.3884326,1.3997405,1.3780723,1.3563098,1.3739645,1.335405,1.3954108,1.3517104,1.3420155,1.4115504,1.3572878,1.3843435,1.3875616,1.3432463,1.3297309,1.3624096,1.3655512,1.3900702,1.3644463,1.3624208,1.3509731,1.3549999,1.3416396,1.3736103,1.3830935,1.3513689,1.3560817,1.387351,1.388688,1.3337595,1.398369,1.3669057,1.3761333,1.339936,1.3329675,1.3953589,1.3587095,1.4044008,1.3682569,1.3630736,1.3494363,1.3832814,1.3339996,1.3494034,1.3655301,1.3942705,1.3640649,1.3945521,1.3237715,1.3854508,1.3453162,1.3684906,1.3855978,1.3672854,1.3639883,1.3761197,1.3961585,1.3844361,1.3835368,1.336617,1.354974,1.3887312,1.3619285,1.443857,1.3779982,1.3523014,1.3735693,1.373475,1.3535539,1.4069734,1.3410587,1.3947533,1.355726,1.4042432,1.3831145,1.3730525,1.346804,1.3417453,1.3760349,1.3895872,1.3384581,1.3823222,1.3433437,1.3688751,1.3624341,1.3751389,1.3811042,1.3409417,1.3934424,1.3613936,1.3278339,1.3574744,1.3851367,1.392923,1.4203621,1.38312,1.3920853,1.347635,1.3740189,1.3295333,1.3522993,1.3657496,1.3548316,1.3947234,1.4167027,1.3407516,1.3299159,1.3551371,1.418009,1.3547118,1.4131639,1.3573629,1.4022098,1.4005973,1.3729597,1.3855262,1.3429524,1.3643947,1.3730485,1.3631238,1.336803,1.3648844,1.4054201,1.3797095,1.3839492,1.3593018,1.3402119,1.3606703,1.34446,1.3591021,1.3834791,1.3562834,1.3595215,1.371915,1.3533441,1.387608,1.3150322,1.3816178,1.3885195,1.3509405,1.3812028,1.3770748,1.3963689,1.3191366,1.3812296,1.3620138,1.4047983,1.3830404,1.395169,1.3918397,1.3398175,1.347692,1.3780786,1.3513997,1.3755404,1.3532315,1.3460599,1.3430566,1.3527026,1.3555235,1.3699396,1.3821058,1.4134204,1.3082237,1.3921396,1.3593187,1.3484122,1.3798584,1.4052331,1.3390495,1.3690017,1.3895652,1.3788062,1.3525436,1.3514756,1.4450226,1.3913914,1.3427944,1.309354,1.4008088,1.3564653,1.3565975,1.3783402,1.3251969,1.3643647,1.3848466,1.3613304,1.3919247,1.3369584,1.3845989,1.3684808,1.3084018,1.3692975,1.3371435,1.3933747,1.3621899,1.317533,1.3670957,1.3990418,1.3158461,1.3391517,1.4114431,1.3455828,1.362687,1.3284231,1.3328164,1.3770293,1.3664379,1.3780794,1.3706108,1.3614095,1.368836,1.3772165,1.3230255,1.339491,1.4117731,1.3729281,1.4152186,1.357407,1.3559543,1.3461396,1.3630064,1.356115,1.3656282,1.358825,1.3559154,1.3783766,1.3367683,1.3559299,1.332961,1.3806452,1.3678911,1.391618,1.3733541,1.3356268,1.4145495,1.4076867,1.3629756,1.331196,1.347397,1.3727047,1.3656675,1.3916975,1.4238272,1.3628536,1.3361657,1.3968402,1.3890226,1.4066811,1.4024785,1.3676524,1.3371029,1.3448465,1.4014505,1.4115931,1.3610988,1.357316,1.3720851,1.3895814,1.3753484,1.3696945,1.3683159,1.3467195,1.3677156,1.3720518,1.3132432,1.3772721,1.3695602,1.3671712,1.4065458,1.3469439,1.3674235,1.3789635,1.3795861,1.4033219,1.3873796,1.3630056,1.3852804,1.3887982,1.3765113,1.3636642,1.3621267,1.330666,1.3485482,1.3463287,1.3293433,1.3867203,1.3667966,1.3782241,1.3509557,1.4067272,1.3624704,1.3366271,1.3785274,1.315231,1.3871937,1.3667122,1.4091892,1.3640757,1.3761398,1.3893096,1.3600621,1.3780626,1.3980801,1.368575,1.3641702,1.3992383,1.3582621,1.3990768,1.3723247,1.3653635,1.3550785,1.372582,1.3515048,1.3951077,1.334456,1.3921993,1.4221593,1.3615575,1.4156573,1.4302359,1.3662596,1.3671657,1.4186378,1.3751231,1.3256607,1.361932,1.341527,1.3712454,1.390678,1.3580589,1.3954773,1.3887495,1.3958235,1.3791726,1.3500848,1.3860836,1.3445249,1.3542933,1.3700961,1.3304174,1.3575135,1.3764322,1.3640667,1.3828477,1.3485069,1.3833928,1.3915508,1.3830155,1.3494726,1.3688108,1.3886446,1.4036176,1.3262042,1.3650054,1.3614842,1.3544987,1.4024044,1.3387746,1.3848629,1.3896031,1.3572236,1.3412528,1.3817222,1.3288885,1.3955405,1.3303188,1.3825333,1.3510823,1.3683403,1.3228202,1.4142066,1.3413951,1.3891574,1.3455806,1.3565842,1.349186,1.3594066,1.3771806,1.3720373,1.394808,1.3701038,1.3686941,1.3670435,1.3950101,1.3241774,1.3568017,1.3415674,1.3369311,1.3751773,1.4214174,1.3453377,1.3443284,1.4027846,1.3966866,1.3536209,1.368637,1.3802712,1.3834237,1.3405033,1.355199,1.3801036,1.42944,1.3297409,1.3951595,1.3604321,1.4050933,1.3893385,1.3698298,1.3647214,1.3797573,1.3432443,1.3598932,1.4039205,1.3777078,1.3447111,1.3511753,1.3015219,1.3872343,1.3969986,1.3522592,1.3470408,1.4069293,1.3740854,1.4109734,1.3528152,1.4005324,1.344073,1.3408697,1.3922462,1.343839,1.3620958,1.3804456,1.4047216,1.3885372,1.372189,1.3712847,1.3942071,1.33874,1.3899108,1.3871491,1.3565007,1.3642235,1.3983656,1.3541288,1.3601775,1.3449048,1.3545554,1.4192933,1.355492,1.399365,1.3866274,1.3526919,1.4004576,1.3515083,1.3180887,1.3904206,1.3624941,1.3954978,1.3658328,1.3956729,1.3866953,1.4013034,1.3592188,1.3810369,1.3407743,1.3203207,1.3643113,1.3927064,1.386204,1.3489887,1.3848115,1.352659,1.3933861,1.3758931,1.34974,1.381669,1.3906844,1.4223267,1.3497125,1.380386,1.37909,1.3662698,1.3603699,1.3503379,1.4018854,1.3500606,1.3801512,1.3816918,1.3783821,1.3790548,1.378377,1.353,1.4168576,1.3236388,1.3500279,1.348243,1.3870131,1.3750851,1.3953228,1.3832772,1.3519894,1.374836,1.4015237,1.365876,1.3839573,1.3674879,1.3985568,1.3638952,1.3888422,1.3664365,1.3820446,1.341156,1.3286272,1.3948516,1.3873514,1.3355234,1.3931434,1.3521622,1.3878199,1.382447,1.3571936,1.3701047,1.3548841,1.3358608,1.3212262,1.3814499,1.3990344,1.3574394,1.3755568,1.3572154,1.3938465,1.3605986,1.4475744,1.3770847,1.3552736,1.3131446,1.3791151,1.3499649,1.4297286,1.3729244,1.3615077,1.3827431,1.3683411,1.3770342,1.3789166,1.3718208,1.3474352,1.3621645,1.3536408,1.4185481,1.3624616,1.3649534,1.3531561,1.3650708,1.369081,1.3946731,1.3422234,1.3695742,1.3863585,1.35998,1.3577079,1.3630488,1.3694562,1.3365877,1.333861,1.3514326,1.3644944,1.3500053,1.3681777,1.3602405,1.3662033,1.3709155,1.3443731,1.3820488,1.399941,1.3730375,1.4084228,1.3935962,1.417387,1.3415606,1.3721805,1.3191068,1.3536179,1.3731807,1.3675375,1.3854662,1.3637605,1.342347,1.3740057,1.3683788,1.3229606,1.3409255,1.3802884,1.367275,1.4166093,1.337386,1.3635069,1.3434541,1.3672292,1.3785973,1.3613175,1.3851037,1.3666618,1.3708906,1.3487216,1.338691,1.3737397,1.3817314,1.392869,1.3962197,1.3487871,1.3535975,1.3373814,1.3930737,1.396176,1.3888528,1.3678795,1.344812,1.3533658,1.3708254,1.3422531,1.3431987,1.3621023,1.340745,1.3702439,1.3464499,1.349197,1.3364798,1.3730576,1.410275,1.394755,1.3976561,1.3721337,1.3455055,1.3472183,1.3422525,1.3989619,1.3303841,1.4072349,1.3827151,1.3556674,1.4005357,1.3400578,1.345323,1.3758483,1.3314166,1.3700665,1.3196763,1.374608,1.3586545,1.3722143,1.3520583,1.3496767,1.3864865,1.3884428,1.3716586,1.3622735,1.327596,1.3681259,1.364291,1.3521042,1.3962867,1.3878515,1.3678175,1.4043807,1.33178,1.3540301,1.3449826,1.3398814,1.3186328,1.3926084,1.3574035,1.3402421,1.357058,1.3873084,1.3511664,1.3666375,1.3546215,1.3992062,1.3802208,1.3699543,1.3794987,1.3519981,1.3662316,1.3724424,1.3524833,1.3510202,1.3788701,1.33514,1.3197887,1.3804412,1.4004431,1.4057857,1.3608007,1.3854874,1.3648413,1.4056288,1.3267857,1.3611746,1.4033629,1.3462622,1.4169662,1.3939027,1.3531878,1.3485029,1.3400025,1.3601607,1.393168,1.3625722,1.3651826,1.384618,1.3660078,1.341473,1.3863558,1.3423843,1.3550943,1.3836843,1.4054761,1.3783672,1.3948419,1.3747852,1.3513985,1.3469678,1.3663936,1.3844645,1.408542,1.3359962,1.3588533,1.3683536,1.3995005,1.403583,1.3896058,1.4054387,1.3760277,1.3726879,1.3786454,1.4045006,1.397094,1.3622342,1.413319,1.383954,1.385974,1.3735731,1.3884284,1.363859,1.4279199,1.3372095,1.342911,1.3965441,1.3801928,1.3969396,1.3880637,1.3805841,1.3598435,1.3971214,1.3446316,1.3824396,1.4067192,1.3876117,1.353465,1.3654623,1.4277716,1.3649173,1.3709749,1.336687,1.4170098,1.3690492,1.3989146,1.3823302,1.3852,1.3618817,1.386981,1.3654006,1.3810942,1.332169,1.3833638,1.3916581,1.3551556,1.3878504,1.3875859,1.3537395,1.3412765,1.3054091,1.3675258,1.3557454,1.3746886,1.3368682,1.4181348,1.3836943,1.3739035,1.3818456,1.3576801,1.3604069,1.3861545,1.3405589,1.3258356,1.4219859,1.3898072,1.3851436,1.3970213,1.387823,1.3877612,1.3488615,1.3822907,1.400244,1.4084656,1.3351811,1.3676573,1.3857942,1.4031144,1.3903232,1.3710622,1.3670621,1.3947462,1.4005134,1.3644596,1.3706002,1.3398058,1.3410008,1.3649421,1.3660753,1.368913,1.356893,1.3370903,1.3363801,1.3901179,1.4012265,1.3694631,1.3619667,1.3490741,1.3434836,1.3510262,1.393331,1.3711647,1.3898311,1.3827033,1.3631225,1.3494807,1.3380871,1.3864938,1.3551491,1.3994771,1.3540387,1.4135615,1.3816899,1.3403815,1.3713125,1.3831468,1.3460761,1.3653624,1.3417795,1.3434294,1.3627294,1.3651074,1.3664927,1.3658832,1.3819429,1.3569319,1.3673456,1.3815885,1.3657824,1.357058,1.3766384,1.3181009,1.3723613,1.3588963,1.4083905,1.3463008,1.31646,1.370892,1.3707085,1.3729947,1.3756866,1.3630717,1.3654795,1.3701607,1.3805978,1.4140271,1.3475909,1.3919295,1.3796151,1.3584263,1.3515978,1.3998188,1.3656448,1.3491664,1.367701,1.3679651,1.3980755,1.3496494,1.3779732,1.3956721,1.3932079,1.3960363,1.4331683,1.3283046,1.3873469,1.355876,1.369788,1.3906107,1.3789706,1.3957123,1.3987808,1.3307989,1.3596419,1.3504126,1.3819964,1.3393993,1.3846263,1.3093399,1.3334699,1.3379754,1.3804845,1.3941296,1.3775364,1.3516709,1.397737,1.3488052,1.3757803,1.3730122,1.3734682,1.3860085,1.3589942,1.2964022,1.3580794,1.3558387,1.3660108,1.3500401,1.3639796,1.3547231,1.3602325,1.3587,1.3807154,1.3457987,1.3896261,1.3689579,1.3455102,1.3828369,1.3397361,1.3879124,1.390361,1.3393269,1.3545017,1.3963373,1.3772446,1.365804,1.3387046,1.3779868,1.3029305,1.355415,1.4039677,1.3587166,1.3037676,1.3583252,1.3667212,1.3536981,1.4010534,1.3897247,1.3206648,1.3965659,1.3730389,1.4224621,1.4054726,1.3659314,1.3597201,1.3851088,1.384874,1.3565679,1.3830714,1.375255,1.3441465,1.3984306,1.3929858,1.38159,1.4038281,1.3823956,1.3817643,1.3612413,1.3368199,1.37524,1.3390127,1.3521951,1.3925211,1.3881102,1.3395149,1.3656788,1.3652425,1.3603489
1.380601,1.3292022,1.3355591,1.4091743,1.3423232,1.4026484,1.3542528,1.368254,1.3984735,1.3398553,1.4171869,1.3814695,1.4194593,1.3521453,1.3846979,1.381969,1.3406951,1.4039565,1.3784088,1.3398588,1.354998,1.3457057,1.374042,1.4311818,1.3690381,1.3321679,1.3431727,1.4253972,1.409985,1.3958321,1.3781135,1.3996319,1.395134,1.368445,1.3915044,1.4159006,1.3841251,1.3962556,1.3986666,1.3934745,1.3599235,1.4051886,1.3783809,1.4250649,1.3515873,1.3604984,1.3469274,1.3967555,1.4303571,1.3653458,1.3724443,1.3766525,1.3445064,1.3837415,1.3297274,1.354173,1.4370842,1.35307,1.4003469,1.3464247,1.4151114,1.3594185,1.4039532,1.3508253,1.3336413,1.3844829,1.3893734,1.3998735,1.3979938,1.3740066,1.3703961,1.3934656,1.4310437,1.3710868,1.4322153,1.36378,1.3507649,1.3505877,1.3951639,1.3656477,1.4114509,1.399739,1.3739815,1.3873408,1.3689564,1.3834324,1.3925793,1.3860446,1.3635169,1.3543973,1.4122049,1.3680881,1.3918083,1.3665689,1.3991675,1.3712236,1.3718674,1.3855692,1.3595302,1.444883,1.398779,1.3136967,1.396358,1.3750045,1.4112562,1.4592893,1.4222363,1.3652955,1.4089248,1.3984673,1.3684363,1.3650995,1.3645043,1.3792801,1.3915746,1.4139214,1.4053521,1.3589733,1.3884891,1.446557,1.3676454,1.3881581,1.3790462,1.4084268,1.3983592,1.3832494,1.3968216,1.3636603,1.4084073,1.3890493,1.3703375,1.319862,1.3995374,1.4010863,1.4114512,1.3862486,1.3529737,1.3513031,1.3962263,1.3824005,1.3794844,1.3827543,1.3861974,1.3739066,1.4092484,1.3990132,1.3997103,1.3452573,1.3822557,1.4097728,1.3629767,1.3966964,1.3804699,1.3825034,1.3264112,1.3890654,1.3631213,1.426039,1.367298,1.4198025,1.3980685,1.337204,1.380754,1.3687428,1.3306222,1.3911103,1.3822098,1.3792725,1.3773875,1.3407298,1.3553725,1.3608464,1.3940654,1.4153758,1.3496826,1.3780457,1.3557242,1.3832716,1.3754784,1.4143893,1.3620465,1.3645585,1.3649304,1.3746275,1.3573401,1.39207,1.3897927,1.3745853,1.371837,1.3842535,1.4213641,1.4056504,1.3653115,1.4127176,1.35171,1.3745828,1.3700294,1.3585279,1.3986065,1.3928225,1.3839594,1.3599931,1.3390087,1.3945302,1.3837558,1.4363555,1.3475499,1.344766,1.3834941,1.4255583,1.373689,1.3775802,1.4149313,1.356032,1.3822706,1.3718054,1.3667502,1.4057755,1.3843375,1.4027438,1.3878858,1.3553969,1.3922917,1.4300468,1.3594552,1.3839,1.3830045,1.3555117,1.4076759,1.355653,1.3554568,1.3965952,1.3833984,1.3881539,1.3862084,1.3827003,1.3767623,1.4167297,1.3552631,1.4072098,1.3394517,1.408754,1.3846132,1.433978,1.3503753,1.390321,1.4056971,1.4128652,1.3594365,1.3329946,1.3917613,1.3780609,1.3995234,1.437521,1.4056168,1.3717059,1.3634992,1.3857914,1.4304061,1.3807805,1.4140621,1.3479272,1.3537225,1.3809127,1.4017843,1.4178584,1.3990289,1.350127,1.4004823,1.3677895,1.3949691,1.3539808,1.4010351,1.3610712,1.3320636,1.3761566,1.3675767,1.4049017,1.3789623,1.3791311,1.4003716,1.364481,1.4157095,1.3531706,1.3966429,1.3500823,1.3960643,1.3700736,1.3687904,1.4107444,1.3686723,1.3871815,1.403945,1.3896867,1.3878887,1.3852816,1.3395884,1.3998859,1.3712372,1.358819,1.3821167,1.4029709,1.3691713,1.3829823,1.4033161,1.351894,1.3765895,1.3812643,1.3952461,1.3855447,1.3962969,1.407953,1.379148,1.3906413,1.3976004,1.3864206,1.4248861,1.4141469,1.384633,1.3872623,1.3849165,1.3819262,1.3875242,1.4090582,1.3740747,1.4279311,1.3547404,1.3940743,1.4197038,1.3890187,1.3897325,1.4159826,1.3922782,1.3761698,1.4079357,1.3967799,1.3487184,1.372666,1.3495939,1.3868216,1.3924315,1.3749714,1.3998988,1.390319,1.3908752,1.4088452,1.397849,1.4172022,1.3823811,1.3709885,1.3600006,1.3694596,1.3930674,1.3652261,1.3817053,1.4032564,1.3689257,1.384548,1.3928263,1.3821853,1.3532429,1.3865024,1.3830504,1.3837851,1.4090611,1.4144125,1.3853225,1.3614533,1.4201492,1.3272027,1.3916794,1.4086542,1.3540602,1.345597,1.3921987,1.3748684,1.3959942,1.3697366,1.4281163,1.3543965,1.3702234,1.3316299,1.4009576,1.3701438,1.3539387,1.3739935,1.4112175,1.3619412,1.3783436,1.4101002,1.3901389,1.4272561,1.3730024,1.3718795,1.3977227,1.3472418,1.341982,1.3803755,1.3660378,1.3674171,1.3560559,1.3860481,1.3660269,1.3994108,1.4429897,1.410329,1.3778135,1.3952456,1.393813,1.419428,1.3913133,1.3646181,1.40811,1.4307775,1.3827,1.4083408,1.3567603,1.4139223,1.381478,1.3824694,1.3494917,1.363257,1.36264,1.3772427,1.3795793,1.3703558,1.3747401,1.4269342,1.3255045,1.4079387,1.4321423,1.3695476,1.4046386,1.4304154,1.4247589,1.391715,1.3571429,1.4169583,1.3488531,1.3691329,1.4199632,1.3646353,1.4180089,1.4091136,1.4177586,1.3774498,1.3851013,1.38691,1.408876,1.3489743,1.3956453,1.4044085,1.3761108,1.3814901,1.4268795,1.3345251,1.3571289,1.3789083,1.3787426,1.4137528,1.3768324,1.4063596,1.4302076,1.3634987,1.3717371,1.3599426,1.3623348,1.3313957,1.3787434,1.4251556,1.3875604,1.3843641,1.3638071,1.4006164,1.4015514,1.3555666,1.361864,1.3464571,1.3777268,1.3775895,1.3769969,1.3354641,1.3699403,1.3667326,1.3626387,1.3671811,1.3745908,1.3898324,1.4439712,1.4068986,1.3776207,1.3864819,1.3830634,1.4532503,1.4037491,1.4203438,1.3798435,1.3779322,1.3927523,1.3745443,1.3658022,1.4041834,1.3726722,1.3453102,1.4391212,1.3351345,1.3737097,1.3801607,1.3714331,1.4223081,1.4031675,1.4068341,1.3476025,1.398634,1.3864149,1.4013187,1.3695056,1.391829,1.4121017,1.4332589,1.4215648,1.3742902,1.4033746,1.3828114,1.358784,1.3752692,1.4284666,1.373864,1.3768342,1.3957503,1.3835963,1.4138062,1.376797,1.3683399,1.3703386,1.3213108,1.2849991,1.3967328,1.4385428,1.4089125,1.3739939,1.3828446,1.360368,1.3812101,1.423643,1.3576154,1.3650454,1.3748186,1.3833468,1.369825,1.3825947,1.3836942,1.3893633,1.3926419,1.4058878,1.4169691,1.4216229,1.3727013,1.3968587,1.4011396,1.3847355,1.40203,1.3631899,1.3670382,1.3709341,1.3872064,1.3781466,1.3823633,1.3333226,1.4088353,1.4250668,1.39303,1.3632133,1.349139,1.3886344,1.3500857,1.3620219,1.378946,1.385873,1.347819,1.4078026,1.3610815,1.3618987,1.3641201,1.3895371,1.4036394,1.3941842,1.4161823,1.4092975,1.4116797,1.4119858,1.3872446,1.3607966,1.331223,1.3770808,1.3577667,1.3989449,1.4010279,1.3935962,1.3877527,1.3615025,1.3809099,1.4024045,1.3715883,1.368877,1.3360603,1.3955286,1.357918,1.4177378,1.3634044,1.3794096,1.4078959,1.3959465,1.3923751,1.3756793,1.4080058,1.38027,1.3697783,1.3740593,1.3618354,1.3369666,1.3685437,1.3696179,1.3749424,1.4117136,1.4412895,1.4061224,1.3901207,1.3627079,1.3702339,1.3645915,1.3640155,1.3899238,1.3485885,1.3764609,1.3914491,1.3851329,1.3901877,1.384353,1.3280452,1.3462957,1.4024341,1.4420743,1.4565427,1.4190879,1.3615416,1.39056,1.3969933,1.397797,1.359187,1.4081997,1.4231253,1.3569256,1.439935,1.3413044,1.4092048,1.3667015,1.3589512,1.3763541,1.339754,1.3713012,1.3529165,1.3422037,1.3753437,1.3545865,1.3742964,1.3868575,1.3958931,1.3768098,1.3995111,1.4203235,1.4055429,1.3629949,1.4093812,1.3671637,1.3792803,1.3911589,1.3695624,1.4038737,1.398822,1.4102613,1.3247887,1.3776277,1.3734676,1.3706875,1.3391829,1.3988688,1.4195127,1.385484,1.3549286,1.3981347,1.376409,1.3770919,1.3913379,1.3693602,1.3537135,1.3838564,1.4291166,1.3628166,1.3787487,1.339721,1.3675592,1.3667878,1.4164426,1.3915604,1.3836813,1.3747938,1.3555615,1.4172108,1.3587005,1.3813952,1.3980899,1.3562343,1.3940322,1.4042734,1.3882644,1.3810744,1.3577162,1.3708626,1.3805269,1.3914332,1.4021744,1.3774112,1.3829625,1.38464,1.38343,1.3430885,1.3622351,1.3769387,1.4022938,1.3824601,1.3950862,1.433271,1.407731,1.3785623,1.3800433,1.4003463,1.3821082,1.3582081,1.3920219,1.3671126,1.3800628,1.4091494,1.3887722,1.3792369,1.3928006,1.3422046,1.3689781,1.4163423,1.4073377,1.3339518,1.4598786,1.4056919,1.4022044,1.4031677,1.4264637,1.3831083,1.3835161,1.3581548,1.3663813,1.399552,1.357417,1.3572825,1.3815632,1.3827013,1.3553922,1.358188,1.3746235,1.3878725,1.4001215,1.4082355,1.3665755,1.399674,1.4254347,1.3997204,1.4039718,1.384278,1.4107015,1.3567861,1.3801385,1.4331644,1.4405017,1.4152839,1.3875151,1.4103489,1.4166572,1.3544885,1.3912451,1.415652,1.3880568,1.3780603,1.3654399,1.3496708,1.3500401,1.3567983,1.3928721,1.3682787,1.3522108,1.3974981,1.3998356,1.394017,1.3907038,1.414891,1.3586537,1.4170914,1.3665872,1.3329042,1.3823043,1.4080539,1.389594,1.4004965,1.3946427,1.384391,1.3913813,1.3199624,1.4142642,1.4096239,1.4425207,1.3727278,1.3872069,1.4252405,1.4213203,1.4106482,1.4069268,1.4004439,1.398617,1.4137595,1.408229,1.3937484,1.3417844,1.3336928,1.3979825,1.3466693,1.337244,1.4122949,1.355745,1.381406,1.3872088,1.3843892,1.3862449,1.3822162,1.3662397,1.3724031,1.3624741,1.4084488,1.4017235,1.3996006,1.3882183,1.3827264,1.3694364,1.4049715,1.4351583,1.3980706,1.3862267,1.3799168,1.4199846,1.3771708,1.3870721,1.412252,1.4006732,1.3562398,1.3807712,1.3287795,1.3884151,1.4053197,1.4232562,1.3956662,1.3685068,1.4312458,1.385873,1.3727334,1.3757758,1.3698213,1.3711456,1.3745208,1.3551159,1.3698518,1.3966749,1.3550994,1.3748481,1.3185067,1.391694,1.4089062,1.3588004,1.379382,1.3735602,1.3716161,1.3999,1.4254014,1.395902,1.4027863,1.402483,1.4036971,1.4088031,1.3518939,1.4420912,1.3497938,1.377035,1.3817471,1.4015574,1.3986403,1.3436347,1.3918196,1.3901536,1.3434458,1.3727844,1.3935997,1.3421264,1.3848753,1.3333144,1.3509718,1.4044092,1.379815,1.355138,1.3729237,1.360717,1.352931,1.357249,1.3449876,1.3989993,1.3942242,1.3532208,1.4208041,1.314588,1.4109392,1.3984326,1.3767216,1.3769803,1.437667,1.3412609,1.3492181,1.4095911,1.368327,1.409727,1.367609,1.3580201,1.3831861,1.377193,1.3624451,1.4042042,1.3481473,1.3666753,1.353239,1.38309,1.3651723,1.3800247,1.4248589,1.3982216,1.38653,1.3834436,1.3299102,1.3866025,1.3828744,1.3814716,1.3777649,1.4134903,1.4147397,1.3900341,1.3793844,1.3714577,1.3247406,1.370524,1.4161792,1.3687022,1.3644459,1.4018321,1.4017305,1.3693311,1.428492,1.3673637,1.4057134,1.3784128,1.394349,1.4512818,1.3939989,1.3641559,1.3325391,1.3850863,1.4293041,1.3663721,1.3545407,1.4030918,1.4021239,1.4215386,1.3936183,1.3811798,1.4241426,1.3536556,1.382594,1.3960834,1.4042188,1.4072876,1.3808206,1.3619739,1.3944216,1.4248468,1.4220566,1.4109648,1.380538,1.3889898
0.23628443,0.2412569,0.21975806,0.27381247,0.20044348,0.24219322,0.23562232,0.24249077,0.2530443,0.26970905,0.29556495,0.24380389,0.23921424,0.2347895,0.24831893,0.27967146,0.21866465,0.22487655,0.25671062,0.280509,0.21764514,0.2613836,0.2388804,0.24894184,0.2420178,0.24826044,0.24261276,0.24846628,0.23979789,0.28752628,0.26182932,0.23886442,0.20500365,0.2681778,0.20971921,0.26369196,0.22469385,0.24195196,0.2510989,0.2639206,0.2686284,0.25274685,0.25267905,0.2299696,0.2636018,0.2327795,0.26348922,0.26845747,0.26740402,0.2511595,0.27181566,0.26043943,0.262042,0.24862126,0.23040839,0.24219982,0.24294263,0.22657542,0.26190603,0.25472778,0.24583049,0.2592513,0.27758974,0.22828524,0.24971221,0.24899313,0.23368502,0.25469184,0.23793313,0.27757093,0.2426222,0.28804463,0.27244073,0.25454706,0.2318614,0.21499917,0.21744111,0.19585583,0.25087768,0.25085217,0.23636445,0.2346409,0.24518831,0.25296205,0.26552272,0.24526131,0.2594059,0.26306108,0.2269332,0.21338855,0.25339484,0.24983506,0.26840073,0.2313647,0.2453941,0.25005496,0.21752614,0.21325311,0.24990785,0.23262063,0.2436617,0.22546679,0.23935866,0.2740116,0.23343068,0.25565925,0.2892847,0.23879686,0.2466408,0.23417096,0.261961,0.2362164,0.26524243,0.2339085,0.24204522,0.25233465,0.2292611,0.24210513,0.21847165,0.23575506,0.25681788,0.21616429,0.24347731,0.22800964,0.26030117,0.26496673,0.2482369,0.28725398,0.25505,0.27993345,0.26843423,0.24328442,0.25107175,0.28649735,0.25379544,0.23421015,0.2638298,0.2769789,0.22082172,0.24141932,0.25732812,0.23863126,0.22921538,0.2446625,0.23598626,0.25213966,0.23248957,0.25215128,0.23080663,0.2617374,0.24762455,0.19929019,0.24307281,0.24687514,0.24769767,0.22564714,0.25478533,0.2645647,0.22808895,0.24095567,0.24357381,0.22457808,0.2612992,0.24467558,0.22710705,0.24167353,0.24082449,0.2134991,0.24610102,0.25711706,0.21068299,0.23630378,0.2689749,0.23469898,0.2378006,0.25473654,0.24680716,0.22542131,0.26401463,0.24779531,0.2475588,0.23585618,0.23938225,0.23908308,0.21539478,0.24435881,0.21515694,0.23174843,0.24601129,0.23395503,0.20824037,0.26489595,0.23450765,0.24360864,0.21704414,0.23836124,0.25335813,0.2536966,0.22729814,0.2781359,0.23329753,0.23634231,0.2538612,0.23141134,0.2717007,0.2622272,0.23558208,0.21738237,0.2565505,0.24054687,0.27487186,0.21192996,0.23722266,0.22977337,0.27586773,0.22736762,0.2671177,0.22356701,0.22679523,0.28923133,0.23166251,0.23926473,0.23112911,0.2555706,0.23027408,0.25114274,0.22286615,0.22588351,0.25881428,0.23467608,0.2664371,0.25552693,0.29039305,0.25853044,0.24261932,0.20761776,0.2492184,0.261691,0.24717957,0.26392505,0.25580075,0.22435912,0.23623404,0.2551846,0.22841108,0.24493925,0.23516165,0.23972878,0.23503652,0.23886356,0.23281187,0.26380575,0.2720652,0.28590325,0.2447958,0.23778488,0.27174267,0.26032752,0.25441706,0.24382776,0.26633698,0.24194482,0.24162968,0.20931244,0.25859275,0.27135044,0.23427095,0.27854016,0.24599305,0.23384154,0.23660403,0.27836332,0.2379504,0.21565631,0.2696815,0.24478659,0.23813859,0.24011153,0.23982559,0.22339807,0.25065315,0.22536257,0.25987914,0.26822665,0.20673752,0.24454685,0.25051376,0.26571003,0.24173175,0.20858756,0.24169838,0.24642716,0.22058114,0.2845437,0.26620477,0.23345289,0.22813998,0.23439214,0.23434034,0.27951735,0.23008387,0.24369553,0.2523159,0.27662137,0.23607354,0.27266327,0.2275199,0.23755504,0.2480754,0.2418201,0.2673309,0.2592001,0.26329648,0.2544357,0.23145765,0.2560213,0.25916362,0.25452206,0.2468561,0.2839609,0.19199127,0.25918737,0.24629068,0.2611162,0.28005347,0.21844131,0.24292967,0.29811022,0.2813525,0.2557963,0.24765044,0.23577082,0.23049857,0.26322836,0.25111032,0.1921083,0.23398593,0.23455176,0.2336004,0.2714087,0.26776525,0.24951786,0.24956223,0.26239255,0.26686907,0.25198722,0.26802376,0.2671434,0.24426366,0.26268786,0.24708498,0.24552019,0.24636523,0.22335449,0.23957214,0.24159986,0.23913494,0.22218764,0.2788223,0.21047188,0.25342262,0.26149017,0.1786443,0.23207098,0.2610464,0.24894154,0.22583228,0.23055078,0.23366529,0.25944534,0.23390964,0.22427511,0.24117385,0.19514698,0.19589081,0.2647193,0.24125378,0.2550593,0.24938706,0.20524782,0.27503484,0.21296096,0.22606212,0.24850261,0.2765273,0.2567875,0.25522578,0.25570154,0.24950042,0.21733934,0.24962279,0.26414502,0.255582,0.2459393,0.24200252,0.26264656,0.21874759,0.2507704,0.24497442,0.21399996,0.25760102,0.24579301,0.21972069,0.26026312,0.22563379,0.23744008,0.21446982,0.24919875,0.23783007,0.228466,0.2104139,0.2422608,0.2545043,0.24457446,0.23833257,0.25584722,0.22576186,0.24044311,0.2161202,0.2574858,0.25774205,0.25581807,0.23960713,0.24925938,0.23399928,0.20958771,0.23447745,0.28243658,0.24838147,0.21474677,0.24131459,0.20299838,0.20069487,0.26072457,0.25147843,0.25263464,0.25897774,0.25164834,0.23814404,0.24985594,0.26422,0.25251943,0.27535102,0.24400654,0.28030223,0.25205222,0.25896746,0.2279576,0.24504003,0.2536244,0.2618854,0.24735424,0.24981865,0.27197093,0.24533235,0.25761566,0.22381261,0.22659756,0.28575963,0.2703537,0.29347968,0.21729574,0.23924261,0.22882941,0.23835641,0.24340206,0.24078386,0.25594428,0.25105068,0.2600903,0.265007,0.26571417,0.21404642,0.26496953,0.2721387,0.27738032,0.25971204,0.25604147,0.22168627,0.26527706,0.22797137,0.22293684,0.25006622,0.2462422,0.22589304,0.2319889,0.22442797,0.25739035,0.23953262,0.2356926,0.24881116,0.25102156,0.25536415,0.24966612,0.2499947,0.2570744,0.23163047,0.2813419,0.27418432,0.22630712,0.25565347,0.26007202,0.24699196,0.19330479,0.22934406,0.2457395,0.26585326,0.25054392,0.25324777,0.2554834,0.24379787,0.21279258,0.22064331,0.22339836,0.22446546,0.26732835,0.2466435,0.27604124,0.22975934,0.24932164,0.26042664,0.24401249,0.2863254,0.2506206,0.22749242,0.19691932,0.23101947,0.23622474,0.22287253,0.2663958,0.2541437,0.25108021,0.227812,0.259492,0.2181269,0.2658449,0.21816733,0.25772756,0.2542662,0.26881433,0.25695392,0.26090628,0.24124317,0.266631,0.247707,0.25190353,0.24311617,0.21786293,0.2260715,0.23021397,0.26727608,0.23513319,0.27011156,0.21894848,0.2008015,0.23968472,0.23940083,0.25027442,0.242319,0.28785497,0.23890355,0.26895878,0.22532023,0.22251275,0.2412937,0.22008544,0.22805479,0.21363592,0.24894351,0.24263482,0.2638217,0.2529935,0.2503429,0.22428729,0.19328974,0.20767093,0.24580862,0.2707594,0.2793512,0.23000714,0.2505176,0.25625166,0.2668326,0.26125833,0.24690127,0.2206586,0.22710188,0.24360791,0.23879752,0.22234857,0.23859921,0.25748962,0.21385819,0.24700458,0.22722077,0.25569227,0.2553363,0.21543041,0.22948757,0.20717464,0.23237772,0.22021934,0.2729337,0.22517294,0.22518215,0.2693884,0.21439344,0.24618107,0.27284777,0.28163278,0.25621542,0.2268441,0.27206498,0.24359402,0.2741079,0.24869962,0.23103133,0.26074994,0.2613774,0.24386197,0.19696859,0.25475478,0.24381816,0.24661064,0.28320974,0.28278977,0.24462096,0.24186277,0.24767235,0.24510029,0.27546468,0.24086843,0.2592718,0.23156491,0.2542308,0.2849576,0.20530708,0.24387532,0.24810144,0.23948678,0.21072611,0.25504696,0.23893654,0.2742629,0.228661,0.25555986,0.25936705,0.24759361,0.26716846,0.20910302,0.28379887,0.28129226,0.19902107,0.27264643,0.23395577,0.24738386,0.20898214,0.28037363,0.23888713,0.27822578,0.24673456,0.22630137,0.25218618,0.20611387,0.20780899,0.20664194,0.23254296,0.24355829,0.24159437,0.23445451,0.21483468,0.258491,0.23165873,0.25564635,0.24059406,0.25185716,0.23747414,0.26155007,0.23076639,0.23559655,0.21686772,0.24535044,0.22732762,0.22973433,0.23439708,0.25839782,0.24975863,0.25091392,0.26296076,0.21910767,0.24785706,0.2907817,0.22398897,0.25869665,0.24742547,0.2399644,0.26062346,0.27578914,0.22897123,0.25356176,0.24569842,0.24475761,0.23816979,0.26976734,0.21863037,0.22573283,0.24426034,0.24271719,0.26254994,0.22523129,0.21018904,0.25611404,0.24505259,0.24004766,0.24756953,0.23259267,0.23633447,0.21468745,0.26192284,0.25233316,0.25911647,0.22326358,0.23069361,0.24172652,0.28235593,0.25221825,0.22117782,0.23535681,0.23278388,0.23399144,0.24975088,0.26029554,0.27981898,0.26069635,0.23872185,0.2430695,0.26626086,0.22400936,0.2331382,0.24064958,0.24940011,0.24466312,0.28156945,0.26135424,0.27823025,0.24038602,0.21284464,0.27012703,0.2600593,0.2551779,0.25642627,0.24880145,0.21485576,0.27430448,0.24080327,0.26467294,0.2831425,0.22439548,0.24060078,0.24999097,0.22874105,0.246204,0.26910058,0.25382861,0.21725033,0.25539297,0.21229753,0.2136452,0.25997734,0.258462,0.21222523,0.26508483,0.24669522,0.23723993,0.24247369,0.28063732,0.2783977,0.25583133,0.24279413,0.2072946,0.22408919,0.25466412,0.25335643,0.24118966,0.24701752,0.23066229,0.27229095,0.23150072,0.26011366,0.21118745,0.21923625,0.25900295,0.25189316,0.26737398,0.29275644,0.26298213,0.23764902,0.24509145,0.24327667,0.23565361,0.2673301,0.24542321,0.24132496,0.25035733,0.24512944,0.26053998,0.23205814,0.2658013,0.278643,0.21854138,0.2568489,0.22709784,0.2890795,0.22352025,0.23775436,0.25609073,0.25265458,0.2704631,0.25170958,0.21551445,0.2889823,0.24189389,0.26931268,0.27071437,0.24873872,0.2516644,0.25910097,0.27197114,0.23230919,0.21950534,0.22137168,0.24003857,0.2621218,0.23203453,0.22694848,0.23795836,0.2734606,0.2665335,0.24860099,0.2638274,0.21561272,0.23277937,0.22654068,0.2490108,0.24448034,0.25618172,0.25341165,0.22414584,0.23909074,0.2566293,0.22172302,0.22256644,0.22632125,0.25980046,0.2597178,0.2527149,0.24407777,0.28578967,0.26117462,0.27648735,0.2809949,0.25667843,0.23867887,0.2680624,0.2312989,0.23362911,0.23151001,0.22132474,0.25882515,0.23916976,0.23931503,0.23392099,0.2612408,0.286481,0.23830563,0.2617655,0.2897865,0.2649149,0.2412707,0.23881564,0.22411883,0.20908114,0.23443313,0.25018382,0.25696203,0.2558602,0.26008427,0.2176857,0.22691745,0.28649902,0.26180094,0.23712656,0.24597308,0.24441367,0.2605862,0.24587062,0.25505278,0.24958149,0.25210178,0.23551935,0.24437529,0.2401876,0.22540843,0.23721416,0.2552185,0.24115485,0.2530976,0.24558778,0.23167825,0.24467722,0.2541641,0.24184911,0.20586038,0.21707357,0.26646197,0.22802667,0.2627615,0.25719678,0.2565848,0.23619851,0.26868472,0.21707582,0.2864507,0.25817895,0.24559817,0.23968121,0.25582013,0.26108387,0.2637282,0.2483708,0.23387073,0.22404835,0.2654023,0.22279817,0.22346975,0.21130298,0.24488406,0.25462842,0.25004083,0.26199514,0.24710849,0.25267103,0.26135832,0.2523082,0.22259682,0.23087631,0.22329837,0.24332619,0.2596115,0.22330278,0.22832845,0.2708673,0.26406914,0.23831493,0.26880267,0.27393806,0.28242952,0.21474463,0.24652559,0.22524327,0.2239623,0.25328496,0.24717008,0.22399116,0.28335345,0.20530675,0.24967349,0.25581622,0.23130308,0.2756234,0.23081014,0.25714362,0.22456929,0.26351446,0.2926268,0.26209822,0.25048146,0.22853401,0.21771148,0.22664846,0.27361915,0.22715507,0.23569256,0.24698326,0.2475963,0.2757591,0.2507662,0.2409212,0.27480718,0.31212974,0.25453228,0.2538126,0.21594563,0.26404798,0.21496859,0.25025183,0.24727765,0.23358074,0.24663556,0.26454335
1.6140543,1.5849452,1.5898759,1.605506,1.6037009,1.615391,1.5986137,1.5847784,1.6384206,1.59925,1.621971,1.6277201,1.6103402,1.6140249,1.5941166,1.610364,1.5851735,1.646616,1.6199312,1.5884777,1.6238993,1.585615,1.6187985,1.6443924,1.6009114,1.5776747,1.6069307,1.6369551,1.6225673,1.629212,1.6068207,1.6133577,1.6067628,1.6020309,1.5853544,1.615102,1.6039063,1.6430137,1.6075411,1.6065638,1.6103122,1.6161363,1.6101025,1.6145394,1.584307,1.6060692,1.6378338,1.6519467,1.6240143,1.5941672,1.6090205,1.6438726,1.5967007,1.6244829,1.5763562,1.5932249,1.6503966,1.6028402,1.6372887,1.5904202,1.6320728,1.588446,1.6206348,1.6058108,1.592397,1.6315081,1.6192849,1.6331626,1.6066629,1.6461896,1.6161397,1.609796,1.6498239,1.6112007,1.6644732,1.6075636,1.5691078,1.5652378,1.6283056,1.6214077,1.6565378,1.6138536,1.6327045,1.6103134,1.6018229,1.6157308,1.6141607,1.6077292,1.5931518,1.6131575,1.6225243,1.5994186,1.6362731,1.5879396,1.6217334,1.593261,1.6123581,1.630102,1.5865717,1.6105667,1.6221731,1.6151645,1.6101085,1.5864179,1.6564424,1.6653522,1.6289167,1.6117573,1.6583123,1.6249497,1.5916628,1.6160275,1.5980736,1.5738328,1.6437345,1.6390114,1.601732,1.5782571,1.60137,1.6579317,1.5967813,1.615928,1.590943,1.628184,1.6560111,1.6341141,1.6276357,1.6024069,1.6367588,1.6046226,1.6367954,1.5289654,1.6329978,1.6347373,1.639158,1.6279204,1.5965884,1.6061691,1.5951407,1.614699,1.6183894,1.6355718,1.6194639,1.6057568,1.6484797,1.5911468,1.6205928,1.5756935,1.571049,1.6252234,1.6092678,1.5928434,1.6270972,1.6305268,1.6076314,1.6077358,1.6029396,1.624137,1.5967458,1.6383297,1.6098263,1.5746101,1.617809,1.6110082,1.5604963,1.6103609,1.5784326,1.5866258,1.5916452,1.6226171,1.5887344,1.5994498,1.6401849,1.6485729,1.5659964,1.6208155,1.6274991,1.5947864,1.6023791,1.6457028,1.5713998,1.6237075,1.5833642,1.6107212,1.588948,1.5938479,1.6291702,1.6106912,1.569388,1.5735853,1.6481804,1.6016504,1.5851996,1.6351768,1.5769064,1.6262364,1.6304694,1.6086187,1.6625966,1.6159045,1.614181,1.6062785,1.5896413,1.5970018,1.6368523,1.6499586,1.6096498,1.5883441,1.610814,1.618625,1.6198875,1.5505574,1.6630692,1.5827026,1.6083459,1.5953526,1.6065826,1.6320342,1.6203331,1.6483463,1.614092,1.5924686,1.6192071,1.6430814,1.5994459,1.6078887,1.6539271,1.5841358,1.6621311,1.593873,1.5968891,1.606129,1.6110357,1.6217436,1.6217077,1.6397178,1.5833956,1.6523331,1.5993066,1.6417813,1.5765165,1.6319338,1.6413428,1.6455123,1.6076106,1.6078385,1.6241198,1.6254611,1.5830204,1.5734621,1.618536,1.6264354,1.6334658,1.6368847,1.6516124,1.5942351,1.5890747,1.6177522,1.6290355,1.6101264,1.635975,1.5836513,1.5977799,1.6065738,1.6048839,1.6470549,1.6286446,1.5919371,1.6404533,1.5737314,1.6388137,1.6328002,1.5934328,1.5938773,1.6181294,1.628672,1.5836266,1.6269972,1.6176598,1.6061037,1.6534185,1.6109004,1.6507461,1.6330323,1.6571437,1.6093369,1.6275582,1.598267,1.6168498,1.6262069,1.5812048,1.6535107,1.6308042,1.618789,1.5962231,1.592537,1.608856,1.6155101,1.5831743,1.6219712,1.6080415,1.6136158,1.5884962,1.6044235,1.6417795,1.5959082,1.6193422,1.5970578,1.6221678,1.6207741,1.6153558,1.6117942,1.6073699,1.6135359,1.5992591,1.6075828,1.6217383,1.6700735,1.6066399,1.5971873,1.6190383,1.6078153,1.6391011,1.6444165,1.6144317,1.6386737,1.5906894,1.6287332,1.6336157,1.6404011,1.6183454,1.6293813,1.6011716,1.6172324,1.6362581,1.6156801,1.6011368,1.6001084,1.5857687,1.6311485,1.6273896,1.6194267,1.6300014,1.6156045,1.6257273,1.6232964,1.6045858,1.6409425,1.617018,1.6529949,1.6044911,1.6087995,1.5875704,1.6147672,1.61015,1.6296952,1.6021158,1.6289077,1.6266068,1.5943614,1.5810431,1.602029,1.6070243,1.6099207,1.5979456,1.6377856,1.6292548,1.595,1.6938184,1.5819718,1.6182271,1.666527,1.579227,1.541893,1.5918944,1.5844623,1.6187155,1.6252813,1.6370499,1.6053199,1.6163812,1.575143,1.6203783,1.6161402,1.6111704,1.5923262,1.6013399,1.5742203,1.602917,1.6537392,1.596269,1.6473366,1.627549,1.6362538,1.6114824,1.5924358,1.6015518,1.6134201,1.616868,1.6179326,1.593493,1.6310275,1.5953156,1.6185548,1.6608655,1.6476914,1.6174254,1.6218827,1.6246651,1.6285102,1.5929317,1.5938023,1.621551,1.637742,1.590785,1.6456447,1.5915475,1.6415766,1.6263989,1.597584,1.5923666,1.6390843,1.5770828,1.6338294,1.6174394,1.6424077,1.586537,1.6272167,1.5460893,1.6203138,1.6420192,1.593902,1.6187857,1.6331959,1.6479933,1.6330557,1.6091511,1.6532199,1.5725812,1.6125032,1.6398587,1.6288818,1.6278784,1.6262543,1.6292279,1.6044055,1.6321839,1.6046598,1.6254193,1.6168168,1.6051824,1.6315444,1.6311562,1.6303614,1.67507,1.6002871,1.5822066,1.6254494,1.6013513,1.6542819,1.611487,1.6172532,1.6387091,1.6047795,1.6101104,1.6072445,1.5900353,1.5991503,1.623022,1.6354535,1.5969219,1.6298237,1.5697366,1.6205761,1.6114199,1.589081,1.5881932,1.59932,1.6192013,1.6240749,1.6043676,1.6061182,1.6266228,1.6305405,1.6013925,1.6509185,1.6152425,1.6457083,1.6726836,1.6460027,1.591393,1.5844531,1.588207,1.6345905,1.6341245,1.6202953,1.6162946,1.6338315,1.6235281,1.608079,1.6139517,1.661776,1.6499364,1.5660691,1.6445845,1.5717818,1.6153885,1.6165829,1.638007,1.6053398,1.606933,1.6348623,1.5799472,1.6324042,1.6325648,1.6221576,1.6509161,1.6152205,1.6470355,1.6240908,1.6411159,1.581557,1.6507609,1.6177256,1.6125423,1.6271963,1.6387695,1.5944959,1.6117177,1.6033338,1.6126684,1.6218262,1.5989125,1.6056685,1.5829579,1.6005005,1.5637003,1.5964191,1.640618,1.6288034,1.6290722,1.6423545,1.6068035,1.6163013,1.6400415,1.6175078,1.5869508,1.5870671,1.5844964,1.603138,1.6531088,1.6073126,1.6154264,1.6019922,1.6142188,1.6131756,1.6682578,1.5971737,1.591216,1.5894907,1.6235762,1.671304,1.59482,1.5837712,1.6323056,1.5902425,1.596513,1.6414138,1.6163274,1.637096,1.6212392,1.611558,1.5774146,1.5893394,1.6141949,1.5607677,1.6161022,1.609015,1.6226088,1.5914234,1.6166949,1.6305507,1.624849,1.6098335,1.6158355,1.6438317,1.6364373,1.6467913,1.6369901,1.623414,1.6190302,1.6157024,1.59727,1.5966526,1.58119,1.6047593,1.6284249,1.6205934,1.5990354,1.6041712,1.5759236,1.6217177,1.5810438,1.6091299,1.6338823,1.6136372,1.6066703,1.5981948,1.6333227,1.6136698,1.6119165,1.6201781,1.6287327,1.6249943,1.6112418,1.5913186,1.5917623,1.6243883,1.5837497,1.5976397,1.5904986,1.598722,1.6163713,1.6083889,1.646673,1.6402524,1.609313,1.6171563,1.6065019,1.6033157,1.5936605,1.6317586,1.6016979,1.6057,1.5907198,1.5976095,1.6051459,1.5855293,1.5961798,1.5682194,1.6189364,1.6353773,1.6634662,1.6854517,1.6292032,1.600901,1.5788852,1.6132343,1.6068647,1.5638424,1.6518277,1.6189753,1.6162428,1.6733129,1.5850723,1.6285738,1.6094961,1.6209714,1.6128706,1.595656,1.6305431,1.588209,1.5552751,1.590034,1.586849,1.6177423,1.6115324,1.6541278,1.6232473,1.6025052,1.6273478,1.6328509,1.5808326,1.631353,1.6143323,1.600049,1.5936853,1.6040564,1.6104844,1.5988319,1.6075567,1.5592602,1.5921553,1.5748818,1.5927294,1.5868059,1.5716215,1.6359576,1.5983168,1.617489,1.6054275,1.6329969,1.6231344,1.6095321,1.597313,1.6251553,1.6211883,1.6157343,1.5926089,1.6070588,1.5972577,1.574244,1.6259739,1.6561733,1.6507378,1.6202188,1.6225021,1.5893443,1.6309522,1.5925435,1.602574,1.6450766,1.597975,1.6394379,1.6298068,1.6128502,1.5854893,1.5922432,1.6341908,1.6292472,1.6083453,1.6300011,1.626019,1.5933042,1.6090877,1.6324849,1.5863525,1.5845145,1.5929743,1.6328887,1.6317538,1.6297534,1.6272355,1.6211343,1.6047202,1.6409682,1.6532553,1.6340948,1.5781325,1.6072981,1.6179343,1.6150041,1.6155816,1.6169611,1.6181996,1.6148211,1.6260245,1.6216063,1.6019999,1.6128248,1.5981224,1.669683,1.6417693,1.6509446,1.6296093,1.6567128,1.622448,1.6466047,1.5634395,1.615761,1.6095675,1.5947996,1.6236312,1.6130829,1.6008143,1.5750241,1.5840707,1.5911015,1.6030744,1.6514864,1.619402,1.6007085,1.5923868,1.6505486,1.6237593,1.6476341,1.6425815,1.6525306,1.6308113,1.6245276,1.60766,1.6306008,1.6229208,1.614285,1.6210798,1.6427549,1.5656178,1.6321539,1.6422043,1.6321923,1.6143463,1.6210444,1.6223494,1.6059315,1.5983196,1.6056485,1.6273865,1.6149582,1.6018437,1.6514356,1.59772,1.593808,1.6131157,1.5846574,1.663053,1.5935243,1.5648198,1.575616,1.6237864,1.6113917,1.6396594,1.6209695,1.6256508,1.5976275,1.6231924,1.6676673,1.65103,1.6678329,1.6013358,1.6236181,1.6325803,1.660775,1.6540918,1.64222,1.6287214,1.6554583,1.6265963,1.5923364,1.6136832,1.6081223,1.5974072,1.6085794,1.5987574,1.5675759,1.6158943,1.5910378,1.6038353,1.6348073,1.6307511,1.6128417,1.600383,1.5923674,1.6391381,1.5690163,1.6451609,1.6364646,1.640956,1.6022029,1.652802,1.60451,1.6058499,1.6323005,1.6211618,1.6206497,1.6081669,1.651207,1.6297488,1.6141217,1.6297671,1.6557736,1.6206343,1.6161015,1.5993348,1.5852866,1.6376292,1.6372155,1.6114025,1.6226761,1.632294,1.6215515,1.5753151,1.6029106,1.6150585,1.5883843,1.6187974,1.5997802,1.647549,1.627076,1.6198373,1.6159666,1.5887165,1.6003026,1.6168587,1.6030297,1.6413562,1.6408423,1.6508483,1.5938455,1.6434774,1.5905509,1.6392505,1.6214639,1.6728083,1.6086627,1.6211296,1.6447514,1.5731227,1.5951431,1.630688,1.6167094,1.6304868,1.6074146,1.623689,1.6084563,1.6149274,1.6156031,1.6461788,1.5889375,1.6369512,1.5891424,1.6234319,1.6301311,1.6280135,1.6199472,1.5890524,1.596821,1.5902219,1.5909674,1.64297,1.6162609,1.623945,1.5756291,1.6257473,1.5997263,1.6700788,1.638291,1.642606,1.5486866,1.6747488,1.600107,1.5860064,1.6430645,1.6392089,1.659683,1.5986537,1.5970194,1.6302345,1.635414,1.6220611,1.6465307,1.5578852,1.6210369,1.5918045,1.5933636,1.6194181,1.6081773,1.6470088,1.6256024,1.6194929,1.625751,1.6031073,1.6348577,1.6188221,1.6236178,1.6287556,1.6562296,1.6147139,1.6319712,1.5990598,1.6144369,1.6041831,1.5954219,1.6268893,1.6120758,1.5750215,1.6307956,1.6152164,1.5822854,1.6145346,1.5949088,1.5883632,1.61357,1.6250567,1.6480633,1.6129279,1.5896022,1.6177936,1.6160351,1.6242573,1.6335889,1.6225399,1.6280149,1.6272417,1.6515516,1.6368768,1.6089768,1.6454899,1.5700285,1.6272553,1.63889,1.6338469,1.6291838,1.5814123,1.6145904,1.6137726,1.6520202,1.6282094,1.600772,1.6107249,1.595629
1.1614683,1.2243105,1.227179,1.2069277,1.2083185,1.1756505,1.2361019,1.1742673,1.1725386,1.2615141,1.2578232,1.2191103,1.1940705,1.1993148,1.2073015,1.2438583,1.1803138,1.2365808,1.1901361,1.2391773,1.2278999,1.216627,1.2025884,1.2373624,1.1759676,1.1555804,1.2483444,1.1640475,1.201897,1.2261084,1.2170742,1.1817173,1.1790234,1.1654451,1.1943828,1.2095597,1.1918029,1.2114228,1.2129102,1.2076731,1.2040051,1.2415481,1.1906059,1.190621,1.19147,1.2216841,1.2433149,1.1961998,1.1680672,1.1699297,1.1812897,1.2288488,1.2251116,1.1883456,1.2333719,1.1800125,1.2384287,1.2174112,1.2280755,1.218184,1.1940272,1.1724516,1.2071404,1.2312275,1.219528,1.2249501,1.1757233,1.1971575,1.2245804,1.2493702,1.1946849,1.2131635,1.1955855,1.1829057,1.2271498,1.2103695,1.1877022,1.2326424,1.1987982,1.1983622,1.2229033,1.1815879,1.2061498,1.1849421,1.2109133,1.1815865,1.1928113,1.2008632,1.1947418,1.2205392,1.2340251,1.1759051,1.2291476,1.139628,1.2130367,1.1698493,1.227608,1.2317971,1.1845129,1.222786,1.2063749,1.2482831,1.180045,1.2023145,1.2598069,1.2252951,1.1670418,1.214888,1.155199,1.2001016,1.1693122,1.1815393,1.1897376,1.2047622,1.2136216,1.2463517,1.1890335,1.227137,1.1924205,1.2231574,1.2104853,1.2703438,1.1774621,1.2272271,1.2357234,1.2190454,1.1931006,1.1957345,1.2034618,1.2005038,1.1633413,1.2033757,1.2014375,1.2472205,1.2227991,1.2436963,1.1821729,1.1726909,1.2284498,1.257679,1.2245567,1.1858782,1.2123368,1.2266765,1.1718065,1.2401261,1.2280791,1.2022247,1.2201366,1.2231243,1.2179751,1.1883191,1.1983559,1.2417722,1.1733735,1.19813,1.2047205,1.2083915,1.1774452,1.2099252,1.1716475,1.2048922,1.1982508,1.2156698,1.2126069,1.1815294,1.221504,1.1646663,1.2209301,1.243877,1.2370793,1.2144058,1.2117046,1.2408522,1.1841271,1.2180502,1.2142503,1.1842855,1.215514,1.2210269,1.1880292,1.2172707,1.2377973,1.202435,1.1861124,1.1724029,1.2586873,1.2207764,1.2118068,1.1733615,1.2510194,1.2169836,1.2213942,1.2057028,1.1615036,1.1839292,1.2159605,1.2096157,1.1910124,1.1700994,1.2000599,1.2383405,1.16004,1.1761923,1.1883289,1.211251,1.2137607,1.1874084,1.1818584,1.2094965,1.1346508,1.1764272,1.2396784,1.1809813,1.203187,1.2118902,1.1948646,1.2426488,1.2092376,1.2250024,1.1815631,1.2005243,1.1829399,1.1799569,1.1842841,1.2473557,1.2264442,1.2294929,1.2140648,1.1977301,1.2459375,1.1999688,1.1978816,1.2393869,1.2436022,1.2403983,1.1941093,1.2440529,1.1906611,1.1911063,1.1699954,1.2012758,1.2583824,1.1975971,1.214112,1.2409464,1.1951177,1.2032256,1.1837626,1.1900102,1.2267932,1.2201213,1.2471682,1.233283,1.2247233,1.2185367,1.1844476,1.2005734,1.2188158,1.2289548,1.2430115,1.2149467,1.1743294,1.2051418,1.2103387,1.2246141,1.2279469,1.2263694,1.208943,1.1824185,1.2032975,1.2062593,1.1902454,1.2209374,1.1811152,1.2014387,1.1867694,1.2160887,1.2087694,1.2314844,1.184881,1.2193601,1.205365,1.2341236,1.2402356,1.2019454,1.2157164,1.1956848,1.2312261,1.1954095,1.170734,1.1760528,1.2164668,1.2225031,1.166709,1.214073,1.1925884,1.2523978,1.2062864,1.1607372,1.2065027,1.1831881,1.2410065,1.2343986,1.2081857,1.2169,1.1963515,1.2082535,1.2584409,1.2249323,1.1667283,1.2066116,1.184866,1.2313242,1.2158504,1.2362117,1.1938087,1.2304904,1.1979614,1.2114646,1.193705,1.2201682,1.2176981,1.2124804,1.1973108,1.205495,1.1980026,1.2202394,1.2104145,1.1839738,1.2654474,1.2429065,1.151309,1.1992742,1.2236879,1.1925478,1.1826891,1.1606277,1.2378461,1.2222316,1.2074703,1.2038165,1.2268858,1.2052807,1.2001381,1.1967717,1.1754341,1.2161242,1.1899668,1.2466627,1.2288182,1.2010852,1.195459,1.1711676,1.2638807,1.143757,1.1993396,1.2090311,1.235642,1.1834337,1.1966925,1.2030298,1.2228796,1.1763781,1.2141616,1.178365,1.1589164,1.2219579,1.2168846,1.2268896,1.2367507,1.2157385,1.2033292,1.1772957,1.19522,1.1634606,1.1987168,1.1883875,1.1903807,1.21988,1.2319666,1.2386574,1.2381128,1.1836635,1.2003659,1.1926181,1.166192,1.2174212,1.2348089,1.2048674,1.2249779,1.21364,1.2583599,1.2505535,1.1815902,1.18986,1.2001119,1.2171025,1.2247887,1.2007349,1.1994605,1.2110561,1.246388,1.2029425,1.2185724,1.2384782,1.220117,1.2440984,1.2442902,1.188233,1.1704855,1.1905727,1.2377341,1.1784309,1.154604,1.2610404,1.2145319,1.2306747,1.2424587,1.22031,1.1703529,1.2477865,1.2057754,1.1951932,1.2226547,1.2390563,1.2253671,1.2058548,1.2078817,1.1951371,1.1782299,1.2442186,1.194336,1.2222905,1.192698,1.2295051,1.2069069,1.1995902,1.2286239,1.2069241,1.2330823,1.2209935,1.2153678,1.1937943,1.2066088,1.2100952,1.2018089,1.2122965,1.1847575,1.2591767,1.2391318,1.195509,1.2015932,1.2322702,1.2181488,1.2136543,1.2037777,1.2083391,1.1737738,1.2375154,1.241935,1.2310234,1.2068473,1.1874294,1.2347498,1.2358065,1.2311617,1.2326173,1.1674838,1.2271218,1.2204372,1.2341286,1.1633416,1.1704156,1.1915237,1.2012168,1.1610678,1.1799074,1.1933544,1.2193948,1.238657,1.2195127,1.2444516,1.1787932,1.1731892,1.2367526,1.2024835,1.2479346,1.2246433,1.2224013,1.228166,1.2179933,1.1783803,1.1762958,1.1846801,1.2059916,1.2041142,1.2002993,1.1487117,1.2241979,1.2317642,1.1739496,1.2124957,1.1913427,1.2404162,1.2360972,1.1907917,1.2182287,1.1719799,1.2193828,1.2166394,1.1875752,1.2151579,1.2637422,1.2199217,1.1794553,1.2251073,1.2059642,1.2334994,1.2575328,1.2085272,1.2098914,1.1766115,1.1965712,1.2389078,1.1885978,1.2107697,1.2068613,1.2412801,1.1813197,1.2386911,1.2004184,1.2201129,1.2270092,1.208911,1.2302514,1.2029243,1.2319341,1.1725006,1.1943411,1.2322514,1.2161306,1.2318728,1.2397951,1.232234,1.2418524,1.2169113,1.1954839,1.215449,1.2155687,1.2526354,1.2528358,1.1591591,1.219172,1.2015518,1.2044472,1.2197789,1.1847028,1.1959856,1.1536111,1.1529752,1.2042136,1.2179047,1.1818622,1.2340634,1.1920712,1.1996686,1.2277794,1.1949471,1.2251744,1.1877693,1.2270921,1.1929647,1.1759654,1.2386148,1.1927704,1.2109698,1.1931711,1.1826048,1.1754365,1.1874379,1.2358392,1.2328204,1.2184441,1.2015269,1.1760639,1.1732696,1.1977522,1.1915737,1.2189631,1.2525507,1.1983039,1.2121485,1.2205282,1.1741602,1.2028221,1.2043442,1.1945293,1.2398161,1.2099895,1.1810696,1.2433434,1.1621463,1.2337699,1.2215751,1.2226176,1.2267822,1.2022738,1.1715009,1.1988214,1.1809987,1.1991342,1.2349827,1.1891644,1.1895539,1.1775501,1.2210648,1.209878,1.2325162,1.1668162,1.2626559,1.2048936,1.1967229,1.2048099,1.2290384,1.2327735,1.1919734,1.2031404,1.2105453,1.1952703,1.1938843,1.2209979,1.2009455,1.2084417,1.2031224,1.2000091,1.2018745,1.1955014,1.1715363,1.2179016,1.2039716,1.2161978,1.238503,1.2367051,1.2132962,1.1893338,1.1667476,1.1852331,1.2337891,1.2174156,1.1708592,1.2104273,1.198763,1.2077949,1.2105356,1.181778,1.2184362,1.1572663,1.1957856,1.1881274,1.2093291,1.2047062,1.1815683,1.2096311,1.1998229,1.2154056,1.1974156,1.2436465,1.2096583,1.1887813,1.2115549,1.216942,1.150305,1.2145419,1.2517887,1.1727333,1.2271744,1.2065299,1.205593,1.1702933,1.2056009,1.2111607,1.2100489,1.2046472,1.2077854,1.1492014,1.1810023,1.199698,1.2065415,1.2049285,1.2082449,1.2086252,1.2341716,1.2291138,1.1671548,1.209416,1.2079612,1.2420286,1.1811123,1.1946255,1.1977309,1.169869,1.2291548,1.2365342,1.2256612,1.2597765,1.2103125,1.1964219,1.2277267,1.1839056,1.2102271,1.2017835,1.1912922,1.2117435,1.213796,1.1886152,1.2188172,1.2113012,1.2393495,1.1878842,1.2138034,1.2020508,1.2304559,1.1737199,1.2056274,1.2380134,1.1887236,1.1983854,1.1799833,1.2205489,1.2664055,1.2075807,1.2074814,1.2072518,1.1872226,1.232541,1.176175,1.2238216,1.205346,1.1766794,1.2244035,1.222144,1.1932743,1.1995348,1.2055438,1.2224654,1.22356,1.2066827,1.2270496,1.1894685,1.1996123,1.1951925,1.2226486,1.2529352,1.203107,1.205902,1.2148569,1.2261579,1.1550828,1.1978496,1.1925333,1.1930155,1.2127349,1.2178566,1.1996396,1.1905632,1.2479706,1.2222383,1.189217,1.2449274,1.1956775,1.1820022,1.1967709,1.2541949,1.2221845,1.2342075,1.2369921,1.2302748,1.2340372,1.1933459,1.2156868,1.1924438,1.2077022,1.1994658,1.1997061,1.236175,1.1818569,1.1965871,1.23046,1.1789163,1.2213882,1.2542492,1.1934214,1.2009938,1.2231133,1.1844772,1.227855,1.2203878,1.2050197,1.2306806,1.180361,1.1889706,1.2193494,1.207028,1.210324,1.2184539,1.1720608,1.1589003,1.2339153,1.2300056,1.2156246,1.1991806,1.2277708,1.2176871,1.2181451,1.2165883,1.2178702,1.2331553,1.2098116,1.2244747,1.1923409,1.2105178,1.2226477,1.2086864,1.1937153,1.2155942,1.2335973,1.1935675,1.2285769,1.2114389,1.2376446,1.2044042,1.2454678,1.2349042,1.2498806,1.2045635,1.1862457,1.203726,1.2441491,1.1882577,1.2218596,1.198896,1.1778104,1.1971596,1.2563498,1.2344204,1.2007055,1.1982015,1.2280091,1.2122793,1.164939,1.1825882,1.196701,1.217551,1.1765759,1.238786,1.2410848,1.183183,1.1970516,1.248266,1.1840836,1.1677431,1.1959453,1.2259412,1.2367249,1.2035184,1.1565558,1.2431902,1.2218993,1.1836482,1.1851909,1.1978098,1.2401328,1.1707575,1.2010419,1.1772268,1.203679,1.1985798,1.224371,1.2247726,1.208945,1.2110562,1.2179393,1.2111892,1.2610241,1.2165622,1.2287292,1.2130126,1.2208915,1.1804272,1.1981096,1.2491069,1.2067084,1.2298859,1.2156037,1.207853,1.205661,1.186515,1.2013,1.1844693,1.2226008,1.2113843,1.18066,1.1766536,1.2121325,1.2051961,1.2434969,1.1930254,1.1980381,1.2384712,1.1877955,1.2534696,1.218782,1.2107131,1.2425871,1.1792852,1.2019961,1.2221268,1.2577083,1.1662431,1.196846,1.1821066,1.2215676,1.1970671,1.2039006,1.2029128,1.2415181,1.1542581,1.2135098,1.2174636,1.2093669,1.2404094,1.2074132,1.2360193,1.228219,1.1810647,1.211181,1.2302972,1.1955074,1.2267145,1.1845996,1.176431,1.2146721,1.1916375,1.2411703,1.2153165,1.2049555,1.2151271,1.2330674,1.2146219,1.2125673,1.2285885,1.207039,1.2514844,1.1912735,1.2468418,1.1866288,1.2070332,1.1918449,1.2468222,1.2108953,1.1935594,1.2080973,1.2170192,1.1920787,1.2103767,1.1962967,1.2141174,1.1727798,1.1956542,1.167369,1.2329712,1.2234656,1.2276443,1.2230475,1.2015052,1.187465,1.2037773,1.189217,1.2107428,1.1896731,1.2024432,1.1661283,1.2345353,1.201374,1.1771122,1.1878425,1.2245325,1.191608,1.2014921,1.1816925,1.2138996,1.2035962,1.2315123,1.2259989,1.2656767,1.2230096,1.179442,1.1731049,1.2386098
1.5215342,1.4932017,1.5668875,1.5124291,1.492755,1.4647667,1.5072627,1.515882,1.5043421,1.5508275,1.5056151,1.4909719,1.4801018,1.5075042,1.5086579,1.523161,1.5230434,1.4931355,1.474659,1.5066302,1.5134038,1.4898484,1.4745749,1.5649766,1.4967086,1.458928,1.4952594,1.5272187,1.5067983,1.5498705,1.5333068,1.4961833,1.5201362,1.4882315,1.5105596,1.5347362,1.5036547,1.5242839,1.5248746,1.4985638,1.4599142,1.4780571,1.5405214,1.4988874,1.4898927,1.536662,1.4789059,1.5089886,1.5109631,1.5252285,1.5112395,1.4800856,1.4746021,1.5154394,1.4651217,1.4726223,1.5062227,1.509217,1.5085912,1.4703953,1.4921311,1.4728105,1.547848,1.4814147,1.5322479,1.5209339,1.4961144,1.431731,1.5303807,1.5266095,1.5065422,1.500454,1.5087252,1.483806,1.5212909,1.5046499,1.4576011,1.5129864,1.4866773,1.5432897,1.5252079,1.5106621,1.4682331,1.51305,1.5188735,1.4946407,1.5253673,1.463843,1.4896175,1.5260696,1.5304646,1.4974142,1.5033463,1.4859914,1.5550706,1.46821,1.4780103,1.5084225,1.4705118,1.4978075,1.4883987,1.5154216,1.4993417,1.5399266,1.5055666,1.5151815,1.5332022,1.5047119,1.4725544,1.513757,1.4834317,1.494664,1.4963624,1.5297441,1.4873953,1.534491,1.5188546,1.4853826,1.4777609,1.55807,1.5143085,1.5428938,1.490668,1.50963,1.5131289,1.5250758,1.5536785,1.509625,1.4825667,1.4887295,1.4991778,1.4836388,1.5482081,1.5069883,1.5232172,1.4753588,1.4625355,1.5103751,1.5092282,1.4716963,1.5201279,1.506801,1.5204813,1.5247154,1.5247064,1.4951805,1.4894007,1.5057905,1.5632391,1.5841627,1.5190074,1.5052947,1.4992069,1.4736556,1.4793304,1.4742484,1.52822,1.5144367,1.4894722,1.4983411,1.5034901,1.4738926,1.5217342,1.505828,1.4503297,1.4869002,1.5078458,1.4933319,1.5249496,1.5159677,1.4955016,1.5354949,1.5113686,1.5384426,1.4822664,1.5305822,1.5197328,1.5061543,1.4701449,1.5399156,1.4674351,1.5233387,1.4786236,1.5023341,1.4851534,1.4964515,1.5313231,1.5271902,1.4679961,1.483099,1.5407777,1.5309678,1.485626,1.5056261,1.5196525,1.4903057,1.5046933,1.5217328,1.5436144,1.5225459,1.525577,1.53393,1.4436338,1.5114477,1.4634724,1.4957035,1.5324612,1.4961764,1.5520139,1.5092024,1.4702085,1.4795164,1.5234976,1.4893941,1.4656264,1.499955,1.4841629,1.5152086,1.4863087,1.5172422,1.5197963,1.5044471,1.49885,1.5411007,1.5076696,1.560366,1.5116653,1.5293282,1.533256,1.5599176,1.4826897,1.4702859,1.4983364,1.5407772,1.5047749,1.5012325,1.5402408,1.5339422,1.488352,1.5090965,1.513117,1.5201013,1.5083048,1.4532053,1.4922137,1.5252061,1.4775894,1.5114347,1.447777,1.5144278,1.5169977,1.4822116,1.5230353,1.5324,1.4838569,1.5179659,1.4780641,1.5028231,1.5125747,1.4845475,1.5415096,1.5157287,1.468929,1.4670293,1.5223335,1.5738322,1.5023335,1.508322,1.5121666,1.5187582,1.5085392,1.5011965,1.5171378,1.4550947,1.4861076,1.457282,1.4323205,1.5333977,1.4871311,1.5282423,1.5194566,1.5222192,1.5057024,1.5062339,1.5165726,1.4863396,1.4822265,1.4611583,1.5200001,1.5144604,1.5016502,1.4941205,1.4889997,1.518709,1.5274726,1.5103688,1.4840431,1.558625,1.5470068,1.538521,1.4868633,1.4915974,1.5089699,1.4854923,1.5374049,1.5028125,1.436968,1.5249916,1.5324498,1.5176528,1.4747747,1.5533717,1.5178423,1.4653925,1.5276105,1.5385363,1.5001086,1.4943198,1.4971353,1.5103991,1.4631567,1.5051115,1.5053957,1.5592167,1.5737522,1.4678751,1.4793459,1.506613,1.5410529,1.5169309,1.5365943,1.5299935,1.4673483,1.4669126,1.5469351,1.4742061,1.4766725,1.4930367,1.479942,1.5299658,1.5054749,1.5149876,1.515548,1.5492635,1.4748592,1.5417007,1.4720808,1.546554,1.488601,1.5235701,1.5477177,1.4913416,1.5393733,1.4723309,1.5493485,1.4736633,1.5110176,1.5298584,1.4762595,1.5189062,1.5480082,1.5052426,1.5237937,1.4988136,1.4947551,1.5109153,1.4645941,1.470642,1.5162672,1.4859631,1.5359892,1.5215108,1.4694424,1.5225663,1.5125062,1.4923564,1.4975988,1.4622608,1.5140138,1.4866066,1.4613823,1.525234,1.5232189,1.5053927,1.459361,1.4923878,1.4807088,1.5060146,1.55772,1.5292429,1.4861529,1.4965383,1.5245047,1.5153961,1.557572,1.4909775,1.4612869,1.5242213,1.5031115,1.509057,1.540455,1.5196469,1.5124792,1.4883491,1.5173777,1.5574644,1.511312,1.4944353,1.5097152,1.4872673,1.4436675,1.4860901,1.5117333,1.5052842,1.4764633,1.5186597,1.4844851,1.5065095,1.4918826,1.4531312,1.4994462,1.4786268,1.5027486,1.5209546,1.4992733,1.5017833,1.5257684,1.4783641,1.464198,1.4987653,1.4897553,1.5043322,1.5520844,1.5208447,1.5387962,1.4976332,1.441287,1.5469282,1.472591,1.4853269,1.5137227,1.4925907,1.5226512,1.4943562,1.5098647,1.512902,1.4906538,1.5483596,1.4923835,1.5252901,1.4999684,1.5173402,1.5046787,1.5074104,1.5227704,1.5431035,1.4387262,1.5536715,1.4930927,1.5272416,1.525969,1.5565348,1.5397656,1.5137794,1.5053495,1.4800396,1.5250812,1.4927818,1.5368866,1.4957082,1.5029144,1.550494,1.4609358,1.4797127,1.5335422,1.4845704,1.4772748,1.4678887,1.5164425,1.4722711,1.4831239,1.4854583,1.4782876,1.4763973,1.5055463,1.5453362,1.5239961,1.5236921,1.5460812,1.563971,1.5063418,1.4930519,1.5131246,1.5332509,1.5229195,1.5320234,1.5166714,1.5129782,1.480703,1.5115219,1.506253,1.4876268,1.5119379,1.4895601,1.5243748,1.5269737,1.4697723,1.5469997,1.4726068,1.5230713,1.4988183,1.485604,1.4611517,1.5170069,1.5067041,1.5205394,1.4823809,1.5241768,1.476753,1.5532234,1.5061438,1.5008806,1.5153772,1.4811554,1.5018209,1.4618663,1.5195258,1.5275496,1.4969347,1.4807404,1.5117563,1.4940681,1.5286653,1.4982672,1.489284,1.4871241,1.5234807,1.5043732,1.4734629,1.5082431,1.5033759,1.4740871,1.5471994,1.4862802,1.5335051,1.5167738,1.5140991,1.436576,1.5444558,1.4771943,1.5250195,1.5460354,1.5570953,1.5315113,1.5276465,1.5379711,1.5318273,1.5209801,1.4990689,1.5136402,1.4874623,1.5037816,1.4882896,1.4909413,1.5018075,1.5214319,1.5108805,1.4942211,1.4898502,1.5242574,1.5109138,1.5311697,1.4908429,1.499889,1.553343,1.4487509,1.4501882,1.5242264,1.4939852,1.4753861,1.5292674,1.5134821,1.4822557,1.5559105,1.523312,1.4963852,1.5286266,1.5001668,1.5023624,1.5248603,1.5024545,1.4945283,1.4822277,1.4791899,1.5017427,1.5355617,1.5068002,1.4851598,1.5279603,1.489039,1.5158695,1.4996834,1.4833297,1.5460027,1.5170443,1.5110253,1.5142989,1.4882458,1.5228388,1.5271039,1.4997017,1.4921924,1.5367783,1.495813,1.4747988,1.4759889,1.4825331,1.4882436,1.5021862,1.5204886,1.5008398,1.4967129,1.5112832,1.5065694,1.4818366,1.5515532,1.5156766,1.5196606,1.5211318,1.5037339,1.5504322,1.5037239,1.5044694,1.483596,1.5047001,1.5210155,1.5212377,1.5192972,1.5303481,1.525362,1.4800524,1.521077,1.5072181,1.5289431,1.5037206,1.4887582,1.4811081,1.5257853,1.5154185,1.5029458,1.5432512,1.5243791,1.4867592,1.5409105,1.5201534,1.519596,1.5321974,1.4919581,1.4867765,1.4983373,1.4747603,1.4850981,1.4851642,1.4895948,1.4888303,1.491964,1.5072161,1.5017345,1.521596,1.5227616,1.5021908,1.520758,1.5208031,1.5118937,1.5346929,1.5110364,1.4920232,1.5021641,1.49562,1.502711,1.4871321,1.4927361,1.5184748,1.5320034,1.5063373,1.5035806,1.5257456,1.4823729,1.5306528,1.5358224,1.503722,1.4785918,1.4544936,1.4959314,1.5037248,1.4977752,1.5359654,1.5458683,1.5013818,1.515213,1.4888052,1.4805635,1.5631922,1.5464566,1.5423121,1.523834,1.4976896,1.5020202,1.5514556,1.4795344,1.5226685,1.5368574,1.5007787,1.4945337,1.4884104,1.4879937,1.5251638,1.5017747,1.5466478,1.4771024,1.5703032,1.4982607,1.4943227,1.4811592,1.5145352,1.5175784,1.5265344,1.5135192,1.4856254,1.4862193,1.523243,1.5295333,1.5169464,1.5176432,1.522392,1.4819975,1.5414414,1.5520812,1.4984218,1.5025744,1.5107535,1.495719,1.533479,1.5199482,1.5178281,1.4608067,1.501244,1.4858941,1.5102054,1.5443071,1.4855672,1.5334883,1.5511278,1.5251511,1.506119,1.5041176,1.5068837,1.5130417,1.4955734,1.4665556,1.5166174,1.4794308,1.5212376,1.5313026,1.5133379,1.5167384,1.4807822,1.5019372,1.5146921,1.4800164,1.5119365,1.4692369,1.499758,1.5299426,1.5368682,1.51541,1.5164222,1.5162292,1.498622,1.4849977,1.5431635,1.4843322,1.4591606,1.5027,1.5025165,1.4802767,1.5303534,1.5286722,1.5236584,1.5159297,1.5399301,1.5201037,1.5569705,1.4919744,1.5324455,1.4923198,1.4714937,1.4799377,1.5112773,1.478002,1.5497203,1.4992826,1.5332212,1.5138905,1.521786,1.5367199,1.4643507,1.4525993,1.5640315,1.5617301,1.5027883,1.4868728,1.5160415,1.5185543,1.5040901,1.5083747,1.487658,1.5377902,1.4559712,1.4886198,1.4969808,1.5169742,1.5012122,1.5488127,1.4815294,1.508245,1.5040079,1.521599,1.4830351,1.5131292,1.5146188,1.4648002,1.534903,1.4411812,1.5038257,1.5042553,1.5177618,1.5197103,1.495351,1.5079911,1.5187901,1.5018072,1.4603672,1.5164316,1.5706621,1.5603015,1.5086726,1.4729147,1.4914079,1.5621673,1.4381795,1.5228906,1.4833592,1.5235342,1.5136316,1.5641696,1.5501595,1.5062528,1.5105976,1.5207696,1.5228955,1.5048597,1.5184357,1.5173565,1.5405928,1.5231222,1.5022088,1.4726063,1.4979849,1.5285388,1.5069531,1.468635,1.5537161,1.487147,1.504686,1.4934952,1.5191653,1.5291954,1.5477489,1.487693,1.41957,1.5051503,1.5277529,1.5048183,1.5583605,1.4865005,1.5071535,1.491834,1.5591049,1.509596,1.5117459,1.5445114,1.4447056,1.4954617,1.5142465,1.5465696,1.4755082,1.4920132,1.4940486,1.5178076,1.5114964,1.5222973,1.5023702,1.517073,1.5405637,1.4546062,1.5293572,1.483345,1.5145277,1.5324931,1.5137725,1.524331,1.4717103,1.4683406,1.5019654,1.5052965,1.5343626,1.493837,1.5531635,1.4700357,1.5158314,1.512555,1.4838259,1.5281479,1.5096655,1.5111116,1.526176,1.5206946,1.5006782,1.5201826,1.471483,1.52166,1.498698,1.5142169,1.4551169,1.4946429,1.534096,1.5249346,1.5105532,1.5440474,1.4983915,1.4699808,1.4872485,1.5444045,1.5074792,1.509064,1.5279766,1.5052013,1.5402609,1.4659269,1.496498,1.5182275,1.5120456,1.5367901,1.5417068,1.5465589,1.5441898,1.4733803,1.5043846,1.5684608,1.4758434,1.4694273,1.5453868,1.4974209,1.5027078,1.4834813,1.5207782,1.5354495,1.4791266,1.5026387,1.4629608,1.4932994,1.5063162,1.5789237,1.4824741,1.5215452,1.5336397,1.5616219,1.500503,1.4768927,1.5463775,1.4678667,1.4609834,1.5247974,1.4755398,1.5258492,1.5163313,1.5317348,1.4571649,1.5375559,1.4621629,1.5276655,1.5005205,1.4755998,1.55969,1.5482007,1.5164537,1.5191528,1.5429432,1.5425571
0.47190368,0.5207075,0.5037906,0.5167306,0.5325549,0.51869166,0.52931833,0.5302094,0.5328442,0.4932489,0.5630444,0.548343,0.5105166,0.53329974,0.52919686,0.55194306,0.50756544,0.542217,0.5176706,0.520583,0.5476779,0.52906054,0.55387527,0.5769284,0.49036455,0.49578533,0.58044326,0.50012535,0.52309245,0.54743385,0.5256579,0.5269858,0.48085397,0.508055,0.50236374,0.5481749,0.4928484,0.48143822,0.5214522,0.5752941,0.5350551,0.5725484,0.50937146,0.5666417,0.49648616,0.5055934,0.54417795,0.5248674,0.56073624,0.53461945,0.52205896,0.53330976,0.5274392,0.4940114,0.53490573,0.52641016,0.6023971,0.5158447,0.5423274,0.5208112,0.57934767,0.5447336,0.5247822,0.5161459,0.52493644,0.53184223,0.53022295,0.5801236,0.51467687,0.52276736,0.48171306,0.52024746,0.5233491,0.5436309,0.571395,0.5541065,0.52368593,0.54116714,0.54544735,0.5440689,0.5286117,0.49032676,0.55461526,0.5475986,0.54922664,0.54434615,0.539745,0.55149245,0.5143868,0.5172537,0.5619739,0.5024974,0.54096496,0.510311,0.4950889,0.5361275,0.5617815,0.5372095,0.57998854,0.54042816,0.5386778,0.48399013,0.5553702,0.5452636,0.5459972,0.5881272,0.543156,0.51842827,0.504716,0.53714085,0.53372,0.47265676,0.49938828,0.5322709,0.57941896,0.5446511,0.5160382,0.52299285,0.5398736,0.5630544,0.5074712,0.5480351,0.5357584,0.52212477,0.54201037,0.5183206,0.52991515,0.57246363,0.56363595,0.5642512,0.57225347,0.48420703,0.52714896,0.5432285,0.5791055,0.52042246,0.6108347,0.5184943,0.5344447,0.5253831,0.5086118,0.51989037,0.54434997,0.5510343,0.5034239,0.5441657,0.54683125,0.5313667,0.5150589,0.5247776,0.5150696,0.52307194,0.57048285,0.54976386,0.5078659,0.5458074,0.546555,0.5293998,0.5116658,0.532223,0.5163717,0.5086032,0.5266309,0.5237644,0.52962965,0.49683756,0.5188444,0.51936525,0.50238526,0.54409057,0.5450799,0.504058,0.5299146,0.50708467,0.5178256,0.51502556,0.4679369,0.52043205,0.53332144,0.5973957,0.54324424,0.5426098,0.5888279,0.51807743,0.5012119,0.56050766,0.561449,0.54514396,0.5678581,0.50225115,0.56012994,0.5375774,0.52788484,0.5105151,0.49942017,0.48300242,0.5544634,0.49036318,0.5521404,0.52712417,0.52537304,0.5330066,0.50156456,0.55482644,0.55035955,0.5618127,0.53117687,0.4994288,0.55397207,0.59901565,0.51637113,0.52316934,0.53760296,0.5111715,0.5360652,0.49532527,0.53195477,0.555166,0.5043653,0.5458367,0.5165077,0.56481755,0.5455352,0.5241078,0.49229798,0.5500157,0.5439229,0.4876493,0.55096895,0.5188096,0.5599477,0.52860844,0.5656614,0.5352721,0.5285339,0.49405062,0.5125121,0.57039917,0.5456891,0.57618034,0.49766308,0.5073421,0.50867844,0.5662572,0.5051275,0.50514865,0.54252964,0.5104892,0.5579928,0.49635178,0.5298891,0.5228211,0.4979661,0.545311,0.53792715,0.4940158,0.5025231,0.5511502,0.55328614,0.5781881,0.55567527,0.5169143,0.5187028,0.5182613,0.52341884,0.55742633,0.54147327,0.50759536,0.51925516,0.5410091,0.5348892,0.5309321,0.5560706,0.50476813,0.5260199,0.5514152,0.5357883,0.510357,0.51518124,0.50632197,0.50043815,0.5247983,0.5707829,0.5294463,0.48875698,0.5261407,0.55953276,0.54773664,0.52960044,0.5265517,0.51381016,0.5148634,0.5208192,0.50889695,0.5192617,0.49079385,0.5078508,0.53009593,0.49685195,0.54299664,0.51996386,0.56017137,0.53439355,0.5357048,0.5403822,0.499896,0.5139249,0.5232834,0.5671722,0.5130987,0.5554663,0.5268944,0.5395241,0.54612154,0.55584335,0.5421088,0.5212603,0.53624845,0.5161918,0.5477935,0.5742284,0.5314551,0.52926993,0.5100889,0.49006188,0.5827743,0.49623737,0.56385493,0.5596007,0.53760743,0.5253128,0.5646181,0.58661175,0.52901363,0.53952736,0.5310819,0.49217552,0.5308583,0.5142302,0.5100379,0.58849096,0.53012574,0.5446165,0.5257901,0.5838732,0.5621689,0.53919566,0.5415517,0.51163983,0.50323045,0.52339524,0.4981612,0.5428979,0.5289081,0.52965796,0.52454865,0.50154924,0.5230681,0.57532144,0.50909066,0.5094843,0.56788146,0.5386072,0.5511975,0.51584965,0.5021613,0.5270192,0.50003546,0.5158663,0.53521574,0.5524498,0.5322981,0.521178,0.44233447,0.54225296,0.48988247,0.5334481,0.52255106,0.5126345,0.4999018,0.55502456,0.5090008,0.5645079,0.5056697,0.5564388,0.4984219,0.50858754,0.49814537,0.5380856,0.51772493,0.5329638,0.5464642,0.52116257,0.5224117,0.48236483,0.5289603,0.49862933,0.5273534,0.5121079,0.5090463,0.53028166,0.5513404,0.4952712,0.55239844,0.5745718,0.56471133,0.5346713,0.5516244,0.5560245,0.5313474,0.5203152,0.5253972,0.53630584,0.5685177,0.50042045,0.57858926,0.54327035,0.5438859,0.53406996,0.55029935,0.4963889,0.5597975,0.51667714,0.55906063,0.5262793,0.50875294,0.556659,0.5495003,0.5167614,0.53418916,0.54842323,0.5025487,0.47937948,0.57309633,0.5224595,0.5420681,0.53054816,0.525039,0.55522275,0.5327431,0.57009435,0.53526604,0.5243824,0.5717137,0.56633884,0.52894545,0.51841116,0.51540583,0.5468191,0.4973823,0.55474406,0.5150445,0.5093942,0.570705,0.5200922,0.54182464,0.5762162,0.50897187,0.49895483,0.58137536,0.5419341,0.5370926,0.52079856,0.52088296,0.54306096,0.5395468,0.49229452,0.524488,0.48371953,0.5551212,0.51631963,0.58316416,0.5285752,0.5793699,0.5256574,0.5233953,0.5267042,0.5648297,0.51887995,0.52817786,0.5436539,0.5176946,0.5339854,0.48382905,0.5420822,0.51864433,0.50257707,0.5366808,0.54743963,0.5505841,0.5315833,0.54580396,0.5008671,0.5307221,0.52146363,0.5414972,0.50127834,0.53384376,0.5226338,0.51717603,0.5293474,0.5227079,0.5179994,0.52778065,0.57000566,0.53137505,0.52800226,0.5255922,0.5077067,0.57502973,0.56055385,0.51704836,0.49854112,0.5313065,0.5173246,0.54530764,0.5471516,0.50796974,0.5573918,0.53252643,0.5488365,0.54338074,0.57268953,0.53285813,0.5077647,0.5050276,0.5508834,0.49066085,0.561284,0.532025,0.5817998,0.55292726,0.49071795,0.52675074,0.5214825,0.54214776,0.48269314,0.5767794,0.5413184,0.568874,0.50836545,0.53305876,0.52146465,0.519438,0.5507537,0.54004073,0.54283583,0.53047746,0.47424737,0.49991453,0.54861313,0.5148438,0.53118753,0.52726895,0.5369577,0.56369376,0.53867936,0.5321733,0.5557604,0.523977,0.5159594,0.5159066,0.51982963,0.53264457,0.5212184,0.5144935,0.54087776,0.53018206,0.51247567,0.5240005,0.50604963,0.56648993,0.5208825,0.51467055,0.5194309,0.52103966,0.533391,0.513705,0.54757285,0.5412753,0.54024965,0.5156901,0.51089305,0.50399446,0.4964121,0.5327932,0.48765194,0.49824575,0.54034173,0.51744384,0.58932674,0.5521347,0.5326159,0.50026447,0.5409584,0.52375853,0.5024442,0.52896917,0.514076,0.53188217,0.54414314,0.51788586,0.5473369,0.5206086,0.542968,0.50677,0.5620651,0.5373703,0.5182265,0.5449331,0.5113536,0.507526,0.52878034,0.55343133,0.52660036,0.5148123,0.49315536,0.5142081,0.5395522,0.5149392,0.52162004,0.53669345,0.50478137,0.5077216,0.5460628,0.5398158,0.5271716,0.5146506,0.49254352,0.51496834,0.5404667,0.5228755,0.50838125,0.4652513,0.5086195,0.5372958,0.55880743,0.5222437,0.51506364,0.5028501,0.52251786,0.53697836,0.54872006,0.5438464,0.5549716,0.5380674,0.536373,0.5053982,0.5134324,0.48519897,0.5488672,0.5683755,0.5332649,0.53279334,0.43480352,0.57005835,0.516453,0.524248,0.53614634,0.554685,0.5437069,0.55951303,0.54083043,0.5219577,0.47601208,0.54036504,0.49006167,0.5577761,0.5115447,0.51289284,0.5511884,0.54393756,0.5261907,0.58001137,0.50379205,0.50999886,0.55095065,0.53697014,0.5329375,0.51321286,0.5397067,0.47935313,0.5290322,0.48501962,0.5177791,0.5600024,0.50790036,0.5408392,0.5570505,0.5198034,0.5569478,0.5480038,0.5588293,0.5479897,0.5054937,0.53607774,0.47880393,0.54572517,0.50506496,0.5308968,0.51567274,0.51817197,0.5184922,0.5296511,0.48671675,0.51688945,0.56918883,0.53264415,0.5540997,0.46565685,0.5227234,0.55973065,0.54993796,0.5691954,0.55805165,0.543039,0.5070854,0.51779366,0.50828886,0.51516664,0.51789755,0.5229624,0.55013007,0.54670477,0.5204344,0.5349636,0.49510697,0.5075084,0.5203246,0.54189736,0.51573074,0.5155026,0.57036066,0.5246623,0.5454637,0.54458874,0.5340693,0.5321195,0.5389617,0.5314008,0.47248822,0.5544992,0.57513046,0.53817135,0.5446553,0.56001127,0.52057946,0.55521053,0.5790622,0.5261958,0.49158478,0.5611825,0.53373575,0.55571705,0.506526,0.57304823,0.5338389,0.5413593,0.52412355,0.50564367,0.5196465,0.52686584,0.537861,0.57135314,0.53197634,0.49479517,0.508598,0.5258523,0.53248614,0.5584453,0.5394317,0.485302,0.52819586,0.54357207,0.5045998,0.54153687,0.5281658,0.5473572,0.5657106,0.58119255,0.5281172,0.53101623,0.56894594,0.57934844,0.51973253,0.5612298,0.53424764,0.4887312,0.53399354,0.517398,0.53755295,0.5288173,0.5083972,0.5251529,0.5307287,0.539425,0.5120463,0.556293,0.4950744,0.5497329,0.5154417,0.53101873,0.5675997,0.54506546,0.5313352,0.5399203,0.52245176,0.52054554,0.5531045,0.54739815,0.5457915,0.54690874,0.5836754,0.5272177,0.49520624,0.53994393,0.5155108,0.5495417,0.5556248,0.51332104,0.5127772,0.5299579,0.53360677,0.5498597,0.5258834,0.52012515,0.52509147,0.5832182,0.49547145,0.5080295,0.5041925,0.55124766,0.50760496,0.56653655,0.5534958,0.5120433,0.54221183,0.53827155,0.55483705,0.5285692,0.5176072,0.5473768,0.5473584,0.53665644,0.52519333,0.53435683,0.5344585,0.5596435,0.51863265,0.5039784,0.50792277,0.53909636,0.5407716,0.53786564,0.524079,0.5523073,0.50064737,0.5269852,0.56947416,0.51423174,0.52068937,0.5421585,0.53584695,0.5585321,0.4950955,0.5297081,0.5257713,0.5689612,0.56226945,0.5171085,0.5277563,0.5283946,0.5510009,0.51668775,0.5124023,0.5248854,0.5299746,0.5364895,0.529356,0.49833786,0.5156925,0.49836966,0.5464175,0.50470585,0.51971346,0.51215935,0.5152539,0.5460787,0.51901746,0.54744726,0.5502551,0.5750875,0.57145774,0.5596828,0.53309345,0.5483383,0.51940155,0.4993614,0.53995544,0.5396426,0.5221819,0.49291283,0.5348748,0.53339535,0.52247053,0.5315277,0.5499237,0.4958151,0.54776806,0.52787024,0.500485,0.55653936,0.524141,0.5086395,0.5550047,0.49282503,0.4895653,0.5184838,0.52021354,0.50951296,0.557976,0.47788498,0.5575286,0.50428915,0.53284353,0.54814005,0.5458464,0.49783114,0.57679737,0.5436767,0.5495436,0.5374718,0.5495838,0.5565956,0.53023005,0.48866352,0.50075924,0.5173931,0.5095767,0.492948,0.5533787,0.5230364,0.55324066,0.5000854,0.47576156,0.5395302,0.53038,0.5292045,0.52628285,0.5639185,0.47078013,0.56030345,0.5269691,0.5218117,0.4825673,0.5371242,0.55576694,0.525674,0.4987462,0.5533707,0.4905543,0.5222264,0.54221267,0.52371657,0.57184565,0.49905637,0.5194102,0.5276338,0.5374723,0.5441858,0.5004421,0.5631436,0.49905342,0.59081286,0.5698363,0.50867873,0.49040127,0.47484678,0.5303465,0.50980693,0.522862,0.53373176,0.5156628,0.5479341,0.5453904,0.5450686,0.5383945,0.5390482,0.54087067,0.53461313,0.5424504,0.4728504,0.54032475,0.50980955,0.55197275,0.54546833,0.53099406,0.5079827,0.50388515,0.5591094
