0.8381312,0.83554316,0.837206,0.8505417,0.82265854,0.8050629,0.8227211,0.8493255,0.83757526,0.81916004,0.83047545,0.83876556,0.8446159,0.8361608,0.8555049,0.8340854,0.8152274,0.8394355,0.8083521,0.8323411,0.8404656,0.8248759,0.84097034,0.80467236,0.82416844,0.8440905,0.826884,0.8154718,0.83110625,0.8268231,0.83463645,0.8346667,0.82737607,0.84684557,0.7896454,0.7994981,0.84492993,0.83788854,0.82192916,0.8091471,0.8287078,0.8284538,0.8262211,0.8383391,0.82473636,0.806309,0.8274162,0.8214292,0.8353014,0.8157489,0.82715213,0.85256034,0.82673305,0.8421813,0.83188176,0.83142346,0.85352796,0.83700585,0.8090756,0.8217596,0.8236095,0.82693267,0.8197377,0.8375149,0.8304702,0.8283583,0.8491604,0.8214163,0.8489883,0.81682575,0.8467294,0.83408684,0.8158276,0.8424448,0.8543515,0.80791897,0.84399956,0.82790637,0.8366382,0.8224693,0.8411643,0.81562567,0.82874876,0.8485424,0.8294819,0.82422554,0.8432363,0.81351125,0.82911927,0.81834924,0.8228609,0.8351513,0.8193173,0.83786476,0.81301904,0.82777125,0.8038982,0.82854706,0.83287823,0.8333531,0.8251918,0.81884474,0.84758824,0.8187139,0.81826144,0.8349148,0.8632466,0.82338846,0.8243455,0.81835705,0.81600523,0.82650936,0.8276368,0.81693166,0.8198435,0.81066185,0.8617171,0.82512754,0.81103414,0.835723,0.8126785,0.8323786,0.8208849,0.81571674,0.8524529,0.8257688,0.8250777,0.81977564,0.81920606,0.80693984,0.84796965,0.83402103,0.84331536,0.8221145,0.8143677,0.8390219,0.83761144,0.8010736,0.83203334,0.8289806,0.8155686,0.82000643,0.83376765,0.8272248,0.83316636,0.8354972,0.8475677,0.8303615,0.82876325,0.82633305,0.83530194,0.8329078,0.8220658,0.82347894,0.81875825,0.8388105,0.8366906,0.83182406,0.828572,0.8259486,0.8317136,0.8366188,0.8391674,0.83910877,0.8228622,0.8269107,0.81577986,0.82255495,0.85008293,0.80853826,0.8247313,0.8117276,0.8104535,0.83555484,0.8475953,0.8524703,0.8033922,0.80316174,0.8124569,0.81576246,0.81664157,0.8474251,0.82767814,0.8274456,0.8183071,0.81730586,0.8316887,0.84661967,0.79315716,0.8399733,0.8297784,0.8134443,0.8269177,0.85284245,0.8472756,0.826819,0.8294893,0.84903795,0.8104386,0.82226026,0.8296651,0.8148948,0.83020246,0.854233,0.8350512,0.81893545,0.8322735,0.81302667,0.81615084,0.81258863,0.81209207,0.84836876,0.80977935,0.8385774,0.83137244,0.8348022,0.8164711,0.8518193,0.8243312,0.835836,0.82824266,0.8278009,0.82746637,0.80267864,0.822657,0.81729287,0.82392806,0.83194435,0.8261002,0.7936708,0.8351185,0.8287928,0.84201914,0.82424873,0.8226,0.8214381,0.829873,0.811195,0.8228114,0.8325277,0.8341833,0.8430173,0.83276063,0.82863784,0.8393686,0.8332253,0.81607693,0.82556826,0.8367411,0.8471811,0.83096755,0.8382379,0.82488036,0.8381227,0.81152606,0.82578206,0.8279711,0.81250644,0.79905903,0.8207165,0.838381,0.8244215,0.8168694,0.8396156,0.80216324,0.84027994,0.82212883,0.8078949,0.84338474,0.82670283,0.83499604,0.8450052,0.83487475,0.81991,0.83324575,0.85716623,0.8352983,0.8504231,0.83413893,0.8243098,0.8119808,0.8320952,0.8415025,0.8340371,0.85320395,0.82438105,0.8068773,0.81694514,0.8454937,0.84303457,0.81103194,0.8129568,0.83510953,0.80598843,0.81834316,0.85335815,0.80507576,0.84075916,0.8304327,0.84462553,0.8245812,0.8284423,0.85217106,0.8305825,0.8320969,0.82257575,0.84365577,0.83285,0.82247984,0.8194989,0.82610106,0.8275826,0.81517255,0.80915534,0.8511579,0.82191294,0.8006572,0.83428043,0.8321241,0.84411454,0.8181024,0.82127726,0.8453007,0.8150741,0.8217104,0.8258034,0.8596607,0.8461708,0.82780033,0.82752913,0.80398446,0.84299433,0.8166084,0.82627547,0.8402888,0.8348109,0.854056,0.8400434,0.8422109,0.81093264,0.80254906,0.83720195,0.7908361,0.8100996,0.82246333,0.82409304,0.8304223,0.81174636,0.8276867,0.8229335,0.8534813,0.84398675,0.8217516,0.84374994,0.8396014,0.81907845,0.808947,0.83804595,0.82723397,0.8213005,0.81646633,0.82881504,0.83069044,0.8056728,0.81018513,0.8198579,0.8188567,0.8295018,0.8613697,0.8207368,0.81901515,0.80029714,0.8053019,0.8032565,0.83070457,0.81890523,0.8116444,0.84119225,0.8067596,0.8471657,0.8186841,0.8207072,0.8275251,0.83672965,0.8294985,0.83337826,0.839535,0.8370611,0.8276266,0.821859,0.8349554,0.8279965,0.81763095,0.83743894,0.8260624,0.8304978,0.85088396,0.8183295,0.8373697,0.80330557,0.8516806,0.8437332,0.8231535,0.7986493,0.82638943,0.8365356,0.80871415,0.8410013,0.84004945,0.8052725,0.8286135,0.846688,0.8145395,0.8365875,0.8431081,0.838235,0.82143354,0.83101946,0.80472225,0.82720804,0.8403167,0.8317705,0.8334203,0.8377389,0.8452824,0.8399967,0.83323014,0.8275793,0.82732964,0.82418185,0.8155715,0.8196436,0.82289934,0.8377851,0.82030183,0.83388793,0.82546246,0.814096,0.8045597,0.8323471,0.79841477,0.8167218,0.79981434,0.8169382,0.84151703,0.8068655,0.8497299,0.81933546,0.8509265,0.8537707,0.8019859,0.8306762,0.82474005,0.8169094,0.8336361,0.8166057,0.8469052,0.83646256,0.8067103,0.8359508,0.8444281,0.84883815,0.8392832,0.8416578,0.84899855,0.8476121,0.8209091,0.82274085,0.8253853,0.8319885,0.8455492,0.85305697,0.82385516,0.85453993,0.8255224,0.84069765,0.8117119,0.8499594,0.84490603,0.85756296,0.79885215,0.8408633,0.8083704,0.79697746,0.8299113,0.8181194,0.8551506,0.8425317,0.84283274,0.84170836,0.8347058,0.8190411,0.8289818,0.8146806,0.8261624,0.83247334,0.8215326,0.84061885,0.8248763,0.8244809,0.80603427,0.84251875,0.82154125,0.8385868,0.8419693,0.8252089,0.8267212,0.8077445,0.8383617,0.82564384,0.80331105,0.8412386,0.8326082,0.8222679,0.798538,0.81677747,0.80069286,0.82616764,0.8199956,0.84168684,0.81906766,0.8445652,0.8223174,0.8402757,0.8200878,0.84019405,0.82984054,0.819275,0.82800245,0.814469,0.8362028,0.84585404,0.8205641,0.832553,0.8092676,0.852156,0.8330494,0.8137365,0.8303949,0.8406479,0.8430257,0.8068668,0.8098061,0.81651324,0.84120274,0.8081956,0.8251555,0.816715,0.81544656,0.82978165,0.8339034,0.81238383,0.8275523,0.8489265,0.829737,0.83454436,0.8244111,0.8181159,0.8609172,0.8438802,0.84632283,0.8401406,0.8146993,0.80835766,0.82050383,0.83587176,0.81761503,0.8220647,0.81830466,0.83772254,0.8486155,0.8490705,0.82248807,0.8292107,0.8429955,0.83611125,0.8236703,0.8142846,0.8175085,0.8728182,0.83070177,0.84052455,0.8341312,0.84535027,0.8158201,0.83969164,0.8360524,0.8276434,0.8249109,0.8158032,0.8156806,0.8624975,0.8433829,0.8245373,0.8017359,0.82366335,0.842452,0.83419394,0.830123,0.8239363,0.84333676,0.8527898,0.8186874,0.8312297,0.8025576,0.8355231,0.8329203,0.8352261,0.8216634,0.82118624,0.81977665,0.83561426,0.78889674,0.8162464,0.8088416,0.80187005,0.831718,0.8421599,0.81955224,0.81331,0.8330131,0.83179486,0.82130444,0.8120847,0.8153169,0.8399936,0.8421101,0.82339877,0.8454842,0.82416296,0.8397288,0.84941536,0.841047,0.8540829,0.82877064,0.83300704,0.80307996,0.83257645,0.80974907,0.8321429,0.8319977,0.8154119,0.83776134,0.823396,0.82670426,0.824322,0.82829165,0.82571024,0.82368034,0.8153001,0.8251981,0.77754325,0.8198321,0.83128816,0.818959,0.8275123,0.81290245,0.834069,0.8326144,0.78647274,0.8068536,0.8402171,0.8119147,0.8187136,0.840168,0.823917,0.8391928,0.8337554,0.8528683,0.8217745,0.7946738,0.80497336,0.8521468,0.81607693,0.82084113,0.84605867,0.84258527,0.8238463,0.8421025,0.8412904,0.8402065,0.81553966,0.81346095,0.84483916,0.8049628,0.8526921,0.8282039,0.8439111,0.837591,0.8116609,0.83815205,0.8056296,0.83248913,0.847717,0.82991856,0.8325006,0.83219624,0.84391874,0.8230949,0.8019948,0.83344054,0.8455776,0.8511191,0.83624876,0.8175511,0.83552897,0.8144955,0.8285715,0.84228736,0.83058953,0.8193693,0.83909893,0.81631535,0.8270552,0.8292154,0.8282537,0.83294064,0.8406939,0.8318638,0.8178506,0.81735086,0.83677936,0.82212496,0.81775886,0.8407137,0.8385987,0.83921,0.8365435,0.817319,0.8291559,0.85133266,0.83203864,0.8272451,0.8350149,0.86175674,0.8381181,0.8352023,0.8449913,0.83476627,0.8216496,0.80321944,0.8043018,0.8260119,0.8264465,0.807521,0.82014763,0.8335685,0.8266629,0.8331863,0.8230589,0.84198207,0.8302866,0.8089837,0.82117605,0.8310947,0.8019539,0.807718,0.8527374,0.85127187,0.8101294,0.8360141,0.84558934,0.80844516,0.8383072,0.85715526,0.8047558,0.78818226,0.7898642,0.80018955,0.83050126,0.8113452,0.81752497,0.824834,0.8258353,0.845434,0.84331256,0.83352864,0.8411264,0.8226855,0.8287929,0.8556501,0.8279852,0.84109807,0.8343389,0.8254342,0.83529717,0.83072555,0.8334416,0.80580586,0.8016815,0.82575935,0.83099586,0.8310943,0.8143451,0.8264188,0.8239575,0.80689335,0.8123557,0.8315938,0.822016,0.8352814,0.8125004,0.8297485,0.8206323,0.7899066,0.8177653,0.83471894,0.82763594,0.82811975,0.83510005,0.8240596,0.82458925,0.80799824,0.8566701,0.8177255,0.8181625,0.8051992,0.8204597,0.8483531,0.8433232,0.84120446,0.8468952,0.82003343,0.8356551,0.8231247,0.82481205,0.82073575,0.81254196,0.8533638,0.8202279,0.7976461,0.83923566,0.8207159,0.8223497,0.83164793,0.82394964,0.8331063,0.7965549,0.83306384,0.8304033,0.8294646,0.79945457,0.8044067,0.83805394,0.8329176,0.80509055,0.8279427,0.8167091,0.83429825,0.8411433,0.83557427,0.84735036,0.8403517,0.8196688,0.835934,0.8173776,0.85237896,0.8309285,0.84853125,0.82916427,0.8331411,0.82340413,0.81835544,0.8202761,0.7964824,0.84374523,0.8372411,0.857352,0.85721993,0.8317031,0.83305603,0.81672287,0.8359475,0.810495,0.8187423,0.82030743,0.81242967,0.8233019,0.86503625,0.8136296,0.8259615,0.8207839,0.8389775,0.8210223,0.83206016,0.8214842,0.8275793,0.83279,0.82497424,0.8221989,0.8420368,0.8018847,0.8212961,0.81767803,0.8262719,0.8457783,0.81582576,0.8179856,0.83197343,0.8247196,0.85977995,0.8343865,0.80810857,0.8273091,0.85086405,0.85783356,0.83745563,0.81255287,0.8271009,0.822742,0.82056564,0.8283915,0.8478988,0.8298861,0.8518933,0.80437505,0.8248307,0.82328653,0.8349335,0.8729454,0.83292335,0.8232249,0.8504842,0.84756374,0.8292609,0.83376455,0.83680487,0.818715,0.8303377,0.83286434,0.8377843,0.8443662,0.82130075,0.86396086,0.8054126,0.8375569,0.8365775,0.84040606,0.82052547,0.8179444,0.826054,0.8318848,0.8321939,0.8257998,0.832802,0.8297541,0.8336985,0.83259326,0.8492089,0.8197733,0.8392247,0.8188335,0.8459351,0.84765434,0.83612776,0.8398289,0.83856726,0.8301541,0.8506943,0.8332986,0.85227317,0.82623726,0.85070586,0.80030906,0.8236727,0.82973266,0.85802996,0.83993155,0.8379144,0.8357032,0.8123612,0.807741,0.8473877,0.8332857,0.84088016,0.830563,0.84846705,0.80913097,0.8138494,0.84133863,0.83422947,0.84648746,0.83066034,0.8206413,0.82478356,0.8258479,0.828868,0.82699627,0.8243218,0.83004034,0.8417423,0.85443115,0.8379219,0.82768524,0.8047674,0.8314024,0.83160084,0.8311696,0.818986,0.8208793
0.5590731,0.5555028,0.57164246,0.58926725,0.5489108,0.54637754,0.56531096,0.5597152,0.5584345,0.56411785,0.5651539,0.5544426,0.5403352,0.57038575,0.5643762,0.56162065,0.57998776,0.55545485,0.54101306,0.5464497,0.58134913,0.5437096,0.5605382,0.55976087,0.53607434,0.5579316,0.5408836,0.5475263,0.57939184,0.5659249,0.55109555,0.56714624,0.5768789,0.57345396,0.55431044,0.5443561,0.576165,0.57206655,0.54900384,0.56023926,0.5750733,0.5590989,0.54775953,0.56013674,0.5614638,0.5596987,0.5511994,0.5538509,0.56792516,0.56953436,0.55318505,0.5613451,0.568616,0.5623581,0.56587905,0.5690129,0.5721694,0.56351084,0.5415433,0.5547143,0.5601328,0.55538774,0.54293245,0.5628859,0.5729879,0.5476411,0.5696629,0.5583938,0.56352943,0.56786746,0.5444114,0.5499205,0.55086845,0.5573624,0.58209586,0.5451416,0.5578745,0.5538673,0.54582363,0.5581938,0.5818873,0.5444352,0.54099745,0.56709135,0.5681126,0.56611073,0.5735419,0.55301195,0.5584477,0.548664,0.57172,0.5678917,0.56604254,0.5584228,0.55256444,0.56915665,0.5587542,0.5627078,0.5537163,0.57257265,0.5584946,0.54494417,0.56232303,0.5576855,0.5629409,0.5611578,0.5641427,0.5501267,0.5650705,0.5676465,0.5395679,0.5683278,0.55856097,0.55784124,0.56742543,0.5794138,0.54768616,0.56384736,0.5751633,0.5735529,0.55330247,0.5616331,0.56878436,0.5523927,0.5538982,0.5613342,0.5542084,0.5433159,0.5569247,0.5359401,0.5736141,0.5532369,0.57555276,0.57502544,0.5499315,0.55319905,0.57906616,0.5477253,0.5417833,0.56222427,0.55028164,0.5618698,0.5622581,0.5452828,0.55910903,0.55399066,0.56252635,0.5804685,0.5685566,0.5610113,0.56496847,0.5769871,0.5463907,0.55882,0.57821023,0.5774673,0.5660076,0.56453174,0.5526725,0.55238116,0.56707066,0.58278173,0.55425334,0.57764024,0.55652213,0.5814962,0.5402127,0.5589952,0.56894624,0.55859804,0.5653088,0.5492632,0.55317634,0.540718,0.57569706,0.5661275,0.5600693,0.538699,0.5745518,0.55757654,0.5224555,0.5679615,0.54025424,0.5524395,0.55784655,0.5747056,0.54706377,0.5629913,0.55803925,0.56151783,0.5738015,0.55974865,0.5683276,0.56955385,0.553794,0.58147556,0.55752075,0.5592981,0.5533618,0.5616432,0.5384564,0.5424881,0.57092553,0.5661653,0.5531219,0.57058847,0.5608168,0.5663324,0.56719196,0.5455894,0.5709163,0.55277693,0.55208653,0.55421436,0.5723462,0.5663084,0.5602176,0.5481721,0.5500575,0.59051234,0.5328889,0.5620427,0.54941285,0.55428606,0.5608825,0.5624373,0.5598613,0.5563007,0.58843607,0.5571915,0.5571453,0.5751533,0.57408893,0.54581386,0.54863334,0.5734072,0.56261414,0.57359785,0.54250467,0.55952114,0.5569185,0.5721338,0.55798566,0.5595367,0.5722517,0.5643638,0.56770444,0.5500905,0.550025,0.5638117,0.5676561,0.5631052,0.5610642,0.5709193,0.55017275,0.5777692,0.57221776,0.56609297,0.5415084,0.55125445,0.55721086,0.5693894,0.55956227,0.5659042,0.5563477,0.5751641,0.56142634,0.5309422,0.55509573,0.5591304,0.5642732,0.56701595,0.56674623,0.54634696,0.5417151,0.5489534,0.57383436,0.5591049,0.5558423,0.5982605,0.5695397,0.5755141,0.5580029,0.5738125,0.5655012,0.5522417,0.52892905,0.5565619,0.57140046,0.56328565,0.5645212,0.54438967,0.5510622,0.5645837,0.5582639,0.5488049,0.5761876,0.56544447,0.55863315,0.5545953,0.5634352,0.5619364,0.5668763,0.56465024,0.56981516,0.57746154,0.57307136,0.5620575,0.5769029,0.5763217,0.5623174,0.56107634,0.5527939,0.5508414,0.5692835,0.54266405,0.56238514,0.5633669,0.5684727,0.5791632,0.54633975,0.55061585,0.53284746,0.54505557,0.5421254,0.5677004,0.5733425,0.5785889,0.5646823,0.58462477,0.5495199,0.5760404,0.54977006,0.57443094,0.54475945,0.5666823,0.5929759,0.5612259,0.5607529,0.54727477,0.56484175,0.56407243,0.55626994,0.54032785,0.56512487,0.5667512,0.545398,0.5722058,0.5451951,0.5571592,0.56645185,0.5627347,0.5341374,0.59550774,0.57767487,0.5400844,0.5705836,0.571256,0.54925346,0.5674732,0.57117623,0.5562341,0.55635667,0.5388024,0.5765211,0.5489182,0.5481858,0.556452,0.5751997,0.55904615,0.5693414,0.5520012,0.54991364,0.5613917,0.55576974,0.54927874,0.55993736,0.5465538,0.55107236,0.54954857,0.55404043,0.5533294,0.55220425,0.5475053,0.5725853,0.56720424,0.5578557,0.5477337,0.5621499,0.5629423,0.5627805,0.58305764,0.55739236,0.5601784,0.5747341,0.55905324,0.57295406,0.5582344,0.57414955,0.5379947,0.5825607,0.5712928,0.5415781,0.5403358,0.5579622,0.5748862,0.5684663,0.54794484,0.5565906,0.5473619,0.55282867,0.5712353,0.5326583,0.58236694,0.5603398,0.5701915,0.57439125,0.5746788,0.5612217,0.55494463,0.5654607,0.5641227,0.5657162,0.5808497,0.5792371,0.56863403,0.5845953,0.5558019,0.56314325,0.5517953,0.55115455,0.54279983,0.544975,0.56876475,0.55287486,0.5351305,0.56549346,0.56073934,0.55958205,0.55644214,0.57491773,0.565965,0.5635469,0.53858775,0.5635855,0.55814683,0.56930006,0.5590198,0.55009633,0.56616235,0.5597696,0.56247294,0.5553405,0.55480206,0.565308,0.5569508,0.56582135,0.56854033,0.56704473,0.5756088,0.5407728,0.5532398,0.5288377,0.5786072,0.5733076,0.5661117,0.5627231,0.5524665,0.5679698,0.56440026,0.55403656,0.56090754,0.5476883,0.57978153,0.55335796,0.57478607,0.5498406,0.5781783,0.5576079,0.5671602,0.5435962,0.5657293,0.5517022,0.547746,0.59236544,0.56765443,0.57865614,0.5786875,0.55662453,0.5869347,0.5657237,0.554993,0.57269895,0.54065704,0.54742795,0.5705688,0.5453438,0.56389195,0.5658331,0.5615764,0.56460744,0.5705778,0.56673265,0.55412936,0.55739105,0.5416703,0.56432617,0.53600913,0.56966126,0.5468577,0.5807258,0.5675592,0.55558187,0.5476067,0.5519901,0.56991005,0.58199847,0.56071514,0.5664787,0.57692266,0.55151474,0.5740473,0.54697555,0.561975,0.56310356,0.56486785,0.549991,0.5667646,0.5560232,0.55585986,0.57133466,0.5234226,0.56946933,0.55796117,0.55056316,0.5692387,0.5543993,0.56608343,0.5672585,0.55502987,0.57112014,0.55894625,0.5484319,0.5625643,0.56507653,0.5401958,0.55859274,0.5523458,0.5665014,0.5615721,0.5419288,0.5397827,0.55202436,0.5653699,0.57376766,0.57077944,0.5583617,0.5617645,0.5588987,0.5980186,0.58211374,0.5673375,0.5902236,0.57313883,0.54778296,0.5446978,0.54719436,0.56907326,0.5576953,0.559652,0.5686647,0.5863586,0.54498583,0.5685809,0.5598674,0.569133,0.5572513,0.5713174,0.55025154,0.56974685,0.5618006,0.56890804,0.56780195,0.5431511,0.5389705,0.57144904,0.5478833,0.56086576,0.568139,0.5416337,0.5524695,0.56280416,0.5821562,0.5640245,0.56832945,0.5396111,0.54779106,0.57583964,0.55218357,0.5498143,0.56502604,0.5596609,0.56318265,0.5496706,0.53810817,0.571331,0.5751566,0.554194,0.5632788,0.56227756,0.5696356,0.55318403,0.55811465,0.5543724,0.56293666,0.5313995,0.56388104,0.55958,0.56226283,0.56864023,0.5631863,0.5398759,0.55796796,0.5602068,0.5569907,0.53686297,0.57649946,0.5490247,0.5667619,0.5588933,0.566253,0.5711563,0.571693,0.5708598,0.53815955,0.5737225,0.5422415,0.5622817,0.5543344,0.54453945,0.53718376,0.5553993,0.5638715,0.57210666,0.583128,0.5354857,0.56385785,0.5446371,0.5543264,0.5498672,0.5394146,0.5664124,0.55805624,0.5684704,0.56710386,0.5519379,0.5684594,0.5846511,0.55445826,0.5784706,0.55020195,0.5613323,0.567325,0.563564,0.5682371,0.55747557,0.58696926,0.5489367,0.5936721,0.5537489,0.5489488,0.5808207,0.5719338,0.56877524,0.5632241,0.58692026,0.5720364,0.5492236,0.58911586,0.55982107,0.54980004,0.5662994,0.5915278,0.5792144,0.54744047,0.5654693,0.54413414,0.55419415,0.57337046,0.5675839,0.5609596,0.5648447,0.5595951,0.5691756,0.5495713,0.5520482,0.55126685,0.5952523,0.5504655,0.5729344,0.5388539,0.56571597,0.58479124,0.55018485,0.5665175,0.57708997,0.54768467,0.5553999,0.5589843,0.5717579,0.5807187,0.5745901,0.5566516,0.5503252,0.56938857,0.5595308,0.56115794,0.5596436,0.5620388,0.5431517,0.56125706,0.549231,0.5517009,0.56089216,0.561099,0.5536926,0.5619083,0.5726043,0.56737745,0.5645008,0.57046485,0.57438093,0.56290334,0.56601095,0.56977814,0.5488003,0.5461144,0.578219,0.55794215,0.55079484,0.5445795,0.5645554,0.56036925,0.57665026,0.56887805,0.55825293,0.5509367,0.5530759,0.5479718,0.57723886,0.56832075,0.55286664,0.5402164,0.57117844,0.5819307,0.5396049,0.5417202,0.57359964,0.54863745,0.5497903,0.5699432,0.5846557,0.5489944,0.56279725,0.5719187,0.51805055,0.5396014,0.5563585,0.5553099,0.5549361,0.57501304,0.5544559,0.5436166,0.55662405,0.56951696,0.58535045,0.5713282,0.57921576,0.5605113,0.5549741,0.5751273,0.56825566,0.56534004,0.5651983,0.5676879,0.5514729,0.5569123,0.5594582,0.5805047,0.57420576,0.5624473,0.5582789,0.55008256,0.5416605,0.56975406,0.5714851,0.56928754,0.5396838,0.5621149,0.54011023,0.56040436,0.569255,0.57826644,0.5536971,0.56969464,0.56459075,0.56708795,0.5573905,0.56068707,0.5613256,0.54816025,0.5542625,0.5307218,0.5809186,0.5573113,0.5471586,0.5503284,0.55836755,0.5782637,0.5643784,0.57003796,0.5525645,0.56804824,0.5555161,0.5701388,0.5686454,0.56072015,0.5488343,0.577848,0.54761773,0.5495369,0.57117075,0.5630406,0.5549305,0.56001204,0.54358006,0.5781568,0.54838204,0.55867016,0.5615577,0.5708804,0.5410363,0.5491055,0.56356984,0.5583845,0.55451304,0.55960524,0.561763,0.5584276,0.5714507,0.5691611,0.56875885,0.57162994,0.5626604,0.58170325,0.56425303,0.579874,0.5744026,0.57891744,0.54017276,0.55776036,0.5416969,0.55944014,0.55280155,0.5607898,0.55315393,0.55894166,0.5599982,0.5724502,0.5754552,0.5695222,0.5696229,0.5540861,0.5639253,0.5630002,0.5491511,0.54764795,0.5566694,0.56939864,0.55868846,0.56417567,0.54631186,0.5668666,0.5543943,0.5680553,0.5712917,0.56212914,0.5681144,0.5687033,0.5734056,0.5748359,0.547268,0.5424046,0.5570454,0.5736351,0.57261956,0.55092144,0.5675163,0.5599825,0.56283474,0.5380832,0.57178736,0.5601471,0.55894214,0.5632955,0.5650139,0.557152,0.54981357,0.5697335,0.5562451,0.53796357,0.5658955,0.5404747,0.5617276,0.5666964,0.5340065,0.55913085,0.5686914,0.5836253,0.5671289,0.5640008,0.5635585,0.56320333,0.54850554,0.5639711,0.5604119,0.5543703,0.5659287,0.57558954,0.5904139,0.5558241,0.56437606,0.55217785,0.5531828,0.5530404,0.5763309,0.5813885,0.5659213,0.55697274,0.55464774,0.5359928,0.5667241,0.57668257,0.55867,0.55335754,0.57688814,0.5835372,0.5704936,0.5692623,0.55350184,0.5655252,0.59356207,0.58640397,0.5553196,0.5680194,0.5776816,0.5840931,0.5969999,0.55826914,0.55325913,0.5688395,0.56969833,0.55871844,0.5671133,0.5487141,0.547024,0.5601238,0.5702209,0.5543372,0.5752154,0.5567184,0.56011486,0.58924437,0.5340712,0.5864092,0.5538828,0.5460826,0.52447397,0.5495692,0.53899133,0.54273355,0.5542942,0.5536791,0.5567676,0.55875856,0.5737582,0.58582455,0.562183,0.54390305,0.56724364,0.57717246,0.58839655,0.5740205,0.5555774,0.5567889,0.5824846,0.5718746,0.5569096,0.55838287,0.5533465
0.8269977,0.8212251,0.82075113,0.82381463,0.8173948,0.8005546,0.8037229,0.80733705,0.79689515,0.80340546,0.8091743,0.82998854,0.8301693,0.82870436,0.8361056,0.81500834,0.8186265,0.8089972,0.80942345,0.79441005,0.8251969,0.7922195,0.81584346,0.8235536,0.7983536,0.8278773,0.8166546,0.799485,0.81857777,0.81799996,0.8139416,0.81407344,0.81211734,0.83627725,0.7962774,0.79540026,0.82189596,0.8276887,0.79923487,0.80349433,0.8135622,0.810803,0.8224465,0.80962515,0.8282302,0.7938451,0.82506335,0.8170468,0.81688523,0.80651134,0.79139584,0.8173887,0.81177855,0.80985546,0.806833,0.8056882,0.8206598,0.8324296,0.7949639,0.8144586,0.8051771,0.8179511,0.8027405,0.82421625,0.8248547,0.81322724,0.83197737,0.82839143,0.8419757,0.8004269,0.8253088,0.7935543,0.79870236,0.8134275,0.83446807,0.7953943,0.82207626,0.8216582,0.83198225,0.7972707,0.8110848,0.83012706,0.8042649,0.822629,0.81832874,0.81539106,0.837735,0.8163289,0.8223893,0.8019255,0.8165184,0.82113916,0.81985235,0.82218796,0.8038636,0.8415964,0.7887984,0.8151533,0.8242285,0.8259574,0.7990101,0.80653876,0.8207964,0.8210825,0.8111306,0.8068447,0.82410157,0.7905665,0.8166996,0.81037134,0.8228601,0.81627643,0.8147827,0.8180348,0.80494153,0.8003957,0.82221067,0.79661214,0.8145006,0.83185434,0.8092785,0.8185196,0.8145381,0.80190253,0.82304066,0.8156179,0.812454,0.78675896,0.8114087,0.7917214,0.83639866,0.83053195,0.8169014,0.82964784,0.7861759,0.78744864,0.8382398,0.8108275,0.8189221,0.8208074,0.79574674,0.81526357,0.8246046,0.82368445,0.820452,0.80839634,0.81291044,0.8171872,0.80345315,0.7904356,0.8063183,0.81376,0.8274348,0.8050417,0.8194172,0.8238002,0.8213174,0.81918544,0.8137466,0.8205055,0.8264476,0.8209771,0.8279597,0.84803736,0.8367071,0.8193059,0.79117435,0.80281734,0.82821697,0.81373405,0.8290904,0.79691386,0.81385994,0.80959666,0.8267535,0.82902235,0.8013759,0.81365395,0.80854154,0.8064757,0.80474824,0.827841,0.8131823,0.8200725,0.81944484,0.80103713,0.81559837,0.8166161,0.80412126,0.8261474,0.8106694,0.8061507,0.81032366,0.8283229,0.81535906,0.81655306,0.8268438,0.8272326,0.8162784,0.8150785,0.8122799,0.81355184,0.82533085,0.82081336,0.8044625,0.8138594,0.8071009,0.8058555,0.82776344,0.8144802,0.8181193,0.8194444,0.8014283,0.80187577,0.80950385,0.8112566,0.83029604,0.82703626,0.7950993,0.8174517,0.8035739,0.8240585,0.81778747,0.8051803,0.81544816,0.81403756,0.8105485,0.8205035,0.8254184,0.7891389,0.80832255,0.81988287,0.83003604,0.80072623,0.8074433,0.8300623,0.8088594,0.81427866,0.80614436,0.8247054,0.81535447,0.83771807,0.826273,0.8169185,0.81695735,0.81744814,0.81332374,0.80648416,0.80183446,0.83634025,0.813103,0.81863093,0.814703,0.82881355,0.8048955,0.8348592,0.8277891,0.8131082,0.8039912,0.82370555,0.8307676,0.8248152,0.78625,0.8264854,0.7998543,0.81175387,0.79839647,0.79283434,0.8321497,0.81644005,0.82241225,0.8277502,0.8180983,0.79962313,0.80519134,0.8223826,0.83021826,0.834749,0.8025227,0.83838373,0.8009282,0.83058476,0.8230121,0.82880425,0.8249226,0.81194276,0.81374365,0.7885875,0.8190827,0.81876826,0.8221576,0.79620963,0.82529134,0.80492246,0.81343037,0.82402974,0.8036542,0.84947616,0.8194181,0.82130206,0.8143246,0.80314124,0.8198641,0.8016889,0.81801087,0.82680905,0.82844937,0.81415856,0.81396127,0.82848954,0.81301886,0.8050065,0.8147259,0.7968425,0.8242512,0.7969738,0.805449,0.83277,0.81087923,0.84979635,0.8071832,0.8217834,0.81951404,0.7870968,0.80888706,0.8205399,0.8297043,0.8191417,0.8086295,0.82887685,0.79032934,0.84614444,0.8170876,0.8231653,0.82372284,0.8059578,0.83806217,0.8062766,0.8274847,0.80278784,0.80479515,0.84560466,0.7951784,0.797967,0.82175916,0.8135344,0.81954765,0.8173439,0.7982136,0.8230022,0.8406374,0.8240002,0.80116445,0.827699,0.81363904,0.80017805,0.8082286,0.8287308,0.81379205,0.78808254,0.81625724,0.80293834,0.81647956,0.80139637,0.8033342,0.80523944,0.79910964,0.8013224,0.8333081,0.8162079,0.81234795,0.78665346,0.79076666,0.81348634,0.8280937,0.82844776,0.804059,0.818873,0.80862296,0.8033213,0.8145796,0.81246185,0.8043702,0.8173225,0.8330754,0.82033664,0.8224863,0.8234746,0.79611605,0.8242159,0.80493146,0.82839453,0.8032752,0.80765414,0.83731914,0.80127597,0.81392145,0.81402266,0.8282907,0.7909568,0.8315031,0.8269606,0.8118679,0.8101893,0.803092,0.8220954,0.8064109,0.80800277,0.81837285,0.8065675,0.81136996,0.8400376,0.799991,0.80989957,0.8085375,0.8309458,0.82594043,0.8185698,0.808355,0.82170707,0.8268358,0.8149848,0.8192062,0.8344836,0.830975,0.8208011,0.8263863,0.82948494,0.8121416,0.8125624,0.8056901,0.80693275,0.80874324,0.8402692,0.807119,0.81468064,0.8208469,0.8086109,0.8038747,0.81701523,0.816473,0.8095024,0.8070859,0.80503607,0.81939894,0.80755246,0.84666663,0.80637217,0.8277766,0.8248835,0.797062,0.79385376,0.80448085,0.8228928,0.8013776,0.80071867,0.822247,0.82658947,0.8070522,0.8241662,0.81816125,0.8263588,0.80816764,0.81078756,0.829892,0.8285174,0.81037706,0.8133622,0.81152785,0.8007127,0.8107098,0.8213162,0.80744493,0.8284167,0.8275059,0.83014816,0.82070595,0.8212008,0.82045263,0.8368604,0.7985508,0.8125832,0.8165872,0.79921424,0.8241991,0.8095456,0.8247304,0.84741825,0.81680334,0.83377373,0.8306787,0.80649936,0.81335294,0.8094348,0.821849,0.8310418,0.82105803,0.8240757,0.8234138,0.80005187,0.80968845,0.82165533,0.81365705,0.8141194,0.8293021,0.79776394,0.82593644,0.8147057,0.8150549,0.8143182,0.8222256,0.8154579,0.8390767,0.8169085,0.8118185,0.814908,0.80861247,0.8237414,0.82083625,0.8139389,0.80874825,0.81601983,0.8283817,0.81516856,0.8183403,0.8316944,0.83246,0.8066659,0.8157563,0.81332,0.8225523,0.8240752,0.80507684,0.8339934,0.7914744,0.8412346,0.81859964,0.8206557,0.8352271,0.8189537,0.8057403,0.8075427,0.7997698,0.8285625,0.82645416,0.8027337,0.82317674,0.8185663,0.80977577,0.8118306,0.8046605,0.8199527,0.8236082,0.8305043,0.802466,0.81973296,0.8056661,0.80807114,0.8228741,0.81077474,0.8297093,0.81177425,0.82613504,0.81619626,0.8044807,0.8224107,0.80311114,0.8215117,0.8209331,0.8062011,0.7989714,0.8352409,0.81678635,0.8237614,0.83808273,0.82940334,0.8318364,0.8004724,0.8094102,0.8312226,0.81460893,0.82605386,0.8206399,0.82928544,0.78897214,0.8102478,0.812786,0.80548394,0.8359737,0.8111845,0.80060124,0.8052293,0.816586,0.8154114,0.79825646,0.8090975,0.8195217,0.83260214,0.8288872,0.80506754,0.83335495,0.7978816,0.806778,0.8136891,0.8154073,0.82077396,0.82222056,0.8105216,0.8160312,0.8086482,0.8275416,0.8247996,0.8015139,0.81868726,0.8069115,0.7991927,0.80398613,0.80955887,0.80899346,0.8033517,0.822448,0.8147973,0.7906523,0.80827224,0.8373426,0.83396685,0.83239937,0.8091068,0.8118453,0.8343244,0.82982767,0.84126383,0.823907,0.83796597,0.81009173,0.8281359,0.7867387,0.8369385,0.7900656,0.79953533,0.818501,0.8212052,0.8160626,0.82482505,0.80893683,0.7775272,0.7971907,0.7921478,0.81110483,0.8028454,0.8184971,0.7838368,0.8144366,0.83659935,0.8047578,0.81267434,0.83670735,0.8481305,0.81347936,0.8114667,0.7962718,0.82906175,0.81886834,0.8319675,0.8272603,0.8001467,0.83013964,0.82750916,0.82964855,0.80734974,0.7937964,0.8374052,0.803779,0.8131744,0.8259718,0.82992244,0.8112916,0.8077444,0.831338,0.8392451,0.8240646,0.8077687,0.82824194,0.8356206,0.80703366,0.8253685,0.82738614,0.8072492,0.8098245,0.8262432,0.83859956,0.81665397,0.8276896,0.8281295,0.82263064,0.80701536,0.8063417,0.8314922,0.81148523,0.80158854,0.8236838,0.8124911,0.8197886,0.80479217,0.81157005,0.8191913,0.8154533,0.8242913,0.81262845,0.8173187,0.8292141,0.8265846,0.8074032,0.78635454,0.82931685,0.8171283,0.81329286,0.82108575,0.81507385,0.8013954,0.8204988,0.82085586,0.80319333,0.8231727,0.8380997,0.8116969,0.8203083,0.83433926,0.8207654,0.8177611,0.8263599,0.8076345,0.82985216,0.816883,0.8248219,0.81990635,0.80883723,0.8295326,0.8215537,0.8090196,0.80508685,0.8093152,0.83244866,0.8274,0.80264884,0.82024145,0.8023861,0.8180769,0.8128603,0.81668895,0.8329769,0.81077605,0.79819626,0.8267086,0.82263225,0.7941748,0.81151044,0.83338046,0.82245964,0.80369234,0.82764214,0.8280632,0.79894716,0.80977714,0.83493185,0.79495424,0.79091406,0.80663246,0.80953884,0.8156835,0.81668335,0.81500465,0.8069395,0.821349,0.82455033,0.8260123,0.8238232,0.8292739,0.8021699,0.82167625,0.85381484,0.8175309,0.81973946,0.81680185,0.8119912,0.82044923,0.81074166,0.83485866,0.81356484,0.8224486,0.8157727,0.82089067,0.8211269,0.80064064,0.80388385,0.82915133,0.81172353,0.8092607,0.8235014,0.80052054,0.80860454,0.8237202,0.82227707,0.8089804,0.8081551,0.8281793,0.8236978,0.8096239,0.8223406,0.8070545,0.81684375,0.8227277,0.7863736,0.8355562,0.80330074,0.80916697,0.82775635,0.8266867,0.8271937,0.8261322,0.8261075,0.8255491,0.82368517,0.8076913,0.82521564,0.8218796,0.81620324,0.80036604,0.8251433,0.8183972,0.7942127,0.82236254,0.8080107,0.80971646,0.8013902,0.8139508,0.81750053,0.7933663,0.80978626,0.8132766,0.8129441,0.8037843,0.8133948,0.8311981,0.82441497,0.8162288,0.8034305,0.7916535,0.8184308,0.8394458,0.8220443,0.816647,0.8302153,0.8114792,0.8342537,0.813099,0.8476622,0.8046268,0.83802766,0.80507916,0.8238918,0.81986886,0.8111319,0.8188892,0.7848627,0.8154316,0.81360364,0.8350667,0.8338422,0.8214397,0.8240737,0.82129085,0.81587446,0.803705,0.81100225,0.8195789,0.80664027,0.8067909,0.83183104,0.799068,0.81082684,0.80986005,0.81686425,0.8212121,0.8097423,0.81807023,0.81184757,0.81229824,0.8189238,0.82213795,0.8310721,0.8067344,0.81454337,0.80519265,0.8207224,0.82149035,0.81603867,0.8061159,0.8129545,0.7970626,0.8305457,0.8270179,0.8085462,0.8183022,0.8241068,0.82027733,0.8076074,0.8006444,0.8165585,0.8130766,0.8033103,0.82584476,0.8081116,0.8244376,0.80547994,0.8234619,0.80887836,0.84365636,0.8260596,0.8249103,0.8118931,0.8107973,0.82675743,0.8204249,0.8177496,0.83781457,0.81578064,0.8065451,0.8194813,0.85339713,0.81900275,0.824465,0.83055294,0.82938063,0.8243111,0.8381824,0.8331143,0.8078246,0.81734115,0.8174916,0.8128108,0.81880975,0.80034405,0.8220564,0.8248408,0.8251783,0.82614565,0.81961864,0.8296392,0.8213874,0.8231772,0.8362346,0.8239404,0.8079964,0.8408167,0.820749,0.8319185,0.8237932,0.8098588,0.8322265,0.83755004,0.8359752,0.828781,0.826809,0.81000596,0.81443375,0.8354913,0.8319342,0.8179299,0.81808984,0.81361866,0.82021224,0.8150941,0.80924654,0.81175745,0.80276424,0.82654154,0.7870203,0.81580716,0.814362,0.8141799,0.8210028,0.8277797,0.82328,0.84335613,0.82230824,0.82712287,0.8156692,0.8274097,0.8243321,0.8176086,0.8412461,0.8155862,0.81037617,0.81314486,0.84060997,0.8145101,0.8145525,0.80450785,0.81153893
0.9954097,0.99954855,0.9874446,0.9965534,1.0140804,0.9946837,0.99731797,1.0105251,1.0194968,0.9979934,1.0183709,1.002201,1.010732,0.9971099,1.0008584,1.004386,0.99344635,0.998123,1.0083145,1.0059096,1.0002451,0.98178595,1.0030534,0.99472946,1.0049994,1.0134711,1.0210558,0.9703113,1.0181843,0.99028456,1.0124959,0.9924757,1.0112534,1.0138475,1.0104787,0.9851984,0.99229723,1.0144677,1.0044672,0.9786316,0.97930276,1.0103306,1.0057787,1.0130528,1.0021528,0.9905474,0.99395657,0.9908231,0.99434274,1.0005314,1.0070852,1.013119,0.9948219,0.98962384,1.0141498,0.9950234,1.0214632,0.9966396,1.0008078,1.0156281,0.99444777,1.0099552,1.0147485,0.9989237,0.98938966,0.9767586,0.9836999,0.99365747,1.0046773,0.9790357,1.0120989,1.0125529,0.9988767,1.0104935,0.98865044,0.9953098,0.99615973,1.0086652,1.0079882,0.9840932,1.0027994,1.002204,0.9783351,1.002147,1.0123723,0.9906799,0.9847201,1.0015053,1.0059719,1.0076979,0.99211156,0.98844546,1.0068341,1.0093755,0.99048233,1.0011973,0.9852974,0.99584526,0.9958909,0.99232686,0.999991,0.9853172,1.0170041,0.9976856,1.0004418,0.99180156,0.9996472,1.0143282,1.0048712,0.98894805,1.0170609,0.97689867,0.98529917,0.999445,0.9923276,0.9921934,1.0015662,0.9951859,0.9966662,0.9928865,0.9668457,0.9861649,0.97399527,1.0235473,1.0148959,1.0044831,1.007771,1.0125998,1.002759,0.9922917,1.0186452,1.0142006,1.0038289,1.0109227,0.98163635,0.99220014,1.0040418,0.9857531,1.0131003,0.9768148,0.9849916,1.0002887,0.9948284,1.0155302,0.9882388,0.98288965,1.0070577,1.0036176,1.0134912,0.9942168,0.99376076,1.0095819,1.0174376,0.9949781,0.9952758,1.0011041,1.0348414,0.9933279,0.99944174,1.0018358,0.981757,0.987838,1.0069817,1.0353255,0.99850255,0.9934392,0.99974495,1.0045141,1.0194147,0.9735997,0.99924916,1.0058029,0.98912966,1.0110255,1.0112035,1.0169234,0.99749863,0.9872904,0.98892605,1.0002782,1.0148562,1.001884,1.0015092,0.98744345,1.0000875,0.9971802,1.0414922,0.9927456,0.99128044,0.9909638,0.99957263,0.99750227,1.0058144,1.0084862,0.9850792,0.99998385,0.990026,1.0144186,0.9896776,1.0024352,0.9915358,0.9982118,0.9992578,1.0166713,1.0160953,1.0012585,1.0061553,0.9836616,0.99395645,0.98717797,0.98429215,1.0114815,1.006413,1.0235099,1.0124364,1.0011258,1.0265067,1.0126716,1.0065022,0.99586946,0.9951228,1.0077099,0.9852484,0.98211104,1.0089718,0.9893621,1.0045419,0.98463553,0.98074985,0.99661285,1.0052116,0.9943014,1.0034422,1.0030553,0.9957457,1.0057127,1.0050137,0.98207355,1.0017935,0.9935087,0.9769897,1.0007746,1.0189312,0.99292934,0.9975906,1.0002551,0.9965834,0.98261493,1.0266671,0.9953832,0.99742794,0.9959122,1.0151179,1.0150079,1.0030024,0.9929728,1.0156673,1.0124027,1.0081545,1.0038338,1.0195684,0.9898613,1.0020248,1.0194124,0.96686184,1.0068189,0.98649573,0.9838942,1.0246584,0.99188584,0.9987617,1.0124964,1.0113603,0.98287535,1.00437,1.0083427,0.98824525,1.0285121,1.0106382,1.0131408,1.0110261,0.9896524,0.99415684,1.0068446,1.0184495,1.007055,1.0032787,0.999123,1.0036887,1.0153486,1.0095513,0.9936548,1.0022191,0.9817319,1.0031444,1.0110313,0.9813132,1.009164,1.0094895,1.0123684,0.9973727,0.97164273,1.0102317,0.99741524,1.0031426,1.0006361,1.0058936,0.98051155,0.99630713,0.9834771,0.9840337,1.0090637,1.0028142,0.99754095,0.9996228,1.0113765,0.9851185,0.9979029,0.9954129,1.0075332,0.9797235,0.9814538,0.9998112,0.9950639,0.98566043,0.9988308,1.0121553,0.9854425,0.9793141,1.0036712,0.99067783,1.0218706,0.9892469,0.99381167,0.9990307,0.98154205,1.0042824,1.0006727,0.9958153,1.0016482,0.99211615,0.9964046,0.9910637,0.9931068,1.0310942,0.9946973,0.9867306,0.9899353,1.0156058,0.9911765,1.0235211,1.0000219,0.9753039,0.99819756,0.9939583,0.9998651,0.99685013,1.020018,0.9714057,0.9889649,0.9937918,1.0094297,1.015726,1.0119948,0.98710924,0.9938111,0.9964337,1.0143166,1.0042272,1.0022151,1.0134742,1.0064893,0.98126656,0.9705601,1.0177594,0.9764351,1.0008568,1.0061723,0.9865482,1.0050819,1.016843,0.9897794,0.9891739,0.9822351,1.0133572,0.99366397,1.0034639,0.996264,0.9920017,0.9967171,1.004043,0.99579835,1.0094044,1.0013412,1.0016643,1.0177093,0.9935038,0.9958616,1.0001717,0.9737507,1.0019039,1.0065931,0.98446053,1.0012906,0.98382914,1.0193388,0.9826225,1.0087428,0.9936498,0.99081385,0.9921214,0.9982632,0.99487215,0.991588,0.9925885,0.9882171,0.9943016,1.0074626,0.97812414,0.99473053,0.997452,0.99739516,0.98693705,0.9929203,0.9952246,1.0347662,0.9999701,0.9949104,0.9967358,0.9975467,0.9878889,1.0060995,0.99019235,1.001184,0.99665654,1.0097898,1.0008478,0.98447025,0.99048746,0.9875688,0.988377,0.98915523,0.9903115,1.0096431,0.9889405,0.99683255,0.99792516,0.99274236,0.99151945,1.0010641,0.97825783,0.9955941,1.0124559,0.9783002,0.9896505,0.99908024,0.99509054,0.97624236,0.993137,1.010593,0.99510574,0.9966467,1.012786,1.0083462,0.99464726,1.003734,0.9858626,0.99750936,0.99225533,0.9985685,1.0073059,0.9841123,0.9882199,1.0172,1.0089352,1.0199125,0.99835825,1.0053276,1.0192132,1.0055851,0.9809546,1.0050322,0.9773896,0.98018163,1.003928,0.99851215,1.0078712,1.0236734,1.0060593,0.9887317,0.98821867,1.0081722,1.0128355,1.003859,0.98917,0.99574023,0.9847743,1.0206611,1.0040808,1.0057317,0.99425143,0.99047196,0.9989996,0.98875386,1.0179677,0.9864022,1.0019716,1.0126799,0.9954332,0.9892852,0.99228185,1.0083326,1.0102661,0.99311924,0.99681747,1.0048064,0.99199814,0.9762109,0.98606443,1.0079433,0.9798201,0.9858265,0.99177045,0.99920917,1.0096446,1.0085241,0.9905946,0.98465014,0.9940242,1.0019345,1.0071142,1.0222274,1.0142362,0.9993141,1.0048772,1.0024157,0.99026144,0.98388815,1.0119768,1.0213674,1.0023017,0.99939543,0.9847953,1.0002279,1.0074506,0.99589676,0.9884278,1.0026025,1.0077208,0.9890324,0.9993764,1.0020571,1.0186653,1.0085069,1.005927,1.0086434,1.0000377,0.9936183,1.0102628,0.98548216,0.993105,1.0114752,1.0047077,1.0044819,0.99088305,0.9987477,1.0002078,1.0026397,0.986789,0.9801533,1.0118574,1.0089312,1.0052818,1.0091226,0.99873394,1.0005122,1.0046917,0.9958611,1.0142035,1.0457534,0.993916,1.0122923,0.99344504,1.0121558,0.97932196,1.0019969,1.005815,0.9919246,0.9861655,1.0048603,1.0018021,1.0112801,1.0047742,1.0077857,0.9891178,0.9985195,0.9945764,1.0105696,0.9922194,1.0002085,0.99052244,1.0209783,0.98235,1.0011139,1.0124083,1.007447,1.0033479,1.0033585,0.9981794,0.97245014,1.013365,0.98975897,0.99605846,1.0100734,0.98786885,1.0264336,0.9963437,1.0072359,0.9778286,1.0082814,1.0059847,0.9891818,0.9893454,1.0014929,0.99288696,0.97768134,1.0082605,1.0089828,1.0191406,1.0139749,1.0008636,1.014811,1.0181652,1.0185802,1.0122137,0.99757755,0.9825883,1.0189487,0.9827,1.018026,0.99224925,1.0040699,1.0148348,0.9828323,0.9932161,0.9856211,1.0118566,0.99947846,1.0146976,0.99756676,0.9891219,1.0098667,0.9856145,0.98338675,1.0017205,0.9990273,1.0057485,0.995211,0.9942589,0.99169546,0.99116105,1.0000719,1.0020308,0.988854,1.0073477,1.0294603,1.0142584,0.9984225,1.0093924,1.0034759,0.9873084,0.99826646,1.01326,1.0056208,0.98901343,1.0152088,0.9913988,0.99896,1.0161756,0.9960152,1.0068514,0.999809,1.0021818,1.0270181,0.99547446,0.99763834,1.0099795,1.0002382,0.98872143,1.0033637,1.0279821,1.0072023,1.0046417,1.0075144,1.0007255,1.0222924,0.9830494,1.0094694,1.0032169,0.98267275,1.0063392,0.9935314,1.0292492,1.011534,0.987803,0.98498154,0.9958063,1.0169839,0.99744594,0.9880052,0.9880034,0.9968613,0.9910471,0.9947228,1.0035408,0.9960927,1.0104665,0.98578167,1.0453491,1.0102183,1.0064331,0.99904794,1.0048481,1.0016344,1.0011531,0.98419344,1.0094815,1.0100126,0.9987389,1.0112631,1.011906,1.0088551,1.0103172,1.0088845,1.0180544,1.0094448,0.9877918,0.9976353,0.99787533,1.0060002,0.9887578,0.9747256,1.0176396,0.9994307,1.0001905,1.0037521,1.0172402,1.0039828,1.0029691,1.0053809,0.9898028,0.9838625,0.9954774,0.99346757,1.0089865,0.97946054,0.9958168,1.0103345,1.0137815,0.9917706,1.0028732,1.0151496,0.993358,0.99367714,0.9871003,0.9820915,0.97626877,0.9954944,1.017311,0.99193466,1.0069159,0.9843062,1.0084913,1.012385,1.0012292,0.997587,0.9750501,1.0138366,0.987069,1.0161003,1.0110217,0.9948122,0.9995274,1.008816,0.98279667,1.0035172,1.0182898,1.0050327,0.9966386,0.9877463,1.0002658,1.0209283,0.98398894,1.010631,0.99788725,1.0106722,0.99293476,0.98339343,0.9997389,1.0046436,1.0248173,1.0001612,0.9951911,1.0072949,0.98413926,0.9987028,1.0210205,1.0101892,1.0011419,1.0246087,1.0020827,1.0182076,1.0055922,1.0207782,1.0100492,0.98080313,0.98545206,0.99130106,1.0191505,1.013538,0.9979213,1.0245793,0.97762847,0.99200785,1.0153543,1.0049331,1.0198965,0.9961969,1.011688,1.0077105,1.0049024,0.9995396,1.0086874,1.0065191,0.9919263,1.0087891,1.0181931,0.98849,1.0095882,0.9987102,1.0169247,1.002733,0.98087287,1.0015684,0.9951489,0.9736186,1.0084375,1.007939,0.9860158,1.0134256,0.9869448,0.9971543,1.0141072,0.98752487,0.9994741,0.9970503,1.0181595,0.9949733,1.0151463,1.0185704,0.99839664,0.9997672,0.98624897,0.9870203,1.0041419,1.0035751,0.9927908,1.0152768,1.0177703,0.99812585,1.0095541,1.0042245,0.99967897,0.9960722,0.9958741,0.9981421,1.0269133,0.97739667,1.0120053,0.98185223,0.99861073,1.0027026,1.0143479,0.99872947,0.9926457,0.9903111,1.0043541,1.007108,1.0109954,1.0017135,1.0180424,1.0094132,0.9984721,0.9866235,1.0017055,0.97974384,0.9984716,0.9734802,1.0114756,0.99376625,1.0175759,0.99529034,0.98687196,0.997637,1.0178102,1.019939,0.98824406,0.9981206,1.0128093,0.9915612,1.0072384,1.0085133,1.0116537,1.0066547,0.99744195,0.9840639,0.99732834,1.0109857,1.0011498,1.0155491,1.008479,1.0090115,0.98922503,1.0185349,0.9743773,1.0240391,0.9996918,1.0132345,1.0109278,0.99048376,1.0092173,1.0063401,0.99160147,1.0347035,1.0018106,0.98979926,1.0020534,1.0114964,0.9836717,1.0003935,0.99150836,1.0005711,1.0080041,0.9818281,0.9924506,1.0023983,1.0028421,1.0147213,1.0037465,0.98537654,1.0069654,1.0024463,1.0272444,0.9868549,1.0196785,1.0176207,0.99613136,0.9968559,1.0116057,0.98035735,1.0173106,0.98393035,1.0316923,0.98695195,0.9877176,0.998216,1.0250143,1.0003741,0.99510026,0.9985929,1.0079219,0.9945102,1.000609,1.0223398,1.0125602,1.004069,1.0275999,0.9858521,0.99125063,0.98928434,1.0127926,0.9928805,1.015229,1.0105435,1.0044843,1.0093664,1.0050634,1.0000473,0.9928888,1.0074207,0.9991331,0.98857707,1.0107315,0.987736,0.9927538,0.9929946,1.0238632,0.9881223,0.98075366,0.9910989
0.78273195,0.7981088,0.75752777,0.7947172,0.8048049,0.77321786,0.7866124,0.79789245,0.8097548,0.78372216,0.7953557,0.7878724,0.797094,0.78543603,0.7878885,0.8144898,0.77802473,0.80319065,0.787804,0.7943774,0.7870644,0.77107084,0.7950124,0.79530966,0.7834502,0.79245263,0.81014824,0.7584213,0.7997394,0.79003346,0.7886417,0.783349,0.7836825,0.799086,0.7814767,0.7651189,0.79485303,0.8083622,0.7926875,0.77875406,0.7676678,0.8036509,0.8018418,0.7886729,0.7960637,0.7826816,0.78583306,0.7853094,0.75554854,0.78484356,0.7780095,0.7836617,0.7936571,0.7794251,0.7892098,0.7872751,0.79159534,0.791255,0.7984907,0.81086665,0.79110074,0.8007917,0.7929356,0.7841815,0.78111035,0.768075,0.7912535,0.79892445,0.7962176,0.7913419,0.79791564,0.8093575,0.7763073,0.7962837,0.79502904,0.7970024,0.7897121,0.7838014,0.7965735,0.7743755,0.7861284,0.80229485,0.78059494,0.7843137,0.7832865,0.7829872,0.8073284,0.7895871,0.79953015,0.7791022,0.79530865,0.793874,0.7959694,0.81107134,0.80017877,0.7826621,0.7706661,0.78819937,0.7824318,0.7869632,0.79885703,0.79930615,0.7930357,0.7914297,0.78422904,0.7907934,0.8045822,0.8035684,0.7935147,0.7806243,0.77180254,0.765193,0.7973554,0.78781545,0.7613199,0.78974736,0.79937553,0.7638087,0.8029111,0.79504365,0.7648309,0.79083776,0.77239364,0.78439426,0.8066816,0.7688991,0.7983471,0.8013315,0.79777646,0.7754737,0.7955698,0.7842952,0.7816001,0.7755594,0.7918883,0.79203683,0.79418117,0.7698785,0.7642405,0.7641203,0.7802144,0.7943379,0.8057264,0.80233455,0.77660257,0.78977466,0.7993741,0.7939349,0.7916832,0.79241884,0.79567415,0.78162426,0.7870708,0.7905608,0.7778779,0.8003583,0.7990955,0.7807242,0.7826355,0.77173537,0.76609993,0.7919682,0.77804536,0.8278493,0.77731454,0.78351074,0.80187297,0.79435235,0.80269897,0.7862302,0.79027325,0.77793115,0.7932794,0.78685904,0.7828557,0.80165005,0.7839162,0.80135846,0.7738879,0.78147864,0.78477174,0.7999961,0.8015692,0.79905057,0.78670686,0.774186,0.8060797,0.8097056,0.78250855,0.77351135,0.7776386,0.79669183,0.78390104,0.80237406,0.7779184,0.7994157,0.79321706,0.7908481,0.7732131,0.8038004,0.80214566,0.7900963,0.7783419,0.80576277,0.7818074,0.77807856,0.8158479,0.79435,0.77875596,0.78353155,0.7646185,0.792248,0.8038189,0.7871142,0.7895635,0.7955889,0.79411703,0.78230095,0.80735475,0.79435116,0.7735808,0.78594965,0.79025453,0.7821356,0.80166864,0.80052155,0.7867287,0.77168274,0.79860085,0.78091174,0.8036563,0.79189485,0.80073833,0.771905,0.78931314,0.7883353,0.79458463,0.7728869,0.8001235,0.80539984,0.7617161,0.8038806,0.796179,0.7692075,0.7959428,0.77896905,0.7823894,0.79559565,0.7965412,0.77096057,0.79257977,0.78385514,0.79610604,0.79824144,0.7886437,0.78945166,0.7980901,0.80580145,0.7847211,0.7917936,0.7926316,0.8029703,0.78197134,0.7783844,0.7760339,0.78046477,0.7773281,0.7759347,0.8085402,0.7723907,0.7966183,0.7936771,0.79013956,0.77381206,0.78118056,0.79708594,0.799622,0.81811345,0.77619314,0.80456674,0.78585315,0.77710223,0.7977535,0.7905208,0.78435814,0.7870164,0.7854763,0.7709191,0.7807262,0.79284525,0.77179253,0.7753151,0.78134537,0.7969381,0.79049313,0.8018951,0.7684644,0.79894483,0.8052913,0.80593103,0.7763793,0.7866645,0.78750575,0.7898288,0.7764171,0.7958908,0.8116334,0.7749401,0.77475923,0.77646995,0.7797599,0.80790085,0.7805416,0.76985145,0.7850465,0.79814273,0.7757938,0.779341,0.78124267,0.7934967,0.77498025,0.7792431,0.76889056,0.7908415,0.7914379,0.77752686,0.7908897,0.78537524,0.77098453,0.79294014,0.7911209,0.80436134,0.7862083,0.78431493,0.79191184,0.7951155,0.7948532,0.7941093,0.79844946,0.7964744,0.7916768,0.79314375,0.7962978,0.78423846,0.7948054,0.7915065,0.7865016,0.7629437,0.7926674,0.79273236,0.7938831,0.7831568,0.7703315,0.8035836,0.7802405,0.79163593,0.7991535,0.799539,0.7756617,0.7877279,0.7789769,0.7723518,0.8098218,0.78337675,0.7887501,0.7770575,0.78101844,0.81113595,0.77521145,0.78854996,0.79884726,0.78373957,0.7868554,0.7582558,0.7872462,0.7763958,0.79859304,0.7855715,0.78393316,0.8018737,0.8025838,0.7712187,0.79585177,0.78777224,0.7912668,0.78725284,0.78675175,0.80520606,0.7974665,0.781854,0.7851716,0.778535,0.7843154,0.79312295,0.78850424,0.79618174,0.7981761,0.7697058,0.81191087,0.7777623,0.80986017,0.78101826,0.7705795,0.78432053,0.79016393,0.8132602,0.7730898,0.8096238,0.7892727,0.7779116,0.78812224,0.7692027,0.78060114,0.7897977,0.77767533,0.78963596,0.778277,0.78631943,0.774704,0.78396773,0.80362844,0.77435535,0.7692143,0.7841199,0.79024875,0.8115541,0.7816088,0.7985565,0.7918196,0.77825534,0.78348184,0.7658664,0.78397536,0.79845273,0.78225297,0.7914981,0.80318624,0.7878511,0.77977884,0.7637846,0.7793767,0.777999,0.77665496,0.790238,0.7944026,0.79452294,0.78905827,0.79064155,0.77144456,0.78653,0.78747463,0.78561044,0.79127765,0.7920453,0.77843404,0.7810722,0.7881229,0.7845335,0.7761763,0.7866877,0.78318506,0.7894189,0.7892059,0.7921196,0.7888272,0.7911732,0.78272015,0.803701,0.77360165,0.78879005,0.7970519,0.7850885,0.7857576,0.782781,0.7906748,0.80161715,0.7988395,0.7974407,0.7901496,0.79795897,0.7910809,0.78944516,0.77944744,0.7725613,0.78980786,0.77052593,0.7912198,0.8016931,0.79671866,0.78709793,0.7797846,0.78045356,0.80864835,0.77924234,0.7714619,0.80539256,0.77419627,0.8093587,0.78779304,0.79902685,0.7931426,0.79486704,0.78603905,0.8024252,0.802447,0.7636627,0.7989135,0.79150915,0.7933831,0.7792415,0.7839709,0.7982881,0.78684556,0.806551,0.79499805,0.7802404,0.7787626,0.78672284,0.76264197,0.7851634,0.7792111,0.77864987,0.78461355,0.7815152,0.79715484,0.79278934,0.8077556,0.7711629,0.7918191,0.77685654,0.8027543,0.8019482,0.79587877,0.7848432,0.7941929,0.79976684,0.7916343,0.79595596,0.7934135,0.8036346,0.8151794,0.76580644,0.77495307,0.80025846,0.804515,0.7921564,0.7812924,0.7942135,0.79225177,0.78055716,0.79183966,0.7773222,0.8029482,0.79248893,0.7856837,0.79217595,0.8033282,0.7704274,0.80088705,0.8012133,0.7935978,0.778715,0.78570753,0.78391075,0.78757113,0.79562783,0.7903818,0.7919957,0.7945358,0.7820791,0.78591233,0.7796648,0.78953713,0.7865998,0.7974967,0.78080666,0.8057232,0.8073743,0.78524125,0.81161857,0.7916346,0.79227453,0.7776303,0.78993887,0.7806395,0.814671,0.7781831,0.77859175,0.7598752,0.78437585,0.78730404,0.79575235,0.7767974,0.7916298,0.781264,0.79483855,0.7764311,0.7962291,0.7721835,0.78246444,0.7818134,0.79456246,0.7813314,0.79292434,0.8003664,0.8120257,0.78646135,0.7967401,0.7935741,0.78651917,0.7977576,0.79617643,0.7851555,0.7882543,0.7713099,0.7898549,0.8084485,0.79492694,0.7810837,0.791887,0.8048238,0.76388013,0.77757716,0.7760364,0.78888947,0.7805748,0.8049604,0.7940852,0.79934037,0.8021654,0.81623375,0.79420334,0.78872544,0.80613166,0.79078716,0.7766304,0.7837977,0.77675223,0.766657,0.8015986,0.78982174,0.7964718,0.8086533,0.77903944,0.7864888,0.7901606,0.7988697,0.79188216,0.7991432,0.8024313,0.78340936,0.79893184,0.7794983,0.7874716,0.7976216,0.7874363,0.7877236,0.8046545,0.7721427,0.78566915,0.7805381,0.7820282,0.78807366,0.7737153,0.7760148,0.79954344,0.77795935,0.7905992,0.8000901,0.7962037,0.79483455,0.79869056,0.8197379,0.77136666,0.7826232,0.7732042,0.77528924,0.78987753,0.7743173,0.7897399,0.78465766,0.79329824,0.7955009,0.80271554,0.7740368,0.79596156,0.77426684,0.7848437,0.78326654,0.77345604,0.8009864,0.7738373,0.81232625,0.8050075,0.7923408,0.80390704,0.76948106,0.80651414,0.81021637,0.7842152,0.79652166,0.7760842,0.78948283,0.80172676,0.7874802,0.76375693,0.79005796,0.7997052,0.7877866,0.7730293,0.7834223,0.8018863,0.7722931,0.7909131,0.7975701,0.80352455,0.77740806,0.7734605,0.81151223,0.78424937,0.77881694,0.7960376,0.77440476,0.79810524,0.7884706,0.7759259,0.7900134,0.80378765,0.7796861,0.79822135,0.80343497,0.7867294,0.79068357,0.79377186,0.79372233,0.79759985,0.79830694,0.8040283,0.785409,0.78465956,0.7807688,0.7670349,0.7995203,0.80117077,0.8007367,0.7982338,0.79335296,0.8002276,0.7850948,0.77962923,0.7900082,0.7893297,0.7791143,0.79555345,0.78936636,0.7629483,0.7689093,0.79965854,0.79296637,0.77668476,0.7845746,0.7809725,0.77706605,0.7948906,0.78798485,0.78243876,0.76733565,0.7897008,0.80957997,0.78593117,0.7933287,0.7938415,0.7834381,0.7892085,0.78609073,0.8001816,0.77714664,0.7955455,0.7884295,0.8029773,0.8052023,0.76159495,0.78562975,0.8062745,0.78330445,0.7954917,0.79182905,0.79602236,0.77780414,0.79553103,0.7815152,0.791998,0.7973248,0.80482394,0.7883881,0.7852875,0.76518023,0.80007845,0.8058349,0.798944,0.80731654,0.7796995,0.7796313,0.7903701,0.7899744,0.7900167,0.7938728,0.7915206,0.79316366,0.8110432,0.7917776,0.7965212,0.7881889,0.80278045,0.79802454,0.7773454,0.785699,0.77543676,0.79609436,0.80289745,0.7987759,0.79289865,0.7819025,0.7941032,0.7876166,0.78272104,0.7856965,0.76793873,0.79938936,0.7935052,0.7939077,0.8041207,0.78989965,0.7922193,0.78558826,0.7879709,0.81936294,0.7674383,0.7940738,0.7847457,0.80997384,0.773428,0.7800152,0.7965703,0.77269113,0.7713271,0.78961295,0.786673,0.78174144,0.793573,0.76498437,0.8003138,0.79706216,0.784465,0.7836727,0.79071176,0.7812831,0.7908337,0.79204804,0.78610617,0.7834571,0.7754842,0.7910233,0.79176563,0.78014237,0.79154325,0.7944359,0.8018372,0.8031874,0.7640042,0.79007304,0.79731345,0.78106976,0.79173845,0.7715314,0.79914665,0.8052137,0.7710691,0.79234976,0.7873164,0.7783436,0.7837072,0.8170386,0.79181874,0.77238107,0.78029025,0.7847663,0.7914725,0.79467803,0.7971496,0.80043244,0.8022653,0.76895857,0.78857625,0.795645,0.7808765,0.8019337,0.7643847,0.8101055,0.78775835,0.80066466,0.79423493,0.7862479,0.773438,0.7999897,0.7897534,0.7794833,0.7825688,0.796741,0.79462576,0.7881099,0.7958729,0.79251206,0.79395115,0.76838917,0.7953632,0.79433715,0.796691,0.7920503,0.78605455,0.78883463,0.7815044,0.7826581,0.8042932,0.79941183,0.79083,0.7900077,0.7824353,0.7900644,0.7969705,0.7819804,0.7904392,0.784409,0.81242484,0.79591626,0.7830746,0.79417175,0.7930952,0.77310574,0.795222,0.7834789,0.80682576,0.80544984,0.79354405,0.7893253,0.7811413,0.7964536,0.8031957,0.7983039,0.7787747,0.80788153,0.7978565,0.8205013,0.7859847,0.78549135,0.8036728,0.7869257,0.78360814,0.81511706,0.7895783,0.8015801,0.7786726,0.81848806,0.77620065,0.7768234,0.7815769,0.8179507,0.80481464,0.78112024,0.7910961,0.79175574,0.7818785,0.7852717,0.8102547,0.808233,0.8022907,0.794115,0.76876754,0.78225213,0.77150077,0.7969801,0.7964149,0.7726569,0.82306576,0.7988125,0.8058037,0.8011589,0.7870724,0.7940653,0.7952589,0.8138043,0.7832692,0.8003006,0.77759033,0.77923,0.78062594,0.79362273,0.79345775,0.78821766,0.77179384
0.0,0.0,0.0,0.0,0.0,0.0,0.0,0.0,0.0,0.0,0.0,0.0,0.0,0.0,0.0,0.0,0.0,0.0,0.0,0.0,0.0,0.0,0.0,0.0,0.0,0.0,0.0,0.0,0.0,0.0,0.0,0.0,0.0,0.0,0.0,0.0,0.0,0.0,0.0,0.0,0.0,0.0,0.0,0.0,0.0,0.0,0.0,0.0,0.0,0.0,0.0,0.0,0.0,0.0,0.0,0.0,0.0,0.0,0.0,0.0,0.0,0.0,0.0,0.0,0.0,0.0,0.0,0.0,0.0,0.0,0.0,0.0,0.0,0.0,0.0,0.0,0.0,0.0,0.0,0.0,0.0,0.0,0.0,0.0,0.0,0.0,0.0,0.0,0.0,0.0,0.0,0.0,0.0,0.0,0.0,0.0,0.0,0.0,0.0,0.0,0.0,0.0,0.0,0.0,0.0,0.0,0.0,0.0,0.0,0.0,0.0,0.0,0.0,0.0,0.0,0.0,0.0,0.0,0.0,0.0,0.0,0.0,0.0,0.0,0.0,0.0,0.0,0.0,0.0,0.0,0.0,0.0,0.0,0.0,0.0,0.0,0.0,0.0,0.0,0.0,0.0,0.0,0.0,0.0,0.0,0.0,0.0,0.0,0.0,0.0,0.0,0.0,0.0,0.0,0.0,0.0,0.0,0.0,0.0,0.0,0.0,0.0,0.0,0.0,0.0,0.0,0.0,0.0,0.0,0.0,0.0,0.0,0.0,0.0,0.0,0.0,0.0,0.0,0.0,0.0,0.0,0.0,0.0,0.0,0.0,0.0,0.0,0.0,0.0,0.0,0.0,0.0,0.0,0.0,0.0,0.0,0.0,0.0,0.0,0.0,0.0,0.0,0.0,0.0,0.0,0.0,0.0,0.0,0.0,0.0,0.0,0.0,0.0,0.0,0.0,0.0,0.0,0.0,0.0,0.0,0.0,0.0,0.0,0.0,0.0,0.0,0.0,0.0,0.0,0.0,0.0,0.0,0.0,0.0,0.0,0.0,0.0,0.0,0.0,0.0,0.0,0.0,0.0,0.0,0.0,0.0,0.0,0.0,0.0,0.0,0.0,0.0,0.0,0.0,0.0,0.0,0.0,0.0,0.0,0.0,0.0,0.0,0.0,0.0,0.0,0.0,0.0,0.0,0.0,0.0,0.0,0.0,0.0,0.0,0.0,0.0,0.0,0.0,0.0,0.0,0.0,0.0,0.0,0.0,0.0,0.0,0.0,0.0,0.0,0.0,0.0,0.0,0.0,0.0,0.0,0.0,0.0,0.0,0.0,0.0,0.0,0.0,0.0,0.0,0.0,0.0,0.0,0.0,0.0,0.0,0.0,0.0,0.0,0.0,0.0,0.0,0.0,0.0,0.0,0.0,0.0,0.0,0.0,0.0,0.0,0.0,0.0,0.0,0.0,0.0,0.0,0.0,0.0,0.0,0.0,0.0,0.0,0.0,0.0,0.0,0.0,0.0,0.0,0.0,0.0,0.0,0.0,0.0,0.0,0.0,0.0,0.0,0.0,0.0,0.0,0.0,0.0,0.0,0.0,0.0,0.0,0.0,0.0,0.0,0.0,0.0,0.0,0.0,0.0,0.0,0.0,0.0,0.0,0.0,0.0,0.0,0.0,0.0,0.0,0.0,0.0,0.0,0.0,0.0,0.0,0.0,0.0,0.0,0.0,0.0,0.0,0.0,0.0,0.0,0.0,0.0,0.0,0.0,0.0,0.0,0.0,0.0,0.0,0.0,0.0,0.0,0.0,0.0,0.0,0.0,0.0,0.0,0.0,0.0,0.0,0.0,0.0,0.0,0.0,0.0,0.0,0.0,0.0,0.0,0.0,0.0,0.0,0.0,0.0,0.0,0.0,0.0,0.0,0.0,0.0,0.0,0.0,0.0,0.0,0.0,0.0,0.0,0.0,0.0,0.0,0.0,0.0,0.0,0.0,0.0,0.0,0.0,0.0,0.0,0.0,0.0,0.0,0.0,0.0,0.0,0.0,0.0,0.0,0.0,0.0,0.0,0.0,0.0,0.0,0.0,0.0,0.0,0.0,0.0,0.0,0.0,0.0,0.0,0.0,0.0,0.0,0.0,0.0,0.0,0.0,0.0,0.0,0.0,0.0,0.0,0.0,0.0,0.0,0.0,0.0,0.0,0.0,0.0,0.0,0.0,0.0,0.0,0.0,0.0,0.0,0.0,0.0,0.0,0.0,0.0,0.0,0.0,0.0,0.0,0.0,0.0,0.0,0.0,0.0,0.0,0.0,0.0,0.0,0.0,0.0,0.0,0.0,0.0,0.0,0.0,0.0,0.0,0.0,0.0,0.0,0.0,0.0,0.0,0.0,0.0,0.0,0.0,0.0,0.0,0.0,0.0,0.0,0.0,0.0,0.0,0.0,0.0,0.0,0.0,0.0,0.0,0.0,0.0,0.0,0.0,0.0,0.0,0.0,0.0,0.0,0.0,0.0,0.0,0.0,0.0,0.0,0.0,0.0,0.0,0.0,0.0,0.0,0.0,0.0,0.0,0.0,0.0,0.0,0.0,0.0,0.0,0.0,0.0,0.0,0.0,0.0,0.0,0.0,0.0,0.0,0.0,0.0,0.0,0.0,0.0,0.0,0.0,0.0,0.0,0.0,0.0,0.0,0.0,0.0,0.0,0.0,0.0,0.0,0.0,0.0,0.0,0.0,0.0,0.0,0.0,0.0,0.0,0.0,0.0,0.0,0.0,0.0,0.0,0.0,0.0,0.0,0.0,0.0,0.0,0.0,0.0,0.0,0.0,0.0,0.0,0.0,0.0,0.0,0.0,0.0,0.0,0.0,0.0,0.0,0.0,0.0,0.0,0.0,0.0,0.0,0.0,0.0,0.0,0.0,0.0,0.0,0.0,0.0,0.0,0.0,0.0,0.0,0.0,0.0,0.0,0.0,0.0,0.0,0.0,0.0,0.0,0.0,0.0,0.0,0.0,0.0,0.0,0.0,0.0,0.0,0.0,0.0,0.0,0.0,0.0,0.0,0.0,0.0,0.0,0.0,0.0,0.0,0.0,0.0,0.0,0.0,0.0,0.0,0.0,0.0,0.0,0.0,0.0,0.0,0.0,0.0,0.0,0.0,0.0,0.0,0.0,0.0,0.0,0.0,0.0,0.0,0.0,0.0,0.0,0.0,0.0,0.0,0.0,0.0,0.0,0.0,0.0,0.0,0.0,0.0,0.0,0.0,0.0,0.0,0.0,0.0,0.0,0.0,0.0,0.0,0.0,0.0,0.0,0.0,0.0,0.0,0.0,0.0,0.0,0.0,0.0,0.0,0.0,0.0,0.0,0.0,0.0,0.0,0.0,0.0,0.0,0.0,0.0,0.0,0.0,0.0,0.0,0.0,0.0,0.0,0.0,0.0,0.0,0.0,0.0,0.0,0.0,0.0,0.0,0.0,0.0,0.0,0.0,0.0,0.0,0.0,0.0,0.0,0.0,0.0,0.0,0.0,0.0,0.0,0.0,0.0,0.0,0.0,0.0,0.0,0.0,0.0,0.0,0.0,0.0,0.0,0.0,0.0,0.0,0.0,0.0,0.0,0.0,0.0,0.0,0.0,0.0,0.0,0.0,0.0,0.0,0.0,0.0,0.0,0.0,0.0,0.0,0.0,0.0,0.0,0.0,0.0,0.0,0.0,0.0,0.0,0.0,0.0,0.0,0.0,0.0,0.0,0.0,0.0,0.0,0.0,0.0,0.0,0.0,0.0,0.0,0.0,0.0,0.0,0.0,0.0,0.0,0.0,0.0,0.0,0.0,0.0,0.0,0.0,0.0,0.0,0.0,0.0,0.0,0.0,0.0,0.0,0.0,0.0,0.0,0.0,0.0,0.0,0.0,0.0,0.0,0.0,0.0,0.0,0.0,0.0,0.0,0.0,0.0,0.0,0.0,0.0,0.0,0.0,0.0,0.0,0.0,0.0,0.0,0.0,0.0,0.0,0.0,0.0,0.0,0.0,0.0,0.0,0.0,0.0,0.0,0.0,0.0,0.0,0.0,0.0,0.0,0.0,0.0,0.0,0.0,0.0,0.0,0.0,0.0,0.0,0.0,0.0,0.0,0.0,0.0,0.0,0.0,0.0,0.0,0.0,0.0,0.0,0.0,0.0,0.0,0.0,0.0,0.0,0.0,0.0,0.0,0.0,0.0,0.0,0.0,0.0,0.0,0.0,0.0,0.0,0.0,0.0,0.0,0.0,0.0,0.0,0.0,0.0,0.0,0.0,0.0,0.0,0.0,0.0,0.0,0.0,0.0,0.0,0.0,0.0,0.0,0.0,0.0,0.0,0.0,0.0,0.0,0.0,0.0,0.0,0.0,0.0,0.0,0.0,0.0,0.0,0.0,0.0,0.0
1.1210649,1.1089777,1.10756,1.1162815,1.13321,1.1037909,1.1121736,1.1254635,1.1339569,1.1238517,1.1301323,1.1310914,1.1196628,1.1081666,1.1309274,1.1198606,1.1166629,1.1316903,1.1251216,1.1319301,1.116425,1.10012,1.1219627,1.1146951,1.1204518,1.1386675,1.13404,1.1042262,1.1164283,1.1201077,1.1331886,1.1106576,1.1157148,1.1300341,1.1166195,1.1014998,1.0973883,1.1364046,1.1164182,1.1008054,1.1019456,1.1318022,1.1354501,1.1205269,1.1364056,1.1052363,1.1107692,1.1136166,1.1213201,1.1160268,1.0938115,1.1383809,1.1160266,1.1310686,1.1163508,1.1215831,1.1302836,1.1229154,1.1338267,1.1178598,1.1040553,1.1325219,1.1208767,1.1109008,1.1155146,1.1151743,1.1130548,1.1285286,1.129124,1.0937514,1.1269066,1.1434594,1.1115321,1.1333892,1.1238526,1.1190046,1.1269891,1.108651,1.1303754,1.1140348,1.1186855,1.1286818,1.1039662,1.123335,1.1120367,1.1181518,1.1256034,1.1107582,1.1252353,1.1046716,1.1031414,1.1119864,1.1408352,1.1320028,1.1133056,1.1058602,1.0852929,1.1242474,1.1248027,1.1162022,1.114643,1.112085,1.1246511,1.1131194,1.1156245,1.1228352,1.1406629,1.11008,1.1301898,1.1314366,1.1108398,1.103722,1.1113276,1.1268554,1.1121279,1.1034774,1.114676,1.1105698,1.1075017,1.1143711,1.0995626,1.1187574,1.1054933,1.1102268,1.1352851,1.1150395,1.1132575,1.1249377,1.1143056,1.122706,1.1412776,1.1233352,1.1150979,1.1271718,1.1068833,1.1150118,1.1243179,1.1082494,1.1189029,1.1114014,1.1088684,1.1194834,1.1292807,1.1178738,1.1097996,1.1160302,1.13331,1.1220719,1.1072798,1.112382,1.1205279,1.1098882,1.1234314,1.1259538,1.1101288,1.127051,1.1235312,1.1248175,1.1086195,1.101886,1.1187801,1.1202035,1.1235583,1.1390018,1.1182086,1.1204121,1.1176105,1.1144153,1.1377785,1.1218636,1.137011,1.1116868,1.1145871,1.1209114,1.1131817,1.1301355,1.1018908,1.1193208,1.1225636,1.1384704,1.1197698,1.1244022,1.1190947,1.1193571,1.1215389,1.1025087,1.1497211,1.099844,1.104687,1.1187971,1.1211554,1.134898,1.1165078,1.1290474,1.1177315,1.1401705,1.1100353,1.1245862,1.1323466,1.1281751,1.1251618,1.1186665,1.0980443,1.1323639,1.137513,1.100924,1.125021,1.1216445,1.1074537,1.1315634,1.0895051,1.1122103,1.1260858,1.1149929,1.1258463,1.1153872,1.130458,1.1172935,1.1270185,1.1309936,1.1185235,1.1212915,1.1191832,1.1082768,1.1166267,1.1246172,1.115095,1.1067032,1.1054336,1.1180704,1.1189784,1.1101133,1.1269538,1.1028821,1.1180218,1.1187093,1.1207447,1.1121732,1.1242019,1.1264956,1.0928979,1.135818,1.1247184,1.1026411,1.1202629,1.127025,1.1210902,1.1299314,1.1290786,1.1225972,1.114789,1.1043183,1.1126941,1.1228387,1.1153557,1.1197101,1.1308297,1.1329561,1.116216,1.1263429,1.1330836,1.1141064,1.1169536,1.1252726,1.1064805,1.1097139,1.1176116,1.0940491,1.1265692,1.1136461,1.1103421,1.1289577,1.1234984,1.1177597,1.1181056,1.1410311,1.1385492,1.1427832,1.1183149,1.1303579,1.122369,1.1082485,1.118597,1.1327946,1.1442482,1.1095212,1.1141164,1.1058007,1.1125388,1.130788,1.1301823,1.1038885,1.1113946,1.1186804,1.1028442,1.1398381,1.1133969,1.1275575,1.1209441,1.1244476,1.1015329,1.1084154,1.1271232,1.1105952,1.1049318,1.1094652,1.1408108,1.1201668,1.1156094,1.1219385,1.1077328,1.1284283,1.110389,1.1037405,1.1258328,1.1211566,1.1203382,1.1153083,1.1119797,1.1216439,1.0990916,1.1174077,1.1121167,1.1277387,1.1132898,1.1142673,1.1265712,1.0986629,1.0919302,1.1315368,1.1087782,1.1103497,1.1221244,1.1137323,1.1198065,1.1058673,1.1169741,1.1129522,1.1216849,1.122648,1.0985115,1.1149966,1.1102713,1.1232975,1.1266565,1.1194687,1.1095206,1.1003506,1.1355505,1.1205071,1.1310114,1.1124582,1.1273947,1.1177716,1.1166557,1.1130947,1.125095,1.1362593,1.1101788,1.1245229,1.1290572,1.0921609,1.1280309,1.1194928,1.1229206,1.1134454,1.1164924,1.1290569,1.1114097,1.1184145,1.1204116,1.1071291,1.112302,1.1038759,1.1206067,1.0967487,1.1103672,1.122192,1.0994116,1.1143781,1.138729,1.1133249,1.1266743,1.1216351,1.114391,1.1112291,1.1073339,1.1245147,1.1151687,1.1193154,1.1180376,1.11126,1.1218481,1.1097548,1.1185497,1.1249218,1.113831,1.1045073,1.134384,1.1067915,1.1333123,1.1288394,1.092888,1.1212403,1.1118878,1.1245213,1.1096934,1.1305121,1.1195432,1.1074854,1.1189127,1.1173006,1.1091652,1.1280798,1.1224706,1.1142594,1.1126978,1.1115363,1.0906724,1.1269084,1.1359316,1.1061223,1.1098018,1.112325,1.1151369,1.1344446,1.1184722,1.1185662,1.1212045,1.11295,1.1140679,1.1191581,1.1252489,1.1120191,1.1088811,1.1090717,1.1365166,1.1016383,1.0962222,1.1010747,1.1143882,1.1218839,1.1091242,1.1118048,1.1366388,1.1234314,1.126523,1.1247449,1.1149535,1.1388667,1.1076393,1.1087326,1.1062921,1.1128958,1.1185225,1.1155176,1.1173397,1.1014473,1.1122314,1.1168783,1.1272913,1.1200825,1.1272379,1.1402224,1.1121212,1.1174756,1.1156225,1.1294516,1.1274723,1.1152492,1.1219437,1.1145409,1.1186116,1.1179096,1.1091267,1.1357145,1.1211232,1.1217871,1.1205397,1.1250482,1.1065596,1.1201177,1.1021559,1.1320351,1.1222618,1.1092584,1.1126784,1.1491531,1.116602,1.1104066,1.1268859,1.1053244,1.1147501,1.1116166,1.1115915,1.1231868,1.1128796,1.1365349,1.116175,1.1264952,1.1139483,1.1217849,1.1060488,1.1215224,1.1273775,1.1127515,1.131686,1.1264244,1.1223347,1.1106867,1.1080108,1.1167884,1.1180638,1.135363,1.1286155,1.1248956,1.1051893,1.1138692,1.0868832,1.1277578,1.0957078,1.107075,1.1269176,1.1209433,1.1024127,1.102646,1.1243902,1.1017731,1.1174773,1.1119289,1.1090593,1.1423621,1.119545,1.1176775,1.1143708,1.1248515,1.1083483,1.1042901,1.1370051,1.1395997,1.1253157,1.0958747,1.1126455,1.1144735,1.126044,1.1194485,1.1225424,1.1107382,1.1159455,1.1139203,1.1282405,1.1143192,1.1167939,1.1206075,1.1053023,1.1267409,1.1282935,1.1128995,1.1326302,1.1292526,1.1291254,1.1192701,1.1211172,1.0927922,1.1271858,1.1265281,1.1065458,1.1133163,1.1020875,1.1104288,1.135885,1.1026726,1.1291972,1.1231484,1.1291788,1.1145718,1.1249198,1.1146814,1.1178256,1.1494018,1.128855,1.1214808,1.0969807,1.1273054,1.1051213,1.1326033,1.129899,1.1072409,1.1030401,1.123299,1.1095095,1.1170213,1.1283069,1.1181395,1.1047096,1.1221782,1.119633,1.1359891,1.1067704,1.1194737,1.1169462,1.1144627,1.1084379,1.1232373,1.1184634,1.1318028,1.1175834,1.1204922,1.1198997,1.1162457,1.1255336,1.1158397,1.1186488,1.1115179,1.1090348,1.1233175,1.1183736,1.1151077,1.1077747,1.1263328,1.1202884,1.1086453,1.1203834,1.1031005,1.0930064,1.1149783,1.1290255,1.127936,1.1176424,1.1355525,1.1280786,1.1176201,1.1264133,1.1416508,1.1256996,1.1078998,1.1119112,1.125895,1.1001408,1.1386983,1.1322405,1.1211549,1.142638,1.111156,1.1084142,1.1241173,1.135158,1.1185739,1.1338567,1.127749,1.1311969,1.1182531,1.1160058,1.1040791,1.1289812,1.1217033,1.125016,1.1099519,1.1087462,1.1083515,1.1222646,1.1008451,1.1115943,1.1080544,1.1178144,1.1208282,1.0966582,1.1086377,1.1184605,1.1232444,1.118404,1.110496,1.136102,1.1098524,1.1223598,1.1192473,1.1100535,1.1179109,1.1130872,1.1324533,1.113508,1.1214035,1.1053903,1.1251925,1.1031113,1.1309464,1.114232,1.1071935,1.1112684,1.1099778,1.1320289,1.1035993,1.1308002,1.1231625,1.1246185,1.1352575,1.1078448,1.125224,1.1174084,1.1132711,1.117422,1.1049459,1.1386412,1.1347353,1.1100442,1.0965285,1.1150358,1.1280218,1.1162888,1.0996373,1.0967709,1.1250403,1.117274,1.141105,1.1137464,1.1061032,1.1255039,1.1175616,1.1353021,1.1081941,1.1181551,1.1214688,1.1092743,1.1331627,1.127365,1.1369214,1.1110398,1.1335341,1.1022819,1.1099968,1.1162795,1.1097537,1.1220866,1.1179401,1.1260644,1.1300877,1.1050814,1.1286969,1.1255937,1.1061743,1.1103907,1.096901,1.1177229,1.1177238,1.1044792,1.1382418,1.12769,1.1201347,1.1182266,1.1035535,1.1230866,1.1006392,1.1197227,1.1085465,1.1149298,1.1005428,1.0989952,1.120252,1.1248666,1.1272264,1.123967,1.1127889,1.1147461,1.1233202,1.1225065,1.1070505,1.0869355,1.0908912,1.1346024,1.1163287,1.123211,1.1033031,1.1134939,1.1391827,1.1357161,1.1385475,1.0969065,1.1147857,1.1153852,1.1320157,1.129266,1.1164825,1.1146439,1.1220362,1.12753,1.1259321,1.1243433,1.1131285,1.1138314,1.0986439,1.1227005,1.113092,1.1236601,1.1203617,1.1186124,1.1175779,1.1052649,1.1200137,1.1253573,1.1324993,1.1225402,1.1230364,1.1003499,1.1315423,1.1063888,1.1066437,1.1118469,1.1181489,1.1147119,1.1305146,1.1177655,1.1266824,1.1198764,1.1226478,1.1138418,1.1030681,1.1126903,1.1237504,1.1232055,1.1390425,1.130873,1.1156201,1.1066357,1.1149402,1.1218157,1.1068833,1.1236769,1.106868,1.1342442,1.1296641,1.1236072,1.121957,1.1241585,1.1228076,1.1114013,1.124683,1.1192621,1.0833266,1.1290351,1.1122545,1.1220206,1.1086549,1.1075633,1.1044548,1.1035035,1.1192116,1.1233219,1.1061593,1.110743,1.1188236,1.1107018,1.1262528,1.1340528,1.1047194,1.1158283,1.1165974,1.1090007,1.1170695,1.1061409,1.1087037,1.1185095,1.1072301,1.1140608,1.1212823,1.10992,1.1068963,1.1158739,1.1331211,1.1393911,1.1111301,1.1305194,1.1142306,1.1258689,1.1223713,1.1105212,1.1333014,1.1216133,1.1189246,1.121064,1.0960735,1.1041807,1.1182811,1.1256247,1.1263913,1.106358,1.115562,1.1176753,1.1246669,1.1264621,1.1116267,1.1361628,1.1277635,1.1128503,1.1303133,1.1178634,1.1081339,1.1238569,1.1032474,1.1291639,1.1037713,1.134335,1.110505,1.1098776,1.1020828,1.12041,1.1375805,1.1210238,1.1043854,1.1187729,1.1171405,1.1173143,1.1166512,1.137078,1.1141094,1.1093917,1.1314888,1.1143094,1.1299577,1.1229961,1.1233257,1.1095076,1.1168171,1.1177562,1.1270213,1.1171429,1.1288246,1.1204288,1.1075319,1.1262734,1.1078277,1.1038934,1.1358376,1.1144627,1.14951,1.1215986,1.1147814,1.1087034,1.1171311,1.1044626,1.1225033,1.1163839,1.1280698,1.104555,1.1266899,1.1131186,1.120986,1.1035564,1.133767,1.1366606,1.115984,1.1111113,1.1095892,1.1329097,1.1046582,1.130135,1.132711,1.1148921,1.1054145,1.130051,1.1229116,1.1255009,1.1121985,1.1487814,1.09897,1.1076448,1.1204062,1.1290481,1.1199073,1.1019328,1.1191639,1.122969,1.1016399,1.1210523,1.1303828,1.1181048,1.118248,1.1330173,1.0974127,1.116414,1.1144065,1.1208404,1.1029699,1.1130018,1.1508662,1.1276209,1.124894,1.1206504,1.1159741,1.1087857,1.1209433,1.1308442,1.1325247,1.1115396,1.1090307,1.118228,1.1158658,1.1263782,1.1147629,1.1135955,1.1171211
1.1081228,1.1095988,1.1002152,1.1108106,1.1090944,1.1177534,1.0944201,1.1181096,1.0997308,1.0977622,1.1064978,1.0894185,1.1208551,1.0915545,1.0924125,1.1179683,1.1020674,1.1073171,1.1074543,1.120918,1.0957503,1.0863253,1.0853382,1.1033503,1.0989052,1.1211022,1.1258155,1.0896614,1.1140997,1.0825237,1.1144149,1.1078471,1.0883222,1.0971473,1.1083359,1.0789368,1.0905857,1.1015967,1.0908343,1.1011306,1.0771242,1.111831,1.104156,1.113405,1.1252762,1.086295,1.099601,1.0972105,1.1136504,1.0892615,1.1048267,1.1203533,1.1038285,1.0902503,1.1160295,1.1032531,1.1101248,1.0849295,1.0919279,1.1187313,1.0686973,1.1116372,1.1101469,1.0997351,1.0700213,1.0867515,1.095829,1.0973107,1.1194218,1.0690212,1.1098298,1.1144192,1.0986981,1.1161989,1.0824344,1.0826167,1.1014678,1.123858,1.1315246,1.1062429,1.0950209,1.099909,1.0909147,1.0989944,1.1038665,1.0922163,1.1032188,1.0945237,1.1106899,1.1058793,1.0958122,1.0913477,1.1030445,1.1020921,1.1004186,1.0823803,1.0922917,1.0974926,1.0874052,1.0988536,1.0936542,1.0854893,1.1181209,1.1050172,1.1079559,1.1196268,1.1165333,1.0821067,1.1041653,1.0994408,1.1121405,1.0815222,1.0803134,1.0990552,1.1072638,1.1007819,1.1079463,1.0960598,1.1253606,1.0975614,1.0670972,1.099553,1.0822746,1.1038698,1.0904683,1.0897443,1.1067524,1.12373,1.1118356,1.0956725,1.1117411,1.0920979,1.1021261,1.115511,1.1065224,1.1054688,1.115097,1.0938275,1.1140661,1.0856065,1.0952154,1.1147275,1.1218125,1.1349806,1.0931944,1.1058239,1.115975,1.1111028,1.0926749,1.095787,1.1174284,1.1076225,1.0978733,1.1194401,1.087016,1.1049242,1.1159298,1.1049922,1.0903211,1.101105,1.0964826,1.082099,1.0988953,1.1087791,1.085576,1.0962336,1.1152085,1.1099665,1.1083288,1.0986581,1.1133189,1.1170205,1.0868496,1.1043085,1.1062167,1.1254573,1.1075435,1.1000342,1.0976056,1.1139989,1.1156958,1.1123502,1.1062737,1.1008847,1.1079723,1.0786684,1.1335108,1.0941864,1.1007402,1.0864475,1.0908662,1.1089836,1.0989954,1.1120368,1.1260569,1.1110822,1.081607,1.1216545,1.1182377,1.1088057,1.119229,1.0856698,1.0892444,1.1003711,1.122535,1.1019423,1.1185169,1.0972053,1.1056143,1.0929385,1.0976545,1.1214556,1.1248413,1.1013336,1.1002659,1.1028196,1.0996567,1.1008924,1.110911,1.0939478,1.0986238,1.109889,1.095496,1.0893341,1.0952702,1.1048138,1.1090283,1.0904967,1.0965129,1.1034214,1.1076558,1.0956202,1.109338,1.1107125,1.0971421,1.1069483,1.0984278,1.112287,1.1073437,1.1075794,1.0780143,1.0915062,1.1063683,1.0958422,1.1210357,1.1011293,1.1053003,1.0905355,1.1059409,1.1013694,1.1035191,1.0907874,1.1046559,1.1096596,1.0925395,1.076426,1.1087517,1.1249253,1.1141597,1.1160693,1.1039315,1.0912465,1.1043708,1.1114457,1.0809584,1.1043987,1.0915668,1.0808142,1.1359794,1.0933397,1.1208048,1.1205122,1.1049548,1.0848837,1.1000936,1.0961299,1.1032357,1.1210784,1.108691,1.1082531,1.1185961,1.0919924,1.0964423,1.1084143,1.1113404,1.0994977,1.1076283,1.0937083,1.0986322,1.1007347,1.1074892,1.0874093,1.099511,1.1152523,1.1007676,1.1069169,1.0980215,1.1078383,1.0996218,1.1060462,1.0992701,1.0936302,1.1026434,1.1053916,1.0865251,1.0928138,1.1206325,1.0756847,1.1071647,1.1043695,1.1094882,1.0983813,1.1139134,1.1013466,1.090014,1.1306779,1.1043702,1.0935187,1.1002089,1.1124237,1.0986764,1.0942743,1.0841076,1.1018336,1.1009562,1.1012808,1.0983398,1.0925102,1.0783895,1.0950841,1.1001794,1.107423,1.0970296,1.0876442,1.0927651,1.0783932,1.1009593,1.0832227,1.0891261,1.1177967,1.110131,1.0890514,1.0884104,1.1038315,1.1057917,1.0854692,1.0928049,1.1059916,1.1233433,1.0892545,1.1123626,1.1012025,1.0915962,1.1007687,1.1115443,1.1120261,1.0887479,1.1152316,1.0717446,1.102494,1.0814257,1.0831639,1.1051563,1.1132739,1.0974662,1.1017764,1.0811946,1.1239115,1.1075056,1.100117,1.1209329,1.1119249,1.096711,1.063564,1.0950261,1.0972189,1.0917639,1.0901073,1.0788546,1.0828227,1.1022207,1.1046239,1.1080728,1.1023399,1.1093959,1.0930839,1.1160865,1.0879338,1.1079922,1.0960448,1.1227454,1.0947086,1.0844138,1.1099596,1.0849631,1.1044133,1.1000429,1.1041933,1.1079587,1.0914023,1.0951173,1.0969741,1.086338,1.1178156,1.108981,1.1021186,1.095051,1.1084977,1.0948999,1.0962821,1.1028304,1.0947915,1.1037546,1.0919307,1.0815693,1.0853915,1.0996432,1.0903914,1.0822121,1.1143312,1.0972551,1.0862107,1.0793382,1.0897584,1.0901793,1.1138998,1.10532,1.0775094,1.1209852,1.1037507,1.0931417,1.1121364,1.1019536,1.1073365,1.0963948,1.09709,1.0919288,1.0935295,1.0979627,1.0888759,1.1085306,1.093928,1.1008489,1.1310256,1.1050466,1.0979028,1.0964439,1.0836322,1.0797594,1.0893842,1.0999595,1.0930989,1.0983281,1.1018932,1.0971771,1.1087737,1.1121457,1.0997869,1.1095285,1.0981339,1.1002935,1.0968962,1.1248755,1.1096656,1.088773,1.1015658,1.116602,1.1174992,1.1017388,1.1080841,1.0915473,1.0787646,1.0879915,1.1025869,1.099539,1.1191059,1.0918099,1.1069928,1.1020701,1.0915312,1.1052151,1.0872872,1.0769607,1.097155,1.1098449,1.117859,1.0818526,1.090617,1.115844,1.0765767,1.0804687,1.0931908,1.1089389,1.1044284,1.0875643,1.1056172,1.0826634,1.1309257,1.094504,1.1075397,1.1086754,1.0931396,1.0996228,1.0900269,1.1217886,1.1028682,1.0991843,1.1159075,1.1127166,1.0839585,1.0818648,1.1196986,1.1198556,1.1015724,1.0900704,1.0977123,1.0833747,1.0906131,1.1015364,1.1064024,1.0746181,1.0769751,1.1007955,1.106523,1.0924476,1.1131787,1.0951781,1.0953407,1.096535,1.1126531,1.0862277,1.1014794,1.1212376,1.103039,1.1156263,1.0829788,1.0941751,1.0853192,1.1191641,1.1135783,1.1117605,1.1092696,1.091996,1.0904057,1.1085832,1.1126028,1.1035609,1.0994139,1.1230993,1.0975549,1.1015376,1.0864561,1.1027477,1.1007518,1.0946757,1.1026134,1.0904199,1.1027902,1.1117249,1.0999522,1.1014825,1.0986081,1.106919,1.1078519,1.1075803,1.1018457,1.106574,1.0954098,1.0841104,1.0693479,1.1212418,1.1090151,1.1041994,1.1069456,1.1113338,1.0773848,1.0983765,1.1187868,1.0909528,1.1321217,1.1055133,1.0819294,1.110659,1.1096452,1.0904725,1.1138716,1.0972248,1.092706,1.0910105,1.1088909,1.1115257,1.1178082,1.1167278,1.1037999,1.109969,1.0996914,1.102884,1.1208127,1.070263,1.0904382,1.0769726,1.1021566,1.1011176,1.0916877,1.1150134,1.1162162,1.0949352,1.1017152,1.1127073,1.0854732,1.1078107,1.1017689,1.1038668,1.0963447,1.093277,1.1174712,1.1075003,1.1005877,1.0960144,1.1226013,1.096276,1.0946293,1.1019007,1.1076392,1.1011683,1.0908943,1.1135545,1.1156282,1.1202385,1.1080935,1.1132158,1.1009568,1.1201967,1.1133591,1.118301,1.0977646,1.0805027,1.1105443,1.0977225,1.1203947,1.0918533,1.0968788,1.0932196,1.1147771,1.1019418,1.091532,1.0892783,1.1067909,1.111966,1.1087817,1.0985435,1.1010329,1.1102866,1.0907375,1.09409,1.0884125,1.1015556,1.0889245,1.1051865,1.1145166,1.1101493,1.0923392,1.0977441,1.1035538,1.1026936,1.1102357,1.0896751,1.0988061,1.1032547,1.1113229,1.1075665,1.1009612,1.0978733,1.0780698,1.1142517,1.1101239,1.0933374,1.1006655,1.126966,1.0947952,1.1095048,1.1054918,1.0771523,1.1047285,1.0954009,1.1064188,1.124545,1.1027297,1.090744,1.1093758,1.0992994,1.0937797,1.1092967,1.1153607,1.1073668,1.1146185,1.0767399,1.1286305,1.0949821,1.0987906,1.0891726,1.0798602,1.1223845,1.1113826,1.1179427,1.101658,1.111199,1.1008226,1.0782815,1.1005204,1.0856801,1.1023076,1.108251,1.1153274,1.0978038,1.0971676,1.1097223,1.1062839,1.1198144,1.1027834,1.1185719,1.1141622,1.1008093,1.0909619,1.093585,1.0906144,1.0871289,1.1055478,1.0935347,1.1114453,1.1027102,1.0986464,1.1149037,1.1090045,1.114917,1.1020299,1.0813723,1.1078758,1.0922753,1.1212146,1.0939096,1.0901626,1.0992565,1.0885264,1.0819154,1.1099873,1.1064777,1.1084733,1.1057303,1.1084079,1.0901929,1.0756888,1.0881275,1.0947378,1.1075569,1.0944619,1.0845262,1.1137056,1.1075284,1.1122733,1.095528,1.0889018,1.0879935,1.105336,1.1025798,1.0751419,1.0980574,1.0650715,1.1165076,1.0998856,1.0984938,1.0903924,1.1080226,1.1250763,1.1223012,1.0849938,1.0887741,1.1039869,1.0872496,1.0993341,1.1246018,1.0852106,1.0973374,1.1081303,1.082288,1.0935912,1.1164671,1.1017846,1.0871222,1.1097075,1.0991119,1.1001261,1.0820941,1.1288766,1.1105002,1.0901495,1.0866928,1.1010743,1.1178266,1.1108127,1.116419,1.0964198,1.0797626,1.1020458,1.0877814,1.098359,1.0987992,1.1170709,1.0980477,1.1159247,1.096235,1.1210573,1.1193709,1.1101422,1.1120685,1.1070662,1.1023716,1.1144403,1.1024343,1.1194087,1.1026437,1.1006323,1.1040782,1.0955364,1.10422,1.0930737,1.0952648,1.1001937,1.0893707,1.111399,1.111636,1.1022712,1.1126866,1.1022502,1.0891939,1.1143994,1.101486,1.0894873,1.1168944,1.0891036,1.1180744,1.1154481,1.0903553,1.1127778,1.0920607,1.0896587,1.1097529,1.1145504,1.0886844,1.112916,1.0999953,1.0946069,1.1174676,1.1003996,1.0882828,1.0992891,1.1331757,1.0875858,1.1105477,1.1148819,1.1128156,1.1141647,1.0887271,1.0947988,1.0948676,1.1024143,1.1051544,1.0940007,1.1037414,1.0890988,1.1012928,1.0945821,1.1000481,1.1089052,1.1203908,1.1015455,1.1110494,1.0929785,1.1182588,1.0755569,1.0931443,1.1072944,1.0962379,1.1012355,1.0992044,1.1042801,1.0989668,1.1179757,1.0976212,1.0969596,1.1049055,1.1147738,1.0861185,1.1178775,1.103491,1.0939163,1.0839189,1.0832385,1.1049296,1.0924714,1.106751,1.0816014,1.1056863,1.0910151,1.1292856,1.0938385,1.1068926,1.0964646,1.0939884,1.0790482,1.1131276,1.1226604,1.1039714,1.0957794,1.0647907,1.0926294,1.103201,1.1057782,1.0944241,1.1064309,1.1080858,1.1145024,1.083196,1.106531,1.0920305,1.1026864,1.101425,1.0905281,1.119863,1.0925401,1.1257977,1.1182814,1.1029073,1.1226649,1.1173868,1.0845387,1.088729,1.0979226,1.0876542,1.1029061,1.092185,1.1036736,1.0988867,1.1171018,1.0925239,1.099752,1.1081227,1.1081123,1.1100675,1.0732046,1.0844201,1.0864187,1.127534,1.1007507,1.1227831,1.1167991,1.0944022,1.09357,1.1015812,1.0816139,1.109676,1.1044812,1.1001657,1.1033504,1.1068434,1.109859,1.1072443,1.0970962,1.0876502,1.0929011,1.0925558,1.0961709,1.1026574,1.125319,1.0890422,1.1068296,1.1190364,1.0855261,1.104949,1.0931047,1.1128117,1.1123903,1.1046958,1.0870479,1.1009489,1.101667,1.0834203,1.1030396,1.1139923,1.1188205,1.0991577,1.0905086,1.0951934,1.1030004,1.1086015,1.0938685,1.1030431,1.0798414,1.1026039,1.0948535
1.2466909,1.2453383,1.2379298,1.2605137,1.2559586,1.2319183,1.2471737,1.2469571,1.2363187,1.2369993,1.2516515,1.2599986,1.2517344,1.2345066,1.2610883,1.251241,1.2362099,1.256279,1.2289904,1.230671,1.2523476,1.2363191,1.254958,1.2368588,1.2489426,1.2372122,1.2610751,1.2261999,1.259231,1.2425543,1.2375145,1.2424209,1.2269666,1.2418561,1.2450435,1.2341192,1.2453277,1.2517171,1.2371655,1.2353317,1.232815,1.2477415,1.2480836,1.2280647,1.2563205,1.2297817,1.2556863,1.2526182,1.2342247,1.2390952,1.2372626,1.2519548,1.2473989,1.2437083,1.2462765,1.2518073,1.241872,1.2429855,1.2539521,1.2574887,1.2364285,1.2678316,1.2415826,1.2376475,1.2358454,1.2478843,1.2534411,1.2354523,1.239912,1.2505093,1.2566097,1.2452358,1.2366744,1.2587702,1.2459136,1.2502284,1.232162,1.2389325,1.2432061,1.2440794,1.2496762,1.2485754,1.2395409,1.2580066,1.2410253,1.2556112,1.2455351,1.2527491,1.2407441,1.2435229,1.2322608,1.2712083,1.2334502,1.2395644,1.2491233,1.2559612,1.2372926,1.2447835,1.2478504,1.2437739,1.232986,1.2533737,1.2428726,1.262146,1.2564427,1.2445427,1.2565006,1.2511727,1.2579951,1.248846,1.2401273,1.2476861,1.2347423,1.2386644,1.2420857,1.2402843,1.256207,1.2383264,1.2582879,1.2412488,1.2201978,1.243864,1.237544,1.2498058,1.2591504,1.2347182,1.240859,1.246571,1.2577089,1.234817,1.2397733,1.2359772,1.2342452,1.2283688,1.2381545,1.2517751,1.2468215,1.2451499,1.2583536,1.2517545,1.2285134,1.2440293,1.2445434,1.2660425,1.2171354,1.2471689,1.2452513,1.2321652,1.2330335,1.2463214,1.2393327,1.2446713,1.2522091,1.2458367,1.2534426,1.2546538,1.2593933,1.2379868,1.2355365,1.2418069,1.2498896,1.2471406,1.2373159,1.252282,1.2374381,1.2452762,1.2370734,1.2325722,1.2512225,1.224974,1.2466459,1.2376388,1.2446038,1.2446716,1.2453821,1.2406223,1.2346047,1.2553724,1.2584174,1.2474083,1.2339476,1.2380569,1.2453771,1.2501369,1.247435,1.2350248,1.2401122,1.2417411,1.2558612,1.2340686,1.2245811,1.2527652,1.2656091,1.2474151,1.2534711,1.2576537,1.2702671,1.2510554,1.2318225,1.2513914,1.229832,1.2446179,1.2427803,1.25245,1.2353708,1.2303307,1.2559831,1.2581313,1.2430454,1.2468299,1.2329748,1.251414,1.2504178,1.2469554,1.2373463,1.2460381,1.2493334,1.2372712,1.2466259,1.2429342,1.2461921,1.2482172,1.2541128,1.2270163,1.2414552,1.2385175,1.2510871,1.2620391,1.2471343,1.2242559,1.2476623,1.2207638,1.2572087,1.245561,1.250667,1.2547113,1.2558242,1.2377241,1.2447509,1.2515581,1.2409868,1.2459581,1.2548726,1.2435584,1.2445917,1.2611337,1.2313743,1.2545326,1.2432106,1.2289435,1.2679529,1.2554594,1.2371429,1.2458874,1.2379757,1.2514865,1.2622614,1.2255833,1.2434647,1.2426791,1.2526621,1.2454554,1.2428615,1.2519581,1.2355549,1.2448139,1.233462,1.2271922,1.2410507,1.2440547,1.2435486,1.2438015,1.2300185,1.2427347,1.2407072,1.252586,1.2434211,1.263549,1.2436582,1.2516817,1.2578259,1.2352111,1.2547288,1.2512715,1.2463907,1.2455034,1.2624792,1.2506427,1.245257,1.2365586,1.2591716,1.2342353,1.2556493,1.2349285,1.2339771,1.242773,1.2322415,1.2656206,1.2558837,1.2535652,1.2570271,1.228575,1.2451203,1.2459873,1.2449654,1.2426356,1.2405382,1.2325649,1.2394593,1.2320601,1.243965,1.2430289,1.2273954,1.2344966,1.2495832,1.2378441,1.2352495,1.2396381,1.2664564,1.2718359,1.2332666,1.2465194,1.2389843,1.2419761,1.2508258,1.2554598,1.250466,1.2462269,1.2314385,1.2381573,1.2290993,1.242421,1.2442642,1.244629,1.2501593,1.2448978,1.257269,1.2438732,1.260529,1.2390761,1.2485415,1.2506247,1.2492657,1.2242572,1.24661,1.2464324,1.2442856,1.2443728,1.2363065,1.2532102,1.2653661,1.2397075,1.242642,1.2661161,1.2308878,1.250802,1.2427632,1.2442634,1.2572395,1.2360419,1.2298617,1.2253896,1.2461444,1.2383399,1.2478219,1.2415034,1.2181028,1.2283701,1.2536416,1.2478873,1.2439259,1.2422389,1.2285864,1.2419611,1.2339966,1.2338301,1.2359208,1.2393087,1.2350931,1.25677,1.2661378,1.2371833,1.2458965,1.2543358,1.25645,1.2574384,1.2555224,1.2437608,1.2491622,1.249737,1.2244731,1.2469845,1.2691197,1.2377775,1.2462794,1.2412332,1.2608857,1.2340587,1.261834,1.2354151,1.2544527,1.2327969,1.2533063,1.2407253,1.2491652,1.2518184,1.2438084,1.2397954,1.2376908,1.2210733,1.2342446,1.2479577,1.2208441,1.2406005,1.246887,1.2493466,1.2293528,1.249877,1.2351037,1.2490429,1.2568983,1.2363603,1.232305,1.24499,1.2616683,1.2473689,1.2445055,1.2622029,1.2362368,1.2393885,1.24834,1.2181947,1.2602047,1.2490857,1.2549405,1.2293681,1.241463,1.2502562,1.2366421,1.235327,1.2376802,1.2410363,1.2157998,1.2221223,1.2491456,1.2441809,1.232578,1.22187,1.2497071,1.2610149,1.2473259,1.2335811,1.2483064,1.2498099,1.2496593,1.2418008,1.2483851,1.2524655,1.2449868,1.2478057,1.2456275,1.247531,1.2625886,1.2745975,1.2503616,1.2377498,1.2282306,1.2365763,1.2349907,1.248136,1.2422823,1.2526667,1.2547287,1.2589153,1.2599695,1.2483909,1.2350613,1.2405374,1.2582983,1.2713026,1.2276379,1.2395961,1.2356552,1.2194328,1.2379951,1.2503462,1.2395246,1.2455912,1.2460929,1.2490629,1.2490163,1.2436029,1.264763,1.2392796,1.249212,1.265721,1.2317917,1.2349575,1.2433946,1.2460489,1.2439998,1.2389253,1.2521685,1.2481184,1.2400444,1.2298007,1.2364291,1.2437977,1.2432989,1.2240297,1.2294439,1.2377898,1.2548941,1.2450188,1.2493628,1.2413336,1.23958,1.2455745,1.2346209,1.2174873,1.2274593,1.248152,1.2428571,1.2384429,1.2287028,1.2439973,1.2545912,1.2371539,1.2406793,1.2334926,1.2510631,1.2550541,1.2530346,1.2402515,1.2318405,1.263609,1.251345,1.2621205,1.2592211,1.264792,1.2353777,1.2344412,1.2381583,1.229244,1.262209,1.2235436,1.2422075,1.2633222,1.256691,1.2495972,1.2330143,1.2432419,1.2364718,1.2466007,1.246412,1.2402655,1.2623029,1.2201526,1.2503672,1.254654,1.2664315,1.2640315,1.2275552,1.2572029,1.2539611,1.2397257,1.2338954,1.2392391,1.2420385,1.2304913,1.2493848,1.2558032,1.2380606,1.2393773,1.2545952,1.2337251,1.2584453,1.2474145,1.2519357,1.2668004,1.2354785,1.2485759,1.2448313,1.244165,1.2266221,1.2569677,1.2441142,1.2566755,1.2247902,1.2247105,1.223186,1.2396928,1.2437649,1.2490336,1.2406536,1.2410705,1.2352182,1.2654767,1.2376903,1.2498647,1.2607692,1.2555075,1.2383806,1.2350396,1.2546788,1.2624458,1.2469589,1.251319,1.2516783,1.2419385,1.2483565,1.2632895,1.2396022,1.2668886,1.2403693,1.2228205,1.2596858,1.2421862,1.242008,1.2275922,1.2509688,1.2304146,1.223488,1.2356477,1.2437047,1.2412069,1.2534295,1.2427443,1.2537607,1.2324948,1.2358652,1.2472475,1.2660551,1.2533156,1.2379551,1.230483,1.2442517,1.2345937,1.2466669,1.24259,1.2501358,1.24107,1.239164,1.2493343,1.2353342,1.2469589,1.2517225,1.2283108,1.2513396,1.2296999,1.260903,1.2295693,1.2503955,1.2535955,1.2356929,1.2441326,1.2315229,1.2585472,1.2196616,1.2405664,1.2375307,1.2557117,1.233912,1.2370052,1.257577,1.2525824,1.2457881,1.2588799,1.2415586,1.2342055,1.2273723,1.2527784,1.265489,1.23799,1.2350885,1.2459786,1.24527,1.2421601,1.2286183,1.2476053,1.2494254,1.2364544,1.2443432,1.2635623,1.2371734,1.2710962,1.2628264,1.2402415,1.2652427,1.2334474,1.263433,1.2302282,1.2470781,1.2578677,1.2490749,1.2542443,1.229792,1.2743938,1.2429718,1.2381072,1.2562927,1.2369916,1.2451102,1.2506307,1.2258973,1.2440301,1.257558,1.2312437,1.2476006,1.2440115,1.2369641,1.2557076,1.2282437,1.2290934,1.242538,1.2418125,1.2270987,1.2348413,1.2620957,1.2408124,1.2355138,1.2512503,1.2396494,1.2569519,1.2471226,1.2449571,1.2498677,1.2479465,1.2333313,1.2574073,1.249947,1.2475271,1.2364118,1.2614691,1.2495997,1.2682837,1.2375226,1.2504811,1.2525203,1.2440702,1.2398906,1.2355609,1.2574116,1.2666596,1.2444348,1.254857,1.241264,1.2516687,1.2398586,1.2218946,1.2530314,1.234435,1.2117578,1.2579325,1.2504874,1.237723,1.2424,1.2662377,1.252725,1.2408303,1.2608613,1.2477331,1.252323,1.2378397,1.2430792,1.2382408,1.2298425,1.2271482,1.2405658,1.2489771,1.2322361,1.2187414,1.2372197,1.2539084,1.2303305,1.2489966,1.2501159,1.2346307,1.2370117,1.2498775,1.2639414,1.2432129,1.2355864,1.2443635,1.2290393,1.2417922,1.226042,1.2466148,1.2566093,1.2389673,1.2411629,1.2428205,1.2576151,1.2269658,1.2412994,1.2466817,1.2439382,1.2414491,1.2396786,1.2497013,1.2505698,1.2431593,1.2386963,1.250485,1.2386733,1.246739,1.2517465,1.2425652,1.2427838,1.247009,1.242634,1.2460189,1.244449,1.2532176,1.2279787,1.2384355,1.2482778,1.2358773,1.244683,1.2500607,1.2414956,1.2480217,1.2442722,1.2431848,1.2475953,1.2489247,1.2387795,1.2290258,1.2667246,1.2580347,1.2262241,1.2700065,1.2597876,1.2434076,1.2442169,1.2480959,1.2551905,1.2209884,1.2347708,1.2464725,1.2428867,1.2352839,1.2448728,1.251218,1.2477704,1.2347755,1.2620819,1.2722867,1.2627546,1.2594125,1.2296569,1.2444463,1.2401655,1.2337872,1.2296336,1.2278217,1.251825,1.2534577,1.2549018,1.238641,1.2418824,1.2402335,1.2331719,1.25065,1.2337096,1.2588017,1.2590135,1.2597436,1.2570256,1.2283399,1.2399595,1.2444235,1.2354864,1.2384144,1.2327982,1.2516289,1.2395656,1.2568089,1.2571231,1.2323273,1.2309206,1.2373859,1.260268,1.2405148,1.2400144,1.2385223,1.2333302,1.2541714,1.2438691,1.2430363,1.253121,1.2330339,1.223737,1.225783,1.245977,1.2304816,1.2460169,1.2396681,1.2606894,1.2306774,1.2294594,1.2508494,1.2268921,1.2441282,1.2447507,1.2453308,1.2454638,1.2443002,1.253799,1.24495,1.2351635,1.25371,1.2560059,1.2398424,1.2385048,1.2457646,1.2339801,1.2515568,1.2654489,1.2648895,1.2377305,1.2416131,1.2442611,1.2536143,1.244448,1.2545146,1.2531819,1.2382846,1.2444704,1.2493068,1.2417861,1.2421386,1.2471616,1.2450651,1.2418911,1.2444938,1.2516924,1.2396173,1.2374423,1.2386388,1.2360053,1.2621086,1.2574211,1.2466108,1.2722348,1.2473474,1.2590046,1.2519531,1.2529128,1.2424799,1.25417,1.2302834,1.2482941,1.2547847,1.2420377,1.2673435,1.2423232,1.2411867,1.2592378,1.2518862,1.2546135,1.2340431,1.227527,1.2526373,1.2530694,1.2491542,1.2557006,1.2407002,1.2411813,1.2393273,1.2380588,1.2388374,1.2547985,1.258013,1.2529836,1.2495124,1.2334963,1.2177353,1.2482969,1.2377465,1.2403148,1.2401416,1.2294475,1.2402561,1.259214,1.2633314,1.2372144,1.244192,1.237002,1.2606646,1.2290033,1.2531183,1.2407304,1.247792,1.2283542,1.2736318,1.2434862,1.2526327,1.2485373,1.243433
0.20129353,0.22439675,0.18358858,0.2085339,0.19502185,0.19946186,0.18685448,0.21204197,0.19104648,0.19591297,0.20084311,0.1952087,0.20420927,0.22283168,0.20103839,0.21857712,0.18498865,0.19979393,0.20123991,0.20034838,0.20294884,0.1893644,0.20392199,0.20883064,0.17805974,0.21917507,0.21428543,0.19692522,0.1819646,0.18366665,0.22306448,0.21069813,0.19652785,0.22045037,0.20057465,0.18168938,0.20336321,0.21133235,0.20211671,0.20564811,0.19152622,0.19190386,0.21843942,0.20463206,0.2084796,0.18666464,0.21220337,0.18483622,0.20481595,0.19617102,0.20546159,0.20881402,0.20725015,0.18163414,0.2135018,0.20121707,0.20680833,0.1892738,0.18337893,0.2225901,0.1936556,0.2091586,0.21280766,0.21810026,0.21305637,0.18460432,0.20430738,0.19619964,0.21656236,0.18394613,0.1973118,0.19963828,0.18444096,0.20083247,0.18470141,0.2005232,0.21875536,0.20229834,0.2172221,0.20486258,0.18325919,0.21031417,0.19980533,0.19450936,0.18831253,0.18393373,0.20223983,0.20285311,0.19700785,0.19254577,0.19686085,0.18083484,0.18191828,0.21401995,0.20957929,0.20620653,0.18004158,0.18873934,0.18879059,0.20126665,0.19904856,0.19028693,0.21192712,0.1803397,0.19354685,0.20308068,0.20129624,0.21448486,0.19656399,0.18529202,0.19205122,0.20312619,0.20389456,0.19366345,0.20494136,0.17409365,0.20969339,0.20564343,0.19061804,0.20038842,0.16727826,0.19776937,0.19370504,0.21099389,0.21656455,0.18812639,0.20934264,0.2088557,0.18788487,0.19610882,0.203594,0.194892,0.20429073,0.18590544,0.16831414,0.19681421,0.19730422,0.18206319,0.18419355,0.1748324,0.21817282,0.18457179,0.21152858,0.18502669,0.19574757,0.21239269,0.2081194,0.19998702,0.17403316,0.17807516,0.21439497,0.20949331,0.18975791,0.16245109,0.18764709,0.18943241,0.20505445,0.2053637,0.19709706,0.218719,0.1897874,0.20024021,0.20021352,0.20810053,0.2005671,0.18552127,0.20872426,0.1855106,0.19151415,0.17645648,0.2081428,0.18784928,0.17524149,0.18582235,0.19804904,0.20411937,0.2051974,0.19417194,0.17920862,0.19709568,0.20342186,0.2326302,0.21697702,0.18433422,0.1987566,0.19285259,0.20913836,0.2123008,0.19964638,0.20081985,0.203503,0.20593198,0.1803737,0.19037792,0.20166701,0.19560033,0.18116671,0.21028575,0.20006439,0.21425462,0.19689858,0.20705965,0.21117344,0.1947688,0.19703262,0.1974249,0.21777128,0.2001334,0.18975389,0.1834751,0.1998579,0.21585321,0.18117802,0.20499003,0.20611751,0.18511716,0.18668202,0.2195355,0.19934537,0.18725646,0.20557821,0.1979085,0.19071782,0.1857572,0.18398735,0.196913,0.18063992,0.18559039,0.21486679,0.19311605,0.21298456,0.22230433,0.18901756,0.20570141,0.2094334,0.20426476,0.16868368,0.1993607,0.19057135,0.20781857,0.18040985,0.19342065,0.20528442,0.19778603,0.19654395,0.19377516,0.19536877,0.18093091,0.19712585,0.21691215,0.1981045,0.1923772,0.20647003,0.19083859,0.18372133,0.19702016,0.18388686,0.19038354,0.21791849,0.20560901,0.21198362,0.20478132,0.1729917,0.21876775,0.19553824,0.20698366,0.2042233,0.1929518,0.21297626,0.19356515,0.19273163,0.21001662,0.19059587,0.19556856,0.19364643,0.21810679,0.20041257,0.22095057,0.20399535,0.20271721,0.19791076,0.1782161,0.1882121,0.201551,0.20604779,0.20638016,0.19943666,0.19406672,0.18599226,0.18079339,0.20301698,0.19059895,0.18871345,0.19437817,0.19969678,0.21545967,0.17661437,0.20377907,0.20525223,0.19056849,0.1863276,0.20551425,0.20727359,0.18627647,0.19721301,0.20340793,0.205581,0.18577495,0.20604609,0.18658413,0.20760547,0.20969777,0.19345707,0.18865421,0.19592854,0.20112574,0.1941919,0.18566531,0.19960329,0.20911425,0.20265938,0.19165137,0.18056607,0.19593647,0.20667163,0.20216626,0.21106967,0.20254949,0.19681835,0.18080568,0.1931172,0.21587661,0.19812137,0.20389226,0.19768968,0.18380699,0.17326586,0.21049999,0.19883776,0.19370404,0.19515881,0.1780553,0.18498237,0.20565818,0.20484714,0.20444624,0.19089188,0.18510559,0.20257074,0.19797245,0.22366515,0.21021697,0.17470236,0.1891665,0.21181051,0.19251446,0.197238,0.2014553,0.17847292,0.20574932,0.18715447,0.20444489,0.18710718,0.228639,0.18704978,0.21054432,0.22379887,0.22414203,0.20152795,0.18670127,0.20381701,0.20207492,0.19211973,0.18921125,0.21679604,0.19943361,0.19881539,0.20746082,0.19137248,0.17634943,0.1833225,0.18046856,0.18857884,0.20290329,0.19259508,0.20553942,0.20985323,0.20508547,0.19336422,0.19397558,0.2185503,0.19532548,0.17536372,0.19827256,0.19110498,0.19749597,0.21460457,0.19299638,0.1890562,0.19441852,0.19262177,0.19697618,0.20327583,0.19195661,0.19866523,0.20375857,0.20355317,0.20219071,0.21661708,0.1947738,0.20301633,0.1826343,0.21082498,0.19320257,0.19583553,0.1855123,0.18993722,0.18616496,0.2055813,0.19139856,0.188559,0.18177566,0.20209356,0.20896867,0.18018992,0.22433285,0.18460914,0.186621,0.20280863,0.20759451,0.20758061,0.20403862,0.16648497,0.19844232,0.20169257,0.20638955,0.20110238,0.20942108,0.19678552,0.19252405,0.19124812,0.21057811,0.20041889,0.2090739,0.18004237,0.19894925,0.2066569,0.17261697,0.21464868,0.20384607,0.19633962,0.1847105,0.18601811,0.1887289,0.18637192,0.18349129,0.19365874,0.19307983,0.18097296,0.2123828,0.20055446,0.20306788,0.19766721,0.18627682,0.19920923,0.18944243,0.21731581,0.21558951,0.1884841,0.20165043,0.19726484,0.19292395,0.19241053,0.20445907,0.1911267,0.20718673,0.2198842,0.20332013,0.20620467,0.19612429,0.20103052,0.19384673,0.19212553,0.1822684,0.19186565,0.19629934,0.19177854,0.19811781,0.18361159,0.19842085,0.19754055,0.19373772,0.21165961,0.19998476,0.17958888,0.18822435,0.19123498,0.21846628,0.19664201,0.18836716,0.20388253,0.2055209,0.20645228,0.19520274,0.2048529,0.1833924,0.19502039,0.1958252,0.21262911,0.20261484,0.19918483,0.21693128,0.20271982,0.19802558,0.194355,0.1966852,0.20153287,0.19496861,0.21062869,0.20415664,0.19529945,0.19340403,0.21199566,0.20179106,0.22085807,0.20853855,0.1992058,0.19213887,0.19026683,0.19822429,0.21907598,0.20495394,0.21177064,0.20068258,0.20701376,0.1886951,0.18596068,0.1913244,0.21105981,0.20330925,0.20367204,0.18932654,0.17536956,0.22119752,0.19709079,0.20817843,0.17919624,0.20613162,0.17931825,0.19066833,0.18683629,0.18459593,0.22665256,0.19827215,0.1851485,0.19169872,0.18864843,0.20975086,0.18340936,0.17588775,0.19810052,0.18913451,0.19707252,0.19597715,0.18783784,0.2094965,0.1937953,0.20942993,0.19258286,0.18853511,0.20717727,0.18876216,0.21810953,0.2175862,0.20305268,0.20377107,0.20070398,0.19522512,0.20274916,0.2092543,0.19936258,0.17983304,0.19728915,0.21240838,0.20106655,0.1965689,0.1855413,0.20758183,0.20065756,0.2164724,0.2017568,0.1804493,0.20845026,0.19459753,0.17567018,0.21877006,0.2217946,0.20724434,0.18885112,0.20052108,0.1941253,0.20543635,0.18770611,0.20735584,0.21598084,0.2120978,0.20279294,0.18350655,0.20641191,0.19724089,0.20957442,0.20636469,0.20137616,0.19821425,0.18830523,0.2172129,0.18896598,0.21183783,0.1952568,0.20748991,0.20053738,0.20695865,0.20714186,0.20017888,0.17411792,0.21645558,0.19286606,0.19995503,0.19321999,0.19601364,0.1840392,0.23654619,0.19733468,0.19195205,0.20860171,0.19889641,0.19153865,0.20584284,0.19363841,0.1909703,0.19589029,0.1962111,0.18921149,0.19532606,0.19131143,0.18588908,0.1884988,0.17976792,0.19879821,0.20047763,0.17250235,0.19925246,0.21401808,0.19150311,0.18017103,0.19293556,0.21379751,0.21545419,0.20630859,0.19580536,0.20319328,0.18261029,0.21104905,0.18395184,0.19813776,0.20825934,0.20602483,0.19598791,0.19691236,0.21229106,0.18345666,0.18406275,0.17762327,0.18727927,0.1975629,0.18122797,0.20467155,0.21208176,0.19852,0.19374037,0.21293907,0.20089118,0.19992381,0.18764992,0.20587678,0.2029523,0.21058145,0.19692847,0.18073437,0.19238403,0.20843582,0.19266033,0.21163385,0.21925214,0.20126174,0.1893261,0.19362792,0.19263975,0.19216487,0.19866142,0.2085775,0.20688099,0.18887566,0.21347073,0.21253127,0.18866578,0.17622223,0.20713341,0.17524853,0.2068716,0.19071779,0.19944827,0.20060417,0.19911791,0.18831849,0.20109752,0.22324947,0.19466715,0.21556576,0.20215237,0.21363276,0.21128125,0.18789098,0.18061928,0.18218444,0.21446297,0.18861054,0.19570574,0.18374272,0.20917617,0.20443653,0.1904462,0.20855266,0.1946342,0.2193893,0.18018895,0.19901097,0.19100413,0.19967583,0.20291884,0.19690359,0.19636843,0.1922003,0.18973844,0.18288252,0.20873542,0.19763678,0.18523441,0.2098157,0.19954884,0.19535013,0.19159538,0.17367184,0.20216131,0.18996237,0.1812828,0.22548689,0.1990851,0.21167281,0.19038197,0.1752615,0.18739468,0.19230027,0.20364872,0.2140929,0.19815008,0.19194771,0.17247024,0.20177719,0.20400545,0.17240652,0.19446656,0.18895285,0.1972782,0.2135575,0.18565077,0.20663974,0.20003884,0.1857939,0.18604058,0.1992913,0.17234562,0.20497246,0.2053319,0.17653924,0.20020452,0.22313678,0.19582488,0.18327574,0.1975067,0.19026244,0.20063289,0.18796763,0.20554961,0.19383097,0.18634957,0.2003798,0.19858347,0.21495685,0.19685434,0.20049421,0.18112847,0.20004404,0.19829619,0.19441795,0.21311389,0.20449904,0.19582893,0.21243624,0.21172817,0.19387382,0.20057485,0.20657685,0.20934156,0.20138091,0.19707374,0.20157005,0.20357989,0.21064672,0.19682305,0.21181041,0.20041648,0.17240655,0.21035852,0.18594812,0.2145783,0.19025129,0.17540368,0.19953696,0.20207042,0.20433302,0.19129679,0.19862458,0.21440561,0.18254614,0.20943496,0.21136698,0.18779218,0.21400848,0.19135076,0.20921002,0.18971671,0.19236204,0.19523907,0.18956152,0.19083571,0.18711707,0.19628629,0.20731339,0.20402884,0.19683976,0.20929724,0.21432835,0.21199092,0.18637438,0.20314538,0.22263812,0.19370565,0.20116991,0.19523191,0.2068349,0.20635524,0.19996433,0.19775823,0.17140259,0.200381,0.20204249,0.20786107,0.20100398,0.2063337,0.20637056,0.1716774,0.20333825,0.17568673,0.20274676,0.20072982,0.19848348,0.19042066,0.18829602,0.17596953,0.2148718,0.1900744,0.19982076,0.2109407,0.18795893,0.19728792,0.20050696,0.2085588,0.20504868,0.20264843,0.1929343,0.21508615,0.21051207,0.18562338,0.20271835,0.20430446,0.19674137,0.18667644,0.2012263,0.19373192,0.19912225,0.19625157,0.2137886,0.20637602,0.21975935,0.18812107,0.18306378,0.19278908,0.2060727,0.20253709,0.18471283,0.18722478,0.19908638,0.20387425,0.19018674,0.22429195,0.20053655,0.21451612,0.1998518,0.19681261,0.18884665,0.19805405,0.19034217,0.1960636,0.1924382,0.19984159,0.21046163,0.21034437,0.20005113,0.19671893,0.20679927,0.21230526,0.2189866,0.21274003,0.21084835,0.18388644,0.21311606,0.20107031,0.20646161,0.19098976,0.20712568,0.18534376,0.19502833,0.19511947,0.20183042,0.19467087,0.20678213,0.21099289,0.20428969,0.21402274,0.1946786,0.19924295,0.18839318,0.20176896,0.22050446,0.19376409,0.18566991,0.1927093,0.19640975,0.18817955,0.19524458,0.21989001,0.21777563,0.20013541,0.20189469,0.19463262,0.20157397,0.20835818,0.19632897,0.19262403,0.19197531,0.20586045,0.20710295,0.18540062,0.19399473,0.2138881,0.2178752,0.19848673,0.20077133,0.20459843,0.20559882,0.22023538,0.20664604,0.17746803,0.20075318,0.21030456,0.18799911,0.2006607,0.20630711,0.19899449,0.20133306,0.19700643,0.19090694,0.1896666,0.18972386,0.20036437,0.19505037,0.1894684,0.19949263,0.1809943
