0.54940563,0.5503882,0.5512141,0.5479344,0.54605824,0.55114716,0.54717684,0.54798293,0.551532,0.5566345,0.54325473,0.5532939,0.54655343,0.55057013,0.5403392,0.54833925,0.5556326,0.5569922,0.5510304,0.5518386,0.5426557,0.5485349,0.55080456,0.54532266,0.55137634,0.5476641,0.54355377,0.5533554,0.54947114,0.55456513,0.5478777,0.546935,0.5522337,0.5524522,0.5439396,0.5546026,0.5557641,0.54979247,0.5451965,0.5400749,0.55059373,0.55228037,0.54191923,0.54458505,0.54746675,0.54543674,0.5435377,0.54601747,0.54508436,0.5489065,0.5387701,0.5518583,0.554638,0.5473882,0.5426419,0.5505475,0.5471827,0.5501376,0.5597642,0.5445956,0.5468008,0.5471389,0.5494656,0.55150187,0.5525059,0.5522249,0.55454576,0.55709517,0.546637,0.5456942,0.5460715,0.5461778,0.55037516,0.55297804,0.55188423,0.54724026,0.55778974,0.5514448,0.54695445,0.5445812,0.54657525,0.55847883,0.54557955,0.55072474,0.5606697,0.54106003,0.54493487,0.5429292,0.5498903,0.5549275,0.5453693,0.5553328,0.550891,0.55233455,0.5422835,0.54993457,0.54621845,0.5444265,0.5587995,0.54637855,0.5482413,0.5500306,0.5535677,0.5504002,0.55199814,0.5525467,0.5451108,0.5484786,0.5550955,0.53887904,0.551248,0.5438684,0.5513196,0.54941106,0.5448955,0.54983234,0.5432911,0.5456103,0.5487026,0.5484343,0.55290306,0.5465012,0.5556081,0.54827404,0.5574136,0.5537956,0.54838115,0.5524567,0.55125946,0.5503988,0.5553599,0.5563281,0.5567166,0.54578334,0.55546606,0.5466764,0.5581767,0.54521483,0.5488169,0.55603904,0.54607826,0.5518812,0.55162853,0.5517563,0.5473632,0.549714,0.54964745,0.5559105,0.55351144,0.5422884,0.5445802,0.55344975,0.5460452,0.54974157,0.54360706,0.5552173,0.54494756,0.5395163,0.5456644,0.5501548,0.5437376,0.55313224,0.55135626,0.55016,0.55038434,0.5521667,0.5575919,0.54962176,0.5442094,0.5544322,0.5523732,0.5461092,0.54961306,0.55385303,0.5455676,0.54899037,0.53537613,0.550057,0.54531676,0.55021065,0.5471911,0.5539182,0.5546628,0.5539499,0.5459746,0.5513623,0.547668,0.54848224,0.5474911,0.55729955,0.5406704,0.54973346,0.55142367,0.542492,0.54691106,0.54207385,0.54373443,0.5512365,0.55045253,0.5470505,0.5463836,0.5566154,0.54822576,0.5521717,0.5514137,0.5468785,0.5455357,0.55020684,0.54810244,0.544502,0.5533246,0.5515064,0.55098504,0.55179554,0.5375055,0.55535764,0.5510292,0.55162203,0.55153704,0.5466652,0.5540841,0.5556085,0.556723,0.5397091,0.55395794,0.5498538,0.54313666,0.5437495,0.546015,0.5533201,0.5541247,0.5464356,0.53983253,0.54957676,0.54483277,0.5485044,0.5497957,0.5464911,0.54346186,0.55039525,0.5500513,0.5494695,0.55232453,0.5548538,0.5511309,0.5529802,0.5520285,0.5504306,0.5534392,0.5465788,0.55148053,0.5552155,0.54972184,0.553771,0.5554717,0.54291886,0.5484451,0.54500103,0.5453068,0.54683506,0.55356354,0.54896134,0.5513227,0.54836786,0.54828674,0.54988575,0.5568072,0.55518997,0.5451589,0.540608,0.5516547,0.5528158,0.5524011,0.5521587,0.5515435,0.55165803,0.54425174,0.5536528,0.54939955,0.5454439,0.55968285,0.54471207,0.551876,0.54655087,0.5476156,0.55245966,0.5532357,0.5502185,0.54927593,0.55167884,0.5568651,0.55595326,0.553284,0.5564603,0.55080634,0.5478169,0.5465182,0.55002564,0.54177433,0.55251,0.5505959,0.5511874,0.5515673,0.546953,0.54614216,0.54631853,0.5533917,0.54269165,0.54815644,0.5525901,0.54556423,0.54922223,0.5479776,0.55060434,0.54767483,0.5440972,0.5534929,0.54272795,0.56020373,0.5538988,0.5556742,0.54436564,0.5585321,0.5480954,0.54996043,0.5450292,0.550877,0.54970187,0.5593911,0.55074376,0.555801,0.55165625,0.55344266,0.55075336,0.5433419,0.55004996,0.54935247,0.54066503,0.547312,0.5519,0.55172354,0.54905576,0.5468953,0.5471933,0.5534228,0.5441953,0.5481471,0.5532813,0.55331993,0.54977345,0.5515528,0.543703,0.5447695,0.5428778,0.54643935,0.5533755,0.5538363,0.542615,0.55242753,0.552015,0.552707,0.5508956,0.54702556,0.5526789,0.55091697,0.549529,0.5661129,0.5416792,0.55373394,0.549881,0.54251635,0.56316704,0.5483284,0.55366963,0.55517757,0.5479242,0.548632,0.5618869,0.5614956,0.55446744,0.54991746,0.5500338,0.5480114,0.55649513,0.54838204,0.54638314,0.55010283,0.55997884,0.55228096,0.54854643,0.5513687,0.5476755,0.5532239,0.54228437,0.54331714,0.5530523,0.5524952,0.5491503,0.55050844,0.5522243,0.5526381,0.55204153,0.5473447,0.553521,0.553307,0.55009323,0.5473752,0.55430067,0.5493383,0.5417652,0.5548878,0.5568393,0.54756355,0.55563265,0.54848933,0.54866093,0.54412746,0.55172247,0.5452334,0.55142015,0.5429689,0.5501661,0.55305916,0.5492026,0.54285073,0.54879415,0.5528523,0.5509891,0.5401427,0.5469613,0.55262643,0.5437318,0.5506236,0.5519714,0.55177814,0.54348737,0.55307764,0.55013794,0.5479261,0.55425656,0.54493695,0.5462296,0.55223936,0.54767305,0.55573726,0.5408429,0.5490615,0.55134624,0.5478333,0.5510857,0.5355232,0.5464895,0.55368966,0.5441716,0.5513581,0.5537705,0.5434124,0.54262555,0.5475275,0.5534868,0.53944397,0.550237,0.5493294,0.5538472,0.5488812,0.5498202,0.5461146,0.5416231,0.54717386,0.55743355,0.54910624,0.55802476,0.5558223,0.5525321,0.55648774,0.5474712,0.5552079,0.54594547,0.54268646,0.5572795,0.55192184,0.5501728,0.54333276,0.5400154,0.54044497,0.54923785,0.54993916,0.5497526,0.5516042,0.5482194,0.5436333,0.5449238,0.5515788,0.5563633,0.54889643,0.54385227,0.5445714,0.55378807,0.54098177,0.55504984,0.5514459,0.55574226,0.554769,0.55198455,0.5532671,0.5506344,0.54561245,0.5491929,0.545345,0.5441809,0.547086,0.54405236,0.5427792,0.55786216,0.5487474,0.5592885,0.545086,0.54859203,0.5462556,0.5396751,0.54759574,0.5540521,0.5473053,0.54794806,0.5449313,0.5545716,0.54824406,0.5528866,0.5413787,0.5550557,0.5406417,0.5466801,0.54626507,0.56474257,0.5394504,0.55071926,0.5427613,0.5538769,0.54832685,0.54937226,0.54620576,0.54876417,0.54769355,0.54345495,0.54769415,0.54483527,0.5494795,0.5540611,0.5506879,0.54845816,0.5604725,0.54101986,0.546062,0.5565667,0.5572234,0.5544984,0.5545285,0.5416665,0.54475844,0.55793065,0.55214936,0.545415,0.55224776,0.554786,0.5584678,0.55111945,0.5559308,0.5520003,0.5583673,0.553396,0.54246825,0.54585546,0.5516279,0.551726,0.5472615,0.5436761,0.5483576,0.5461514,0.5563716,0.55763257,0.53557324,0.5527947,0.55082136,0.5492113,0.5541625,0.5602889,0.54983157,0.54824543,0.5491742,0.55757165,0.54659885,0.557226,0.54892874,0.55588764,0.5558818,0.5427235,0.5562116,0.5484649,0.5501792,0.552217,0.55147874,0.5434326,0.5483115,0.5540076,0.5449163,0.5484546,0.5533789,0.5539267,0.5435031,0.5432781,0.5534499,0.5584946,0.54809064,0.541797,0.5475494,0.5520409,0.55526614,0.5508779,0.543805,0.5444623,0.5547057,0.5478473,0.5426082,0.5542717,0.5511506,0.5463408,0.55456495,0.54594165,0.5437424,0.5511592,0.55376405,0.5455075,0.5512471,0.55869347,0.5539048,0.5538021,0.54695034,0.5537571,0.54959625,0.5495298,0.5467794,0.5450441,0.55316156,0.5651937,0.553021,0.5462193,0.54577476,0.5547572,0.5545492,0.5523175,0.54866177,0.54669076,0.55370307,0.5433082,0.54272676,0.5433,0.55910665,0.55323213,0.55365604,0.5474101,0.5441702,0.55105036,0.5541947,0.55028015,0.54356056,0.55458534,0.5464639,0.55137175,0.54536426,0.5466746,0.5544856,0.55304366,0.5480582,0.5524901,0.557282,0.5537419,0.546227,0.55826646,0.5502106,0.5423073,0.5428357,0.5527643,0.55399203,0.550823,0.54937154,0.5425183,0.552577,0.5430674,0.5509175,0.54690844,0.5478299,0.5466582,0.5500477,0.55043644,0.5486682,0.5534374,0.5544346,0.5511143,0.5515759,0.5509041,0.55053025,0.5474848,0.5494755,0.5366777,0.5583009,0.5518684,0.5481052,0.5495,0.54542416,0.54730004,0.55856746,0.549732,0.5514289,0.5512124,0.54835427,0.55624884,0.5431434,0.5595391,0.5402384,0.55679095,0.54904765,0.55511314,0.546484,0.5568578,0.54528034,0.5455453,0.54614735,0.55628186,0.54659927,0.5464534,0.55236113,0.5476475,0.5470931,0.5456648,0.547861,0.5465457,0.55164135,0.5441013,0.5489554,0.5530402,0.5501869,0.5511076,0.55295146,0.54977703,0.5445319,0.5483447,0.5526291,0.550264,0.5484898,0.55071825,0.54952013,0.548781,0.54726934,0.5533834,0.54905885,0.55360466,0.5539115,0.55043226,0.5480343,0.5578207,0.54735786,0.5532452,0.5494945,0.5502711,0.5526534,0.54919285,0.5484419,0.5542482,0.5446335,0.5548198,0.5476935,0.54354143,0.54565966,0.5434125,0.54835737,0.5478004,0.5497056,0.5472027,0.5545301,0.5506382,0.549499,0.54984456,0.54497874,0.54554445,0.5476977,0.5484835,0.54390234,0.55163985,0.55104053,0.5492506,0.54918694,0.5495941,0.55113703,0.546462,0.5523899,0.5429784,0.5471838,0.5521099,0.55384576,0.54650545,0.5625372,0.5541558,0.5449909,0.5488609,0.5479296,0.5535297,0.5526389,0.54794836,0.55566925,0.5497138,0.5476371,0.5438702,0.5522781,0.5513004,0.55574375,0.541845,0.5456426,0.54938626,0.5528032,0.54284924,0.5511183,0.54938006,0.5508289,0.54062146,0.5448184,0.55172104,0.5560768,0.5535577,0.54490364,0.54375297,0.5437661,0.54043067,0.55346745,0.56250465,0.5497629,0.54995525,0.55069494,0.5484098,0.54183435,0.54148513,0.5466531,0.5436798,0.5473827,0.5532357,0.5429091,0.54959965,0.54208237,0.54959023,0.55990666,0.55068856,0.54547244,0.55637556,0.54760027,0.54565495,0.55181426,0.5331317,0.5470226,0.5486508,0.55965644,0.5451467,0.55379903,0.5442898,0.55200964,0.5413544,0.54766303,0.5525524,0.546087,0.55598384,0.5431856,0.5456463,0.55399925,0.55065054,0.5506626,0.55226123,0.5423337,0.5473889,0.55188876,0.5471947,0.54997116,0.5416326,0.5546619,0.54646647,0.5504175,0.5465697,0.5512044,0.54792714,0.5542271,0.54985505,0.5463577,0.5442367,0.5398451,0.5538924,0.5411979,0.5536095,0.5507577,0.5508536,0.55650973,0.55038965,0.5515459,0.54654306,0.54974943,0.54709214,0.55157566,0.5445373,0.5504813,0.54906774,0.54742277,0.5493156,0.56051457,0.5552091,0.548889,0.54455554,0.55619806,0.5440921,0.53758323,0.55089736,0.55319893,0.54722065,0.54786456,0.55369806,0.54784065,0.54607856,0.5499772,0.5587556,0.5451279,0.5504134,0.55135506,0.54823744,0.55048615,0.54682434,0.5453925,0.5516837,0.54888964,0.55326563,0.54690206,0.54598755,0.5407083,0.5425122,0.5554933,0.54479516,0.54943895,0.5468199,0.55166465,0.54990876,0.54700255,0.5497782,0.5461025,0.55424637,0.5520671,0.54938406,0.5504948,0.5422924,0.5566475,0.5506951,0.54414326,0.538174,0.5452509,0.5479334,0.5512986,0.54981524,0.5588807,0.5442614,0.5477355,0.54806036,0.5573266,0.5513212,0.5520782,0.5558991,0.5490991,0.5560489,0.54722655,0.5571606,0.552287,0.5473394,0.55807924,0.5448408,0.5488738,0.54448783,0.55134994,0.55184174,0.55824083,0.5568726,0.55093175,0.54535115,0.5546977,0.5496705,0.548833,0.547052,0.55616415,0.5576967,0.5505458,0.5526489,0.539635,0.547092,0.5550059,0.5529933,0.55197114,0.55034316,0.5517528,0.54878175
0.5113017,0.5032789,0.50495344,0.5075586,0.5055319,0.50241685,0.49949226,0.50601137,0.5019012,0.51667327,0.5037661,0.506059,0.50721955,0.505605,0.5050068,0.50210375,0.5085662,0.49992046,0.5111426,0.51589775,0.5074881,0.5118386,0.51374424,0.5015148,0.50309134,0.50252444,0.5092942,0.5021007,0.50921184,0.50721407,0.5123941,0.49944162,0.51424456,0.50221384,0.50695515,0.5112162,0.50307333,0.50003,0.5074856,0.50417924,0.50241697,0.5128498,0.50921947,0.50253874,0.50444096,0.50340945,0.5009498,0.50433344,0.5064052,0.5049977,0.50384974,0.50662947,0.50789356,0.5124481,0.5155106,0.5040302,0.5031744,0.5009565,0.5125319,0.5039648,0.50424623,0.5009758,0.50512236,0.50398064,0.5163981,0.51190686,0.5134386,0.5080379,0.49909866,0.51047957,0.5036616,0.50367475,0.510898,0.5072966,0.50656235,0.50047845,0.50625956,0.50645065,0.50893307,0.5032723,0.50937986,0.51136684,0.50948364,0.51430726,0.511134,0.5089705,0.5037584,0.5029367,0.50344205,0.5004088,0.5055085,0.5063268,0.5081158,0.5107223,0.5125814,0.5082602,0.5072446,0.4996901,0.508299,0.5106588,0.50493425,0.4997463,0.5036356,0.5030472,0.51224905,0.50835,0.5067219,0.51177275,0.5066125,0.504084,0.49845353,0.49806353,0.50105995,0.5035969,0.5071192,0.51093465,0.5049775,0.49314046,0.5087034,0.50735635,0.51335937,0.5079193,0.5024451,0.50585634,0.5080135,0.5067456,0.5068562,0.5066462,0.507544,0.5072484,0.5162454,0.50891143,0.5099266,0.51020175,0.5040628,0.4992833,0.5055378,0.505473,0.5061923,0.49806735,0.50441784,0.50750417,0.5025669,0.51242775,0.5010311,0.5082645,0.50809634,0.5130827,0.5074346,0.501051,0.50580543,0.50597125,0.50558954,0.49964735,0.5050252,0.5008921,0.5013989,0.50425154,0.50977224,0.5121059,0.51131,0.50482,0.50896364,0.5043352,0.5125266,0.50742406,0.5158379,0.5042398,0.5078469,0.50943375,0.51300555,0.513488,0.50881785,0.50868595,0.5041595,0.504206,0.5015472,0.50921327,0.5048855,0.5017313,0.50014406,0.5114345,0.50439566,0.5084155,0.49490738,0.5121993,0.5050349,0.5042472,0.5102252,0.50198966,0.50271285,0.51026076,0.50936365,0.5024943,0.5013379,0.5086215,0.50580436,0.50343585,0.5046665,0.5066513,0.5064511,0.507993,0.50244,0.50323665,0.5074301,0.5117371,0.512652,0.5019367,0.5066305,0.5119421,0.5088944,0.5035012,0.5026402,0.50051826,0.50674325,0.5099396,0.51509637,0.50398695,0.50594825,0.5128693,0.5065256,0.50912297,0.5162522,0.51232326,0.5073529,0.5081039,0.50050163,0.5094706,0.50911725,0.5046051,0.50748026,0.5078762,0.50926375,0.5011867,0.51186156,0.50499594,0.5048412,0.5077236,0.510318,0.5104865,0.49732104,0.506379,0.5096417,0.5103607,0.507236,0.50686306,0.49888065,0.50332063,0.5108734,0.50331986,0.5089421,0.51312965,0.5069684,0.50665206,0.5007619,0.50663716,0.5020791,0.50541115,0.50282395,0.5059119,0.50355774,0.5000512,0.5032196,0.5069863,0.50289357,0.5116028,0.5138995,0.50144625,0.49795738,0.50968856,0.5050632,0.50949115,0.50116616,0.5077091,0.5128548,0.50688577,0.5060381,0.5058791,0.5060483,0.5064072,0.5115927,0.51246655,0.50564235,0.51056844,0.50561213,0.5018568,0.5049756,0.5025513,0.50298625,0.51087344,0.5056779,0.5067342,0.5069214,0.510242,0.509289,0.504135,0.5125375,0.5126082,0.51018643,0.5029819,0.508846,0.5092501,0.50654346,0.50613683,0.51142263,0.5053238,0.5080994,0.51228076,0.5066695,0.50304353,0.5035446,0.5099485,0.5097621,0.5032241,0.50040376,0.50038445,0.50679016,0.5034874,0.508566,0.5062882,0.51082754,0.5093175,0.5050271,0.511306,0.5038818,0.50618654,0.5091216,0.5001144,0.50102454,0.5074754,0.5119842,0.50903785,0.5060053,0.50575143,0.5040449,0.49735314,0.49974585,0.509824,0.5105366,0.50998986,0.50782293,0.503973,0.51228577,0.50492865,0.5068369,0.5049929,0.50441915,0.50204444,0.5007311,0.51244897,0.5090096,0.5026789,0.502641,0.50421125,0.50870836,0.50815636,0.5108533,0.50554055,0.50759596,0.4947197,0.5049998,0.49933922,0.49847487,0.51614296,0.49644294,0.5073519,0.51598155,0.5050856,0.5079633,0.5075487,0.50704336,0.5061613,0.5024838,0.51272243,0.5052276,0.50418323,0.519823,0.50341946,0.5104312,0.50686914,0.509986,0.50595206,0.5083283,0.506863,0.5084053,0.5067529,0.4997172,0.5044765,0.5071695,0.50213814,0.5085843,0.50938314,0.50734633,0.5041045,0.50765646,0.5066254,0.50047594,0.50767726,0.5084105,0.50900936,0.50563073,0.5063494,0.5075046,0.50699943,0.50360173,0.5114673,0.50707704,0.50351083,0.5067175,0.50898445,0.50898904,0.50091857,0.51544285,0.51404667,0.50549686,0.5110879,0.5047185,0.50116444,0.5007303,0.50325894,0.50053376,0.50894314,0.5079693,0.51161766,0.5024657,0.50657606,0.5051513,0.50771856,0.501603,0.507756,0.50910074,0.5078461,0.50584376,0.5028619,0.5080808,0.50299627,0.5012527,0.49985257,0.5016435,0.5100515,0.50656503,0.5111331,0.5090934,0.5087958,0.5049911,0.50295687,0.50211596,0.4989943,0.51043814,0.51280653,0.50094414,0.5004004,0.50821793,0.5139698,0.5055819,0.5052342,0.50605464,0.51125216,0.50368816,0.505635,0.50405496,0.5076882,0.50789773,0.5025513,0.50771356,0.50344044,0.5089283,0.50891477,0.5100279,0.5063914,0.5141786,0.51379985,0.501768,0.5114888,0.5094388,0.51511896,0.51027143,0.50235504,0.5104372,0.50474346,0.50337285,0.50211036,0.5074519,0.5054914,0.5060307,0.51479036,0.51205164,0.50721323,0.5176679,0.50756854,0.5026565,0.50944656,0.49963304,0.5101348,0.50105953,0.5078172,0.5092679,0.49687785,0.5058252,0.5086903,0.50976,0.51051474,0.51137495,0.497953,0.51294106,0.50907546,0.51285243,0.50904685,0.5120411,0.49998787,0.50525373,0.50653696,0.51397157,0.51091325,0.50387055,0.50967985,0.5047123,0.5084825,0.5053979,0.5022513,0.51095545,0.51526356,0.5132585,0.50571406,0.51247096,0.5074962,0.50605464,0.51026666,0.5110661,0.50175524,0.5037646,0.5024134,0.50399697,0.5007866,0.504948,0.5070877,0.5036201,0.51109535,0.5070987,0.51597345,0.50152344,0.50770485,0.50657046,0.5091448,0.5037621,0.50193125,0.5079757,0.5077184,0.51143014,0.4979987,0.5079757,0.50395405,0.5139813,0.4985169,0.5093851,0.5056102,0.50302565,0.50683147,0.5037657,0.5121703,0.5026472,0.50922185,0.51487136,0.50771,0.5070889,0.5122517,0.5016349,0.49941024,0.5063384,0.51166695,0.5064875,0.50395334,0.50628877,0.5045894,0.5089444,0.5049488,0.50776505,0.5031579,0.5103596,0.5036986,0.50349885,0.5054356,0.50686926,0.51476943,0.50380194,0.50881577,0.50256884,0.5089335,0.5103838,0.505615,0.507205,0.50449973,0.50887555,0.50623965,0.5077901,0.508565,0.5106592,0.50490814,0.50362414,0.5166671,0.50568104,0.5092489,0.5051528,0.51050466,0.51103324,0.5080304,0.5071106,0.51549584,0.5078814,0.49894696,0.50962555,0.5080043,0.50333655,0.5100404,0.50646305,0.50640786,0.5075974,0.50986433,0.5054445,0.508207,0.50762546,0.50619686,0.50401485,0.512865,0.50191545,0.50619966,0.50078565,0.5008981,0.5076793,0.5105314,0.5073564,0.5073232,0.5059684,0.51727605,0.5071386,0.5143396,0.50672644,0.5071673,0.50424606,0.5005935,0.506935,0.5099984,0.5107815,0.50288594,0.50803566,0.5087113,0.50430393,0.5060469,0.5064628,0.514148,0.50752324,0.51205397,0.50909597,0.5102466,0.5076007,0.51091635,0.5148869,0.50191593,0.50932574,0.5122178,0.5049222,0.50406635,0.5013201,0.5033076,0.50630397,0.50575674,0.50994337,0.5088026,0.509753,0.5065259,0.5114843,0.51356876,0.5037824,0.5041572,0.5101404,0.507355,0.5061066,0.50286806,0.5085805,0.5006819,0.5017953,0.5083,0.5068437,0.49870604,0.5144561,0.5069784,0.50905013,0.51129246,0.50657994,0.5072946,0.50715685,0.50847334,0.50146466,0.50705695,0.5001241,0.49846202,0.50712466,0.50664574,0.5136727,0.50557023,0.5105341,0.5153578,0.5085639,0.5053556,0.50651944,0.5101013,0.50638103,0.5086943,0.5133722,0.5060348,0.50368977,0.5082372,0.50029624,0.50523084,0.50442606,0.5047778,0.5051759,0.50334454,0.50222766,0.5045535,0.5076537,0.5025442,0.5046138,0.5077908,0.51096225,0.50093704,0.50014776,0.51104504,0.5009497,0.50561357,0.5128628,0.508839,0.509321,0.5073646,0.5064615,0.5056923,0.5049947,0.5073192,0.5080314,0.50680286,0.5111889,0.5056571,0.51535666,0.50718725,0.5100321,0.50634736,0.5109541,0.509861,0.507526,0.50737,0.49955288,0.5052451,0.5110066,0.5083082,0.50162226,0.5069225,0.5094378,0.5118577,0.5081346,0.50866556,0.50939184,0.50157034,0.5108628,0.50717753,0.51060057,0.5072247,0.508218,0.50979066,0.49820584,0.5036789,0.51206475,0.51137817,0.4993113,0.49582136,0.50463,0.5072408,0.5104749,0.5079752,0.5041819,0.5089167,0.5055156,0.508857,0.5064874,0.5041314,0.5108035,0.49916223,0.49833655,0.5072021,0.5098541,0.5008086,0.51019835,0.49952808,0.5033496,0.5046387,0.50951743,0.5076629,0.50422746,0.50488716,0.5049433,0.501439,0.50901014,0.5094934,0.5036581,0.51087517,0.5099552,0.5075544,0.5071379,0.5096563,0.5114396,0.5092458,0.4983859,0.49886653,0.5061595,0.5126004,0.5045334,0.5065894,0.5087326,0.50538397,0.5076693,0.49686977,0.5095369,0.50766206,0.49423257,0.5046051,0.49692777,0.5061892,0.50870395,0.504493,0.50482655,0.49675283,0.5103381,0.50467545,0.5056645,0.51078063,0.50363207,0.50912446,0.5090719,0.5059705,0.5074587,0.50498915,0.50661236,0.5055989,0.50908834,0.51225275,0.50772303,0.51020193,0.5071829,0.50863004,0.51143825,0.49877357,0.50636727,0.5142468,0.5063867,0.5074824,0.5069842,0.50129014,0.5092174,0.51223594,0.51206774,0.51118755,0.5065743,0.50622857,0.5050967,0.51111203,0.5189338,0.5058041,0.5055968,0.50301325,0.5014698,0.50861686,0.50836587,0.5116658,0.50729495,0.5130382,0.505874,0.50302744,0.51433897,0.5110216,0.5034361,0.50493085,0.5099981,0.5011304,0.51048654,0.5071559,0.5038351,0.5003581,0.51035374,0.51298857,0.5049079,0.5071245,0.5043743,0.50642014,0.5016699,0.5091595,0.5048022,0.50567305,0.50086784,0.5038027,0.5042265,0.50210714,0.5030514,0.49789804,0.5110085,0.5015623,0.5101636,0.50789654,0.50602406,0.5070956,0.5171544,0.50532377,0.50883883,0.5073291,0.5145894,0.5010703,0.5082317,0.51191795,0.50888276,0.50612026,0.5045904,0.50463957,0.5118147,0.4954416,0.50153506,0.510955,0.5071029,0.5088508,0.50421005,0.4994726,0.5087022,0.50584865,0.5079031,0.505984,0.51052535,0.5122032,0.50835854,0.50567967,0.5028716,0.5036834,0.5064933,0.50451595,0.50414026,0.5126845,0.51109076,0.51559573,0.5142098,0.5114564,0.5033476,0.5139948,0.509536,0.5006591,0.50943714,0.5048265,0.506937,0.50690037,0.5105296,0.51330596,0.5057628,0.50668865,0.5070683,0.5074609,0.50151473,0.5062446,0.50478196,0.507506,0.5079955,0.51361364,0.50309026,0.50922483,0.5060407,0.5095784,0.5085673,0.50868654,0.51227486,0.5077592,0.5086751,0.5063572,0.5119865,0.50688887,0.51315105,0.5097186,0.5065011,0.50768876,0.4980143,0.4959511,0.51740533,0.51098806,0.51177406,0.5075779,0.50735265,0.5084121,0.50774866,0.50934815,0.5013205,0.50789624,0.50643647,0.5053236,0.5016287,0.5139645,0.51186126,0.5128817
0.6598558,0.6527137,0.65418494,0.6560951,0.6536192,0.6564996,0.65852165,0.65213525,0.6474974,0.6651141,0.6514389,0.6594062,0.6532002,0.6548445,0.64913446,0.6504146,0.65655905,0.6565353,0.6538826,0.66474265,0.6554074,0.6534468,0.65166104,0.6540651,0.6544222,0.6482088,0.6489021,0.6514039,0.65705776,0.65512496,0.65878755,0.6464353,0.65356386,0.6552176,0.65099233,0.65836734,0.6583899,0.6470269,0.65364194,0.64891535,0.6566595,0.6543215,0.6515513,0.6540622,0.6507206,0.6535187,0.6555271,0.6509538,0.6553326,0.6511631,0.6486312,0.65606403,0.6582159,0.65481526,0.6558483,0.6511349,0.65439314,0.6501417,0.65986735,0.64702106,0.65409344,0.65280855,0.6516389,0.6577267,0.6583401,0.6517488,0.65506095,0.6533127,0.6521087,0.65455884,0.6492657,0.65287286,0.6504969,0.6580683,0.648347,0.65213484,0.656676,0.65119064,0.6543185,0.655071,0.65681374,0.6580709,0.64830035,0.65767014,0.65534496,0.65146005,0.6523373,0.6477253,0.65193737,0.65413123,0.6499967,0.6523891,0.6568274,0.6548446,0.6545476,0.6557044,0.6544134,0.6468471,0.6587325,0.65169084,0.6487698,0.6515126,0.6545102,0.6576426,0.6598083,0.6499416,0.65001017,0.6516824,0.65475744,0.64952505,0.65497667,0.64989436,0.65417105,0.6542205,0.64661944,0.6545305,0.65397,0.648261,0.64917064,0.655903,0.6571397,0.648836,0.6480349,0.6454524,0.6540904,0.65384614,0.65519583,0.65085566,0.64838165,0.65083647,0.6546704,0.65940475,0.6585234,0.6454686,0.6607855,0.6449395,0.6542895,0.65174663,0.6528188,0.6555686,0.6583697,0.65375125,0.6501744,0.6514879,0.6568418,0.6534288,0.6579549,0.65443504,0.6559042,0.65637064,0.6545857,0.655788,0.64961326,0.65658927,0.64901847,0.65322727,0.6450365,0.6560105,0.6596911,0.6559443,0.6479155,0.65793043,0.65363777,0.64919746,0.6567412,0.6542292,0.6580427,0.64614415,0.6493819,0.6552112,0.6544668,0.6463073,0.6502833,0.65874904,0.65519655,0.64970124,0.6471315,0.65244925,0.65270895,0.65192175,0.6484647,0.6580522,0.65013605,0.65829927,0.64667696,0.649873,0.6498268,0.6524049,0.6598759,0.6451189,0.649161,0.65585124,0.6512196,0.6477845,0.65537286,0.6576149,0.64853555,0.6572242,0.6554103,0.65049946,0.6504514,0.64954436,0.65042156,0.64410067,0.6546524,0.6576508,0.6572202,0.64905155,0.64894426,0.65498644,0.6518005,0.6532028,0.64625585,0.6507995,0.65280575,0.6514144,0.6556703,0.65252936,0.6499556,0.65785295,0.65854025,0.65508705,0.66490924,0.6543425,0.654487,0.65466434,0.6517935,0.6519675,0.6567599,0.65654147,0.65048337,0.6572799,0.6491309,0.6487708,0.64500344,0.6514155,0.6551988,0.6536778,0.6504219,0.65327233,0.65183914,0.6519314,0.6605402,0.6542118,0.6528622,0.65731037,0.653443,0.6494693,0.6526958,0.64940286,0.6537568,0.6497242,0.6499008,0.65509176,0.6580734,0.6563258,0.6528832,0.65223026,0.64539516,0.65497935,0.65100706,0.6494461,0.6494941,0.65704,0.65339607,0.6595446,0.6562308,0.6576616,0.64845157,0.6596345,0.6534416,0.66298467,0.6497699,0.65277004,0.6557918,0.6465552,0.6552525,0.65542346,0.6605647,0.64814377,0.65940577,0.6545927,0.6521149,0.6555794,0.6492818,0.6555874,0.6565672,0.6505349,0.65270054,0.6557143,0.6564116,0.6500402,0.6498262,0.6571596,0.65947646,0.65391487,0.65521157,0.6572664,0.65351814,0.65514517,0.6556804,0.6585839,0.6516099,0.6511875,0.6562075,0.6452786,0.6574321,0.6572957,0.6575912,0.6566161,0.6509031,0.660713,0.6522365,0.6535669,0.6457914,0.6517297,0.6573234,0.64885795,0.65995693,0.65695417,0.6577075,0.64547056,0.6553721,0.64831465,0.65349334,0.650292,0.66048837,0.6490803,0.65202314,0.6503491,0.6538857,0.66068935,0.6570658,0.6590182,0.6513793,0.65095055,0.6477591,0.6434283,0.6571881,0.66188675,0.6514124,0.649676,0.6533391,0.65927374,0.6616637,0.645456,0.6575559,0.64981776,0.6525246,0.65242153,0.6556343,0.6507154,0.6444989,0.647373,0.6529725,0.65427995,0.6558666,0.6525979,0.6512007,0.65596855,0.65195787,0.65135044,0.6495898,0.65727097,0.65353614,0.65442073,0.6611715,0.6534969,0.6599693,0.65405476,0.6530762,0.6589764,0.64795893,0.6532614,0.65494394,0.6486785,0.65515554,0.6559758,0.6591399,0.65223694,0.6555197,0.6522797,0.65528697,0.66091603,0.6561205,0.6535392,0.6513598,0.65667206,0.65865976,0.6500858,0.65562063,0.6511256,0.6527342,0.6527492,0.6511699,0.65514785,0.65370065,0.6541753,0.6564415,0.65697265,0.6514682,0.6490865,0.6507636,0.65073043,0.6477496,0.6513592,0.6466074,0.6544442,0.65497345,0.6507997,0.6555834,0.6522039,0.6555377,0.6575154,0.65563387,0.65575886,0.6481891,0.6538373,0.6518001,0.6524478,0.64558625,0.6621621,0.6534024,0.6533896,0.6526513,0.6524578,0.6518083,0.648969,0.65468717,0.6541638,0.6489834,0.6500461,0.652034,0.6534234,0.6596683,0.64900726,0.65534455,0.65335304,0.65695965,0.65277034,0.6514342,0.65502703,0.66120034,0.650162,0.65810144,0.64791554,0.6483484,0.64822257,0.6517667,0.6571479,0.650391,0.65198445,0.65902984,0.65152884,0.64502317,0.6502351,0.6571857,0.6532035,0.6534262,0.6551673,0.6464001,0.6534783,0.65172243,0.6498707,0.65469337,0.6546442,0.65217495,0.6544837,0.6519463,0.6532424,0.6553053,0.6624445,0.6592235,0.65366066,0.65288484,0.65756917,0.6584495,0.6524229,0.6525911,0.65835804,0.6539619,0.65051216,0.6517597,0.64712083,0.6507486,0.65914744,0.6518702,0.65279156,0.65492,0.65117145,0.6483829,0.6508404,0.6500948,0.6602685,0.6552256,0.65889174,0.6486438,0.6465899,0.6486256,0.65647507,0.6585497,0.65728164,0.66170245,0.6549844,0.6522559,0.6529832,0.6535923,0.65913886,0.65493965,0.6505816,0.6534508,0.65519136,0.6557188,0.66095847,0.6552665,0.6530228,0.6495288,0.64833856,0.6540741,0.6487064,0.6503716,0.659155,0.65394926,0.65327543,0.6574788,0.6594352,0.6537783,0.65042,0.6521594,0.6560081,0.65116674,0.6457722,0.652976,0.6554246,0.6444216,0.657637,0.6462865,0.65729034,0.65617967,0.65574455,0.64507914,0.6416533,0.65052354,0.64594865,0.6546463,0.6481859,0.65714794,0.6626297,0.65439355,0.6468109,0.6649536,0.64467406,0.65460396,0.6505326,0.66060513,0.6582141,0.6550833,0.6463778,0.6530861,0.65426123,0.6564581,0.65192115,0.657238,0.65548253,0.6565729,0.65505195,0.65746045,0.6549447,0.6547679,0.6603296,0.6548345,0.6469065,0.65279454,0.65962034,0.6521389,0.65804046,0.6482054,0.6508284,0.65116525,0.6563537,0.6471689,0.651867,0.6515672,0.65568596,0.6597692,0.6577706,0.65244156,0.65210617,0.6579458,0.6544478,0.64823407,0.65716106,0.6553426,0.6510365,0.65332824,0.650074,0.6558844,0.6567446,0.6527395,0.65732294,0.65445167,0.6506602,0.65090394,0.6479732,0.65257686,0.65007055,0.65821666,0.6585419,0.6524627,0.64635867,0.6573598,0.66228426,0.64949703,0.64640206,0.65006894,0.6577104,0.65732807,0.65582484,0.6483096,0.65197057,0.6555496,0.6502603,0.6503752,0.6570286,0.65220726,0.65225,0.65058494,0.6530298,0.64922863,0.6609963,0.654102,0.6533562,0.65317917,0.65730953,0.6513628,0.6616084,0.64501023,0.6611798,0.6576713,0.6559271,0.65525496,0.6525397,0.6553933,0.65776557,0.6554126,0.65051544,0.6490729,0.65524465,0.65032196,0.64743865,0.6567761,0.65239704,0.6561469,0.6488775,0.65087956,0.649814,0.6545592,0.6530352,0.655582,0.6555709,0.6457285,0.6546451,0.65232635,0.6538546,0.649908,0.65437466,0.6487882,0.6535704,0.64931136,0.65297234,0.6553194,0.655729,0.65214235,0.6519647,0.66088,0.65535605,0.65099037,0.6613073,0.6509308,0.65073276,0.6520487,0.6523581,0.65396005,0.64785206,0.6601517,0.65023035,0.65495765,0.65589356,0.6541547,0.65707165,0.64822334,0.6509978,0.65297407,0.6597532,0.6550769,0.64780766,0.6496061,0.6610715,0.6577694,0.65731114,0.65852094,0.65317726,0.6564153,0.64999956,0.6554069,0.6560235,0.6514465,0.65735275,0.65389544,0.644743,0.65501636,0.65379864,0.6495644,0.65420884,0.6540707,0.6572561,0.65843934,0.65094084,0.6447846,0.6566051,0.6489368,0.6597049,0.65037125,0.655553,0.6532552,0.6554191,0.6444181,0.6535434,0.65107816,0.65517294,0.65659845,0.6479687,0.6592347,0.6532252,0.6567419,0.65652406,0.64848113,0.6551794,0.6592645,0.6494828,0.6598614,0.65369487,0.6569915,0.6546025,0.65147614,0.65608066,0.65518266,0.6513194,0.6497726,0.65566474,0.6563875,0.64986867,0.6561027,0.64947975,0.65349925,0.6600328,0.65499765,0.65139943,0.6541829,0.6567543,0.65301925,0.6526443,0.659497,0.6568312,0.6599027,0.6540433,0.6519786,0.648729,0.6500486,0.65362453,0.6509019,0.64786404,0.6553815,0.64358693,0.6573675,0.6581129,0.6609457,0.65396035,0.6499383,0.6569246,0.65657187,0.65034807,0.65284467,0.65040994,0.6502852,0.6479881,0.6469434,0.65067434,0.6584042,0.6487351,0.6554832,0.65056276,0.6557898,0.6509969,0.6512619,0.6504704,0.64927256,0.65649843,0.65458745,0.646626,0.6572302,0.6549605,0.6549747,0.65214944,0.650799,0.65186524,0.65310985,0.65839815,0.65714,0.650525,0.6536963,0.65019196,0.6543262,0.65723884,0.6569575,0.6474852,0.6465075,0.6525294,0.6515572,0.6543559,0.65688246,0.6489226,0.65123117,0.64772815,0.652954,0.64996094,0.6563473,0.6537557,0.64993376,0.63995373,0.6601166,0.65451574,0.65595585,0.6574702,0.65321547,0.658974,0.6520953,0.65011954,0.65331364,0.6524258,0.649045,0.64894724,0.6567417,0.65938693,0.64473945,0.654649,0.6446533,0.65474343,0.65915996,0.6470756,0.64732635,0.66212577,0.64614874,0.6517384,0.6514719,0.64457595,0.6512907,0.6513587,0.6629701,0.65245086,0.66061634,0.6520569,0.65884477,0.65533996,0.65513057,0.6562439,0.64955574,0.6548781,0.6581556,0.6490859,0.66404235,0.6578444,0.65276295,0.65651745,0.64814645,0.6559847,0.65484655,0.6532469,0.64950633,0.6529358,0.6561824,0.65256345,0.6541718,0.6523206,0.6542603,0.6564999,0.6498423,0.6530621,0.6483406,0.6495942,0.6515416,0.6538962,0.64894253,0.6513884,0.64979976,0.6549624,0.6523575,0.65274477,0.65084845,0.65350455,0.65596384,0.64648783,0.6494382,0.64910674,0.65588737,0.6567057,0.6546827,0.65473247,0.6628291,0.6574168,0.65258825,0.64896697,0.6560728,0.6507195,0.6447061,0.6589797,0.65547174,0.649401,0.65056777,0.6574445,0.6533261,0.6515522,0.6545236,0.6568473,0.6534397,0.6494334,0.64580584,0.6472551,0.65102196,0.65280914,0.65497595,0.65766877,0.6561704,0.6563737,0.650979,0.654246,0.64712894,0.6480801,0.65815854,0.6569876,0.65426517,0.6574353,0.65496844,0.6545564,0.6509481,0.6560452,0.645521,0.6604229,0.6548114,0.6474109,0.6580891,0.647845,0.6540242,0.6488514,0.6506963,0.6563249,0.6541497,0.6468986,0.64715886,0.66098505,0.65384716,0.6549267,0.65350986,0.65605235,0.6509573,0.65590566,0.6501864,0.65452194,0.657977,0.6546127,0.6541494,0.65443504,0.6513356,0.6566729,0.65103525,0.6488966,0.65570235,0.65125054,0.6569832,0.65833044,0.6580099,0.6603525,0.65134484,0.65422964,0.65919024,0.6531895,0.6569774,0.65674925,0.6610009,0.65829885,0.6581939,0.6548196,0.64627856,0.6461929,0.65171236,0.6586496,0.64963603,0.6570623,0.6546439,0.65586525
0.95877147,0.9618572,0.9608766,0.959716,0.9520484,0.9611139,0.9588932,0.9567959,0.96022415,0.955029,0.95475847,0.9685941,0.9586707,0.96907514,0.951629,0.9656243,0.95835125,0.96013445,0.96268845,0.96621656,0.96300334,0.9599614,0.95581067,0.9572416,0.9601777,0.9600103,0.95651156,0.95931154,0.9577723,0.95894676,0.9596421,0.9608397,0.96251535,0.9627127,0.95806444,0.96019363,0.9575295,0.9633011,0.9595141,0.964365,0.9674586,0.95741004,0.95275223,0.9583548,0.95592344,0.9618848,0.9632937,0.9615738,0.9627179,0.9540719,0.95744497,0.9684927,0.9563175,0.96378654,0.9621837,0.9630432,0.9580163,0.96198493,0.96168727,0.9488381,0.9551057,0.9575972,0.95113415,0.9647336,0.9575769,0.96215665,0.9542122,0.9614063,0.95994633,0.9546806,0.95830464,0.95772886,0.9634197,0.95703536,0.9557342,0.95648706,0.96313834,0.9606636,0.9654474,0.9580712,0.956289,0.9606635,0.9625849,0.9554487,0.9636589,0.96007264,0.9572573,0.9610271,0.9539904,0.9568439,0.9514816,0.9603629,0.9570546,0.9550923,0.9569601,0.958571,0.96096724,0.95252573,0.96190333,0.95129526,0.95442027,0.96377647,0.9597062,0.96068865,0.95581603,0.95797867,0.96011144,0.95875466,0.957868,0.9534434,0.95787585,0.9578376,0.9606987,0.95631194,0.95632005,0.9590425,0.95684004,0.9580362,0.9633548,0.9593931,0.96168476,0.9570172,0.9618082,0.96047664,0.9670594,0.9604583,0.9586178,0.9573157,0.955973,0.9563121,0.95747983,0.96163374,0.9624148,0.94758886,0.9638777,0.95795816,0.95585346,0.95929945,0.9578014,0.9622649,0.95567685,0.9612049,0.9627527,0.9636217,0.96443474,0.95861375,0.96481943,0.95592004,0.96082646,0.9583323,0.9640972,0.9516592,0.95754373,0.9568822,0.9546419,0.9570726,0.95389074,0.95297223,0.9606995,0.9563858,0.9609116,0.9603576,0.9594627,0.95748556,0.9568283,0.9505445,0.9606787,0.9593418,0.95194876,0.9626874,0.9579398,0.959049,0.95663214,0.96321267,0.9568365,0.96073455,0.95080256,0.96083224,0.95833945,0.95540893,0.9588687,0.9714253,0.9577206,0.9586279,0.9565054,0.9588024,0.9579662,0.9617188,0.96590793,0.96280026,0.9477677,0.9557995,0.9594304,0.9548282,0.96093225,0.95116943,0.9583412,0.955562,0.96188796,0.9651559,0.9604018,0.9635955,0.95895565,0.9579232,0.95792216,0.96411747,0.961976,0.96079516,0.96093005,0.95514786,0.9613789,0.9608452,0.9619882,0.9626899,0.956527,0.95946085,0.95986724,0.9616505,0.95953614,0.95974684,0.961531,0.9603228,0.95793855,0.9579061,0.96041614,0.96190476,0.96204996,0.95578045,0.9562741,0.9605368,0.95480543,0.96022564,0.94813955,0.9569527,0.96022135,0.96012324,0.961809,0.9482332,0.95627517,0.9537117,0.95636576,0.9611009,0.9684778,0.9607755,0.9636251,0.9549161,0.9578241,0.9581226,0.95772576,0.9567415,0.95880854,0.9740102,0.9588051,0.9582115,0.95722413,0.95196664,0.9598321,0.9566812,0.95370436,0.95090187,0.9638843,0.9577309,0.96423274,0.9592203,0.9614412,0.96741194,0.9658839,0.9631446,0.95311886,0.95545435,0.95715034,0.9601928,0.95682746,0.96412075,0.9550646,0.96888334,0.95948476,0.9644587,0.9616467,0.96108204,0.957534,0.9586629,0.959836,0.9618609,0.95570874,0.9591659,0.962066,0.95550114,0.9531324,0.95734173,0.95906633,0.9621932,0.9585096,0.9646404,0.95566785,0.9619212,0.9544306,0.9574714,0.9628931,0.96088904,0.96492547,0.9589506,0.9522727,0.9590751,0.9563451,0.9577256,0.96081406,0.95776474,0.9633445,0.9645538,0.9583157,0.95855653,0.95710176,0.9620141,0.95425963,0.9525211,0.9575174,0.9607394,0.96177804,0.96055573,0.9689694,0.9587827,0.96359724,0.95398563,0.95682657,0.9606926,0.9620157,0.9548118,0.9535838,0.96314526,0.95541245,0.95379823,0.9645283,0.96329975,0.9526711,0.96464753,0.9673889,0.9496029,0.95637167,0.9655592,0.9580629,0.9598059,0.9473541,0.9668678,0.96052396,0.9517802,0.9577257,0.9563037,0.9567154,0.9610118,0.95883155,0.94873357,0.9609969,0.96050864,0.9527807,0.96903616,0.9580796,0.96267486,0.9631694,0.95921093,0.96375614,0.95553374,0.9581942,0.9599856,0.9565462,0.95769334,0.96589905,0.9566542,0.9576392,0.9559645,0.9545805,0.9582584,0.9576566,0.96384346,0.9584089,0.95659995,0.9580751,0.9567443,0.9612547,0.9646484,0.95509154,0.9597522,0.9590798,0.9583775,0.95284456,0.95682913,0.95455116,0.9608323,0.96337086,0.96027505,0.9578991,0.9533815,0.9633952,0.9561954,0.9567178,0.9564208,0.9558158,0.9591384,0.95341164,0.96096694,0.9584056,0.95692855,0.95730156,0.9581204,0.9573515,0.9491152,0.96032774,0.9610198,0.95001453,0.95302993,0.9600525,0.96210307,0.9660348,0.96696717,0.9523273,0.9563628,0.9539822,0.9672195,0.9536705,0.9600452,0.9522556,0.9574856,0.9596723,0.94898933,0.9632946,0.9550599,0.95437366,0.96292084,0.95306575,0.95496124,0.9523278,0.95821613,0.95952386,0.9568955,0.96162367,0.9578574,0.9640127,0.95623934,0.95534176,0.9658575,0.9511855,0.95471454,0.96468765,0.9572683,0.9583327,0.9585318,0.95378166,0.9555931,0.9600054,0.9583528,0.95269877,0.94817626,0.9545088,0.95144427,0.956379,0.9598514,0.95677036,0.9564938,0.9584322,0.96017987,0.94952464,0.9607435,0.9567852,0.9642664,0.9628815,0.9630705,0.95785725,0.95298296,0.9565914,0.95899624,0.9565145,0.9583467,0.958721,0.9599188,0.9572456,0.9542346,0.9535978,0.95417655,0.9508118,0.9654667,0.9677935,0.9589913,0.9539874,0.95891935,0.9601252,0.95521504,0.9642209,0.9625161,0.95712394,0.95561445,0.9535411,0.95576125,0.9634501,0.96161205,0.9610069,0.963996,0.9593939,0.9609446,0.95502365,0.95741266,0.95836014,0.959382,0.9641367,0.95908344,0.9562082,0.96298254,0.94830585,0.95892346,0.95919734,0.9544426,0.9546954,0.9566264,0.95641786,0.96501434,0.9584207,0.9620113,0.96266073,0.95915115,0.9601167,0.9560815,0.96312416,0.9597229,0.9549545,0.95561814,0.95903224,0.95206344,0.9565976,0.9601199,0.9626661,0.96464235,0.95848554,0.9605389,0.95909995,0.96821904,0.95752114,0.9670813,0.9497756,0.96692073,0.9579635,0.96040815,0.95701635,0.96185327,0.9592628,0.95686543,0.9604569,0.963185,0.9560304,0.95474225,0.96433896,0.9507795,0.9566045,0.95954955,0.9586639,0.9535004,0.9634257,0.961596,0.9560202,0.96077305,0.95901996,0.95954853,0.9592807,0.9586872,0.96324766,0.9598645,0.96477777,0.96230376,0.9625196,0.95712334,0.9669971,0.9655106,0.9613701,0.95687616,0.95991313,0.9541443,0.9609495,0.95457816,0.9632702,0.9567098,0.96309465,0.9670059,0.9499084,0.9585767,0.95908916,0.9569782,0.95572054,0.9575858,0.9565556,0.95595556,0.961066,0.95830745,0.9497164,0.9647373,0.9535213,0.961955,0.9633875,0.96454334,0.96233344,0.9568769,0.95670104,0.95872897,0.9520788,0.95694685,0.9588304,0.97372067,0.9628679,0.9578131,0.96188706,0.96372396,0.9497635,0.95218,0.9603456,0.9567297,0.96320605,0.9586353,0.9598116,0.95613706,0.95514715,0.9569102,0.958555,0.96153134,0.96681786,0.95708,0.95201975,0.9643765,0.9566948,0.9603076,0.95744014,0.95403105,0.959547,0.9609722,0.96335125,0.9618359,0.95741874,0.96212786,0.9555166,0.96118844,0.95655113,0.96349317,0.9600155,0.9669653,0.9594678,0.958799,0.9655789,0.96615964,0.9579762,0.95394975,0.9567139,0.9595385,0.95722264,0.9614905,0.958206,0.9567295,0.9573462,0.959911,0.9545365,0.96636766,0.96093905,0.9614515,0.95992273,0.9611499,0.96056277,0.9563402,0.9632511,0.9614113,0.961713,0.9613689,0.9598686,0.95912975,0.96241236,0.9612373,0.96314037,0.9557496,0.9581239,0.95138764,0.9648941,0.9637101,0.9615363,0.9647877,0.9644766,0.956182,0.9543502,0.9561924,0.96217144,0.9616155,0.9647488,0.9535143,0.9588665,0.9568318,0.9530094,0.9550265,0.95583105,0.9573868,0.95611715,0.95757943,0.9652436,0.96092325,0.96018153,0.9585937,0.9620669,0.966734,0.96527267,0.9552227,0.9569338,0.9561793,0.955532,0.95349336,0.9604816,0.9568052,0.95999914,0.96148247,0.964369,0.96161664,0.9537031,0.9593804,0.95888,0.9601363,0.95763934,0.96127856,0.9641443,0.96486515,0.9678897,0.95722383,0.95704836,0.95967174,0.9644947,0.95824564,0.9560233,0.9579805,0.96134794,0.95304644,0.95849615,0.9612903,0.9549273,0.9567671,0.9520004,0.957419,0.9533928,0.95972806,0.96628815,0.9586825,0.9550455,0.96414936,0.96191955,0.9509872,0.9557473,0.95758975,0.9637646,0.95588994,0.95352685,0.9537005,0.963003,0.96315527,0.95303786,0.9579656,0.9598847,0.9611362,0.9664983,0.95652306,0.95416456,0.961175,0.9609517,0.9546271,0.9614647,0.95572066,0.9558476,0.95942974,0.95940584,0.96247995,0.9552741,0.96229017,0.9569362,0.96363956,0.95595384,0.95965797,0.96056974,0.9603436,0.9613361,0.9606823,0.9550456,0.96118414,0.9514182,0.9575928,0.9553975,0.9572638,0.96269894,0.9520427,0.9534866,0.95170724,0.96014285,0.9609823,0.9646388,0.95751196,0.954888,0.9553059,0.95078653,0.95179754,0.9552681,0.95736533,0.9649821,0.95798457,0.964883,0.9578679,0.9588522,0.96369547,0.9572045,0.95156336,0.9602785,0.9580178,0.95605487,0.96839017,0.9595948,0.95565104,0.9587461,0.9592954,0.9634303,0.9569786,0.951791,0.95932835,0.96461415,0.95487,0.9611819,0.95602584,0.95484805,0.95611733,0.9535365,0.96153706,0.95916426,0.96601385,0.95833385,0.9532868,0.9576348,0.9588073,0.958604,0.9618854,0.9616632,0.95721537,0.95316,0.95316845,0.9543751,0.95294565,0.95827585,0.9569026,0.96413666,0.95969623,0.9580457,0.96237844,0.9568209,0.9600043,0.9620725,0.9561657,0.95521325,0.9608714,0.9561402,0.9601183,0.9573998,0.9526983,0.9532093,0.95650375,0.95661664,0.9589391,0.9585863,0.94993186,0.9619022,0.9589381,0.9567045,0.95383596,0.95190275,0.9582601,0.95973265,0.9536556,0.95980406,0.95719326,0.96325487,0.96877396,0.9588884,0.960251,0.9595416,0.9632548,0.9591491,0.956946,0.9595818,0.9603849,0.961387,0.9568886,0.95887995,0.96038985,0.9558392,0.9587594,0.95285726,0.95274246,0.95909375,0.9531382,0.95895517,0.9607184,0.9587205,0.9577671,0.9608579,0.96605945,0.9635048,0.9589874,0.95559853,0.95948577,0.9592451,0.954815,0.96257156,0.95794797,0.9535446,0.9576413,0.96149015,0.96202546,0.9568723,0.9600297,0.96314657,0.9595267,0.9520119,0.9600879,0.95643675,0.9558482,0.9625202,0.9564911,0.9619859,0.9599891,0.95735484,0.9592948,0.9597008,0.96048206,0.9581203,0.95429784,0.9543508,0.9602224,0.95886374,0.957808,0.96175945,0.95861477,0.96526885,0.960577,0.9508742,0.95803994,0.9632457,0.95975244,0.95729375,0.96259934,0.95964414,0.95300686,0.9509804,0.9610628,0.958183,0.9589822,0.9584491,0.9561981,0.96287906,0.9550957,0.96016407,0.9575388,0.9591117,0.9619924,0.963893,0.9598371,0.9653466,0.9702402,0.956404,0.95649517,0.96062165,0.9642508,0.9615044,0.9566499,0.96041936,0.9598364,0.95953655,0.9669366,0.95989704,0.9568599,0.9578669,0.9583553,0.9646163,0.95666486,0.96101683,0.95765036,0.9583229,0.96012294,0.96053624,0.96380204,0.9582682,0.9623402,0.9604632,0.9649138,0.9600006,0.95177925,0.9560267,0.9637151,0.9577493,0.96123976,0.9622316,0.94934535,0.96078277,0.96650183,0.96322584,0.96490395,0.96083313,0.9644883
0.76071024,0.7655489,0.7665535,0.7682763,0.762775,0.7612392,0.76105076,0.7644025,0.76034915,0.7574585,0.76060784,0.76391214,0.7656968,0.76618236,0.7649738,0.7722395,0.7665482,0.7617826,0.76346123,0.767223,0.77461034,0.7656594,0.75691694,0.7581923,0.76924986,0.76382226,0.7660003,0.76208305,0.7588824,0.7658503,0.7707367,0.76111126,0.7625902,0.7649015,0.7629073,0.76430535,0.7656386,0.76634336,0.76765954,0.7645935,0.76914847,0.7543517,0.75874007,0.7600843,0.7618659,0.7568706,0.76189286,0.7650547,0.7739614,0.7669728,0.7617138,0.7700742,0.7634935,0.7602705,0.7648022,0.7677378,0.76473707,0.7661629,0.7667128,0.7633408,0.75918794,0.76443243,0.758832,0.76396424,0.7620534,0.76936656,0.76206297,0.7694067,0.76452917,0.7599523,0.7677099,0.75975597,0.7667727,0.76327294,0.76114327,0.76331955,0.7713962,0.76291424,0.7672647,0.76604784,0.7603722,0.7592741,0.7654581,0.7610736,0.76563007,0.76587874,0.7632578,0.75589585,0.7644813,0.7663448,0.7640755,0.767641,0.7644625,0.7587201,0.76037705,0.764042,0.76428604,0.76345533,0.76658237,0.75822264,0.7572695,0.77239126,0.75687397,0.76121837,0.7629018,0.77160484,0.76513106,0.76579446,0.7631409,0.7614148,0.75878423,0.7592228,0.7633653,0.76220846,0.7629853,0.7680414,0.76445705,0.7624808,0.75957125,0.7673142,0.7631419,0.7613376,0.7622586,0.7655504,0.7658433,0.75776726,0.7675518,0.7610818,0.7595537,0.76312095,0.7644121,0.7638024,0.7628942,0.76490295,0.76954156,0.76710033,0.7643969,0.75574654,0.7535465,0.76749885,0.7641933,0.765937,0.7614905,0.7648188,0.7601527,0.7660922,0.7680137,0.7613734,0.76588094,0.7677516,0.7647274,0.7629075,0.7593303,0.7610828,0.75941867,0.7639307,0.76036954,0.7589884,0.7674824,0.7617998,0.75798064,0.75983286,0.7681187,0.76323813,0.7670329,0.7588607,0.76907736,0.7643161,0.75956887,0.7630817,0.7673436,0.76159024,0.7636956,0.7695351,0.7595503,0.7640958,0.76114416,0.768749,0.75831443,0.7703126,0.7617381,0.77287316,0.7678491,0.76730746,0.7686773,0.7676559,0.7626483,0.7602089,0.7694973,0.76331353,0.7655485,0.7549959,0.76473624,0.7638132,0.7617978,0.7614273,0.7616648,0.759453,0.76223737,0.76090455,0.7699007,0.76118326,0.7600619,0.76475024,0.757073,0.7718931,0.7669983,0.7663248,0.7647271,0.76449335,0.76407135,0.76767445,0.7727912,0.7662693,0.7652672,0.75595665,0.77074873,0.76773417,0.7604436,0.75923514,0.76381564,0.76570004,0.76155394,0.76292825,0.76453567,0.76451087,0.76499426,0.766368,0.76264215,0.7643196,0.7571815,0.761293,0.76252365,0.766227,0.761374,0.76509655,0.75908107,0.75836086,0.7650579,0.7631824,0.7633208,0.7634528,0.77065396,0.75968134,0.75444835,0.76556313,0.76477474,0.7620943,0.7653428,0.76295424,0.7671978,0.76436013,0.76016843,0.7620115,0.7634451,0.758022,0.760483,0.7667421,0.7652634,0.75649583,0.7631793,0.7615763,0.770278,0.7653237,0.76819247,0.7619394,0.76440156,0.7607961,0.76469254,0.7652353,0.7584433,0.76634336,0.75810885,0.76533395,0.7624836,0.7651715,0.76309645,0.7691337,0.7582793,0.7640303,0.7679899,0.76433057,0.76481634,0.76369643,0.7586117,0.7695521,0.7673663,0.7678293,0.76044,0.76104856,0.7644297,0.7646355,0.7660886,0.7711322,0.7588451,0.76612246,0.7635614,0.76490074,0.76226187,0.7651311,0.76539326,0.763809,0.76519436,0.7635747,0.76037043,0.765853,0.76478606,0.76036704,0.7698242,0.76924884,0.7675161,0.76943845,0.77065635,0.7616927,0.7554736,0.7612768,0.7684398,0.7674552,0.7712632,0.77219576,0.76827055,0.76449966,0.7639743,0.76560915,0.7657217,0.76139086,0.7685839,0.77057916,0.7655157,0.76001596,0.7627498,0.7658052,0.76444197,0.76771194,0.7634071,0.7666791,0.7713655,0.7581157,0.7645984,0.76716083,0.75754493,0.76774323,0.75966847,0.7674132,0.761541,0.7644939,0.7618592,0.76818216,0.7578862,0.76299113,0.76861656,0.7620354,0.76225114,0.76170504,0.76707363,0.7647293,0.77143526,0.7638706,0.76628196,0.7647663,0.763069,0.76342666,0.7657205,0.7603616,0.7521526,0.77111745,0.77185947,0.761598,0.76106733,0.7641392,0.76221484,0.7620875,0.7632133,0.7635046,0.7631405,0.77042073,0.76390487,0.7630652,0.7651485,0.75848895,0.766892,0.7631831,0.7679796,0.76413685,0.75858426,0.76201564,0.76583046,0.76933575,0.76781106,0.76763177,0.76027256,0.7579045,0.7630701,0.76161695,0.75911325,0.7674465,0.757656,0.7597842,0.75868994,0.7702598,0.7658876,0.7704405,0.7618536,0.76360595,0.76359713,0.7587362,0.7644463,0.7699908,0.7648349,0.75946546,0.7620214,0.7655727,0.76080084,0.7643619,0.76752704,0.77172834,0.76243716,0.76941943,0.7563222,0.7665839,0.76348096,0.7641837,0.76013035,0.7618194,0.7615839,0.75779027,0.7623256,0.7645105,0.76260966,0.76156944,0.76537555,0.76538044,0.76217633,0.763461,0.76375663,0.76363915,0.7722459,0.76090246,0.7659435,0.760775,0.7678131,0.7686083,0.7665781,0.76671404,0.76907194,0.7596718,0.75905246,0.75882107,0.7626024,0.7667486,0.75898,0.7648291,0.76691645,0.7572795,0.7652554,0.7645209,0.75758225,0.75431174,0.7709169,0.7673864,0.76226693,0.77057546,0.7632886,0.76027334,0.77043414,0.76633525,0.76843095,0.7604574,0.76889175,0.77156293,0.75145596,0.77286744,0.7712929,0.76108134,0.75940776,0.7656171,0.7606871,0.7626657,0.76212835,0.769969,0.76941466,0.7662359,0.76346713,0.76167643,0.76748145,0.766449,0.7664153,0.7614997,0.7675034,0.76614517,0.7600578,0.76542765,0.76155627,0.7610408,0.7584204,0.7667184,0.7624762,0.760208,0.76258975,0.7642651,0.766611,0.76667804,0.77131873,0.76310134,0.76611567,0.7611354,0.76462656,0.7605223,0.76783365,0.75977266,0.7547477,0.7583876,0.75531167,0.76822937,0.7657099,0.77483356,0.7597444,0.767355,0.76600283,0.7671683,0.77156526,0.7635456,0.76063436,0.7657851,0.7655828,0.7608699,0.7560997,0.7699421,0.76603675,0.7662379,0.76270837,0.75930333,0.7629892,0.7700358,0.7621967,0.7709716,0.760231,0.766214,0.7632965,0.75152,0.7656514,0.762477,0.7710186,0.7638276,0.76873016,0.76682293,0.7678159,0.7570182,0.7601423,0.7683165,0.76799625,0.7639024,0.7706409,0.76508796,0.7697746,0.76789284,0.7589153,0.76515377,0.76233655,0.76127523,0.7594349,0.7682614,0.76871336,0.764524,0.7694606,0.76948804,0.7688289,0.76879567,0.76630986,0.7696428,0.76006603,0.7636486,0.7624988,0.7603941,0.76220673,0.7725389,0.7686046,0.762514,0.7675881,0.7615472,0.7551289,0.7666734,0.76001954,0.7627266,0.7644039,0.7610045,0.76111126,0.7597923,0.759278,0.7654119,0.7563018,0.76509726,0.7659469,0.7638332,0.7695084,0.76999736,0.76482946,0.76050234,0.7673773,0.7654576,0.76611847,0.7600989,0.7636758,0.76335293,0.7668644,0.76597124,0.7657588,0.7679438,0.7554951,0.7575395,0.7673357,0.76037127,0.7663812,0.75893503,0.7658517,0.76175857,0.7617192,0.7663874,0.76628774,0.7649709,0.7668706,0.7663132,0.7640604,0.762604,0.7676596,0.7651512,0.76179427,0.7626236,0.7601642,0.7593457,0.7663045,0.76192045,0.765953,0.77250975,0.7717656,0.7636627,0.76153374,0.7710647,0.77298194,0.76322055,0.76049924,0.7600867,0.76292604,0.76347786,0.76098883,0.76158017,0.7604899,0.7640599,0.76956075,0.7681319,0.76776606,0.7619743,0.76033634,0.76558906,0.76312435,0.7563315,0.7726792,0.76884735,0.7626693,0.7646335,0.76571876,0.76941746,0.76674455,0.7671513,0.7586802,0.7662767,0.7600569,0.7658503,0.76144385,0.7603136,0.7637756,0.76281613,0.7640697,0.7590138,0.76784754,0.76768875,0.76389575,0.76892525,0.76402825,0.7655006,0.7605011,0.76910555,0.760427,0.76204556,0.76676583,0.7623858,0.75966614,0.7613139,0.7557129,0.76962847,0.7601481,0.7571963,0.75996256,0.7548137,0.7622799,0.76400816,0.7552252,0.76383156,0.7672285,0.76583624,0.77086085,0.7614266,0.76283956,0.7584331,0.7607804,0.75615555,0.7690949,0.76088685,0.7662087,0.77322334,0.7577197,0.7625036,0.76561034,0.76118875,0.7626309,0.7674819,0.77313226,0.76242363,0.7687091,0.7642274,0.77564186,0.76924604,0.75936884,0.76463467,0.76712304,0.77088237,0.76641667,0.7700686,0.760066,0.75899005,0.7585882,0.7701467,0.76419353,0.7605387,0.76076037,0.7650613,0.7658744,0.7663652,0.7703597,0.76205105,0.7587062,0.7668018,0.76542884,0.7615461,0.76187575,0.76388526,0.7678459,0.76223516,0.7651819,0.77029634,0.7707998,0.76639706,0.7599855,0.7636327,0.75938606,0.76733875,0.76568025,0.76762664,0.761558,0.76194286,0.763855,0.7675932,0.7562344,0.7637051,0.7638318,0.764752,0.7615783,0.7707919,0.7584878,0.76909024,0.7628303,0.76736176,0.7642889,0.76479685,0.7561756,0.76620466,0.75811523,0.7578705,0.76775324,0.7599118,0.7586333,0.7664372,0.7595684,0.7643696,0.76312435,0.75605416,0.76238465,0.7631853,0.77158993,0.7693816,0.7676058,0.7631653,0.7650455,0.76449984,0.7580163,0.75517553,0.76311153,0.76620376,0.7657188,0.7610914,0.7647039,0.76200664,0.7637187,0.7630314,0.77115196,0.7683464,0.76363283,0.7684577,0.76842743,0.7678965,0.7638879,0.7569417,0.76200175,0.7583308,0.7700515,0.7668969,0.7612809,0.7644601,0.7668081,0.75961185,0.76862687,0.763589,0.756512,0.762613,0.7587736,0.76925683,0.761966,0.76249224,0.7611333,0.76756597,0.761276,0.7676028,0.7665456,0.76719284,0.7661775,0.7658306,0.76486176,0.75886256,0.7632228,0.7586616,0.76728415,0.76111954,0.76581407,0.76503605,0.7649825,0.7610831,0.75381804,0.7604366,0.764827,0.75969404,0.76329726,0.77028435,0.75851095,0.7624356,0.763532,0.76406986,0.75720096,0.7665042,0.766857,0.7681848,0.76445067,0.7587526,0.7680711,0.759656,0.7602079,0.7599863,0.76264244,0.7657509,0.7611684,0.76307935,0.7644606,0.7626003,0.7605127,0.76672435,0.76744825,0.76150554,0.7654799,0.76559037,0.76370806,0.76371753,0.7675769,0.7661914,0.7691067,0.7646034,0.7666481,0.7637879,0.77116305,0.75973296,0.76918167,0.7614964,0.7707408,0.7566198,0.7677121,0.7649816,0.7652275,0.76487684,0.7689462,0.76288533,0.7589724,0.7688162,0.76500887,0.761477,0.7665833,0.7658897,0.7596533,0.7552816,0.76640403,0.7591907,0.7647496,0.7614664,0.76798546,0.7633843,0.76644224,0.7658288,0.751983,0.7647874,0.76422375,0.76013035,0.7664733,0.76235753,0.7599333,0.7654653,0.7591317,0.76358885,0.76337457,0.76679325,0.76607746,0.76514304,0.7612082,0.7620915,0.76409936,0.7634611,0.7704313,0.7708405,0.76661795,0.76574063,0.7634689,0.7651007,0.764012,0.7656712,0.76505893,0.76509327,0.75994486,0.7603145,0.7557935,0.767363,0.7665363,0.769478,0.7648967,0.7600622,0.7716835,0.75448954,0.77092457,0.76321447,0.7664029,0.7686959,0.7656511,0.7627936,0.7611456,0.7686169,0.7660772,0.7627973,0.7704777,0.76688683,0.76629037,0.7627837,0.768014,0.76296574,0.76521486,0.76665103,0.76365936,0.76277995,0.76233345,0.76878256,0.761005,0.7604659,0.76205957,0.7608953,0.7690639,0.761832,0.76408774,0.76202846,0.7588525,0.76497257,0.7616632,0.76466197,0.76507795,0.7606729,0.76880205,0.7684981,0.7670207,0.76776415,0.75830084,0.7609383,0.77125764,0.7586068,0.7684894,0.7672586,0.7625394,0.7706157
0.0,0.0,0.0,0.0,0.0,0.0,0.0,0.0,0.0,0.0,0.0,0.0,0.0,0.0,0.0,0.0,0.0,0.0,0.0,0.0,0.0,0.0,0.0,0.0,0.0,0.0,0.0,0.0,0.0,0.0,0.0,0.0,0.0,0.0,0.0,0.0,0.0,0.0,0.0,0.0,0.0,0.0,0.0,0.0,0.0,0.0,0.0,0.0,0.0,0.0,0.0,0.0,0.0,0.0,0.0,0.0,0.0,0.0,0.0,0.0,0.0,0.0,0.0,0.0,0.0,0.0,0.0,0.0,0.0,0.0,0.0,0.0,0.0,0.0,0.0,0.0,0.0,0.0,0.0,0.0,0.0,0.0,0.0,0.0,0.0,0.0,0.0,0.0,0.0,0.0,0.0,0.0,0.0,0.0,0.0,0.0,0.0,0.0,0.0,0.0,0.0,0.0,0.0,0.0,0.0,0.0,0.0,0.0,0.0,0.0,0.0,0.0,0.0,0.0,0.0,0.0,0.0,0.0,0.0,0.0,0.0,0.0,0.0,0.0,0.0,0.0,0.0,0.0,0.0,0.0,0.0,0.0,0.0,0.0,0.0,0.0,0.0,0.0,0.0,0.0,0.0,0.0,0.0,0.0,0.0,0.0,0.0,0.0,0.0,0.0,0.0,0.0,0.0,0.0,0.0,0.0,0.0,0.0,0.0,0.0,0.0,0.0,0.0,0.0,0.0,0.0,0.0,0.0,0.0,0.0,0.0,0.0,0.0,0.0,0.0,0.0,0.0,0.0,0.0,0.0,0.0,0.0,0.0,0.0,0.0,0.0,0.0,0.0,0.0,0.0,0.0,0.0,0.0,0.0,0.0,0.0,0.0,0.0,0.0,0.0,0.0,0.0,0.0,0.0,0.0,0.0,0.0,0.0,0.0,0.0,0.0,0.0,0.0,0.0,0.0,0.0,0.0,0.0,0.0,0.0,0.0,0.0,0.0,0.0,0.0,0.0,0.0,0.0,0.0,0.0,0.0,0.0,0.0,0.0,0.0,0.0,0.0,0.0,0.0,0.0,0.0,0.0,0.0,0.0,0.0,0.0,0.0,0.0,0.0,0.0,0.0,0.0,0.0,0.0,0.0,0.0,0.0,0.0,0.0,0.0,0.0,0.0,0.0,0.0,0.0,0.0,0.0,0.0,0.0,0.0,0.0,0.0,0.0,0.0,0.0,0.0,0.0,0.0,0.0,0.0,0.0,0.0,0.0,0.0,0.0,0.0,0.0,0.0,0.0,0.0,0.0,0.0,0.0,0.0,0.0,0.0,0.0,0.0,0.0,0.0,0.0,0.0,0.0,0.0,0.0,0.0,0.0,0.0,0.0,0.0,0.0,0.0,0.0,0.0,0.0,0.0,0.0,0.0,0.0,0.0,0.0,0.0,0.0,0.0,0.0,0.0,0.0,0.0,0.0,0.0,0.0,0.0,0.0,0.0,0.0,0.0,0.0,0.0,0.0,0.0,0.0,0.0,0.0,0.0,0.0,0.0,0.0,0.0,0.0,0.0,0.0,0.0,0.0,0.0,0.0,0.0,0.0,0.0,0.0,0.0,0.0,0.0,0.0,0.0,0.0,0.0,0.0,0.0,0.0,0.0,0.0,0.0,0.0,0.0,0.0,0.0,0.0,0.0,0.0,0.0,0.0,0.0,0.0,0.0,0.0,0.0,0.0,0.0,0.0,0.0,0.0,0.0,0.0,0.0,0.0,0.0,0.0,0.0,0.0,0.0,0.0,0.0,0.0,0.0,0.0,0.0,0.0,0.0,0.0,0.0,0.0,0.0,0.0,0.0,0.0,0.0,0.0,0.0,0.0,0.0,0.0,0.0,0.0,0.0,0.0,0.0,0.0,0.0,0.0,0.0,0.0,0.0,0.0,0.0,0.0,0.0,0.0,0.0,0.0,0.0,0.0,0.0,0.0,0.0,0.0,0.0,0.0,0.0,0.0,0.0,0.0,0.0,0.0,0.0,0.0,0.0,0.0,0.0,0.0,0.0,0.0,0.0,0.0,0.0,0.0,0.0,0.0,0.0,0.0,0.0,0.0,0.0,0.0,0.0,0.0,0.0,0.0,0.0,0.0,0.0,0.0,0.0,0.0,0.0,0.0,0.0,0.0,0.0,0.0,0.0,0.0,0.0,0.0,0.0,0.0,0.0,0.0,0.0,0.0,0.0,0.0,0.0,0.0,0.0,0.0,0.0,0.0,0.0,0.0,0.0,0.0,0.0,0.0,0.0,0.0,0.0,0.0,0.0,0.0,0.0,0.0,0.0,0.0,0.0,0.0,0.0,0.0,0.0,0.0,0.0,0.0,0.0,0.0,0.0,0.0,0.0,0.0,0.0,0.0,0.0,0.0,0.0,0.0,0.0,0.0,0.0,0.0,0.0,0.0,0.0,0.0,0.0,0.0,0.0,0.0,0.0,0.0,0.0,0.0,0.0,0.0,0.0,0.0,0.0,0.0,0.0,0.0,0.0,0.0,0.0,0.0,0.0,0.0,0.0,0.0,0.0,0.0,0.0,0.0,0.0,0.0,0.0,0.0,0.0,0.0,0.0,0.0,0.0,0.0,0.0,0.0,0.0,0.0,0.0,0.0,0.0,0.0,0.0,0.0,0.0,0.0,0.0,0.0,0.0,0.0,0.0,0.0,0.0,0.0,0.0,0.0,0.0,0.0,0.0,0.0,0.0,0.0,0.0,0.0,0.0,0.0,0.0,0.0,0.0,0.0,0.0,0.0,0.0,0.0,0.0,0.0,0.0,0.0,0.0,0.0,0.0,0.0,0.0,0.0,0.0,0.0,0.0,0.0,0.0,0.0,0.0,0.0,0.0,0.0,0.0,0.0,0.0,0.0,0.0,0.0,0.0,0.0,0.0,0.0,0.0,0.0,0.0,0.0,0.0,0.0,0.0,0.0,0.0,0.0,0.0,0.0,0.0,0.0,0.0,0.0,0.0,0.0,0.0,0.0,0.0,0.0,0.0,0.0,0.0,0.0,0.0,0.0,0.0,0.0,0.0,0.0,0.0,0.0,0.0,0.0,0.0,0.0,0.0,0.0,0.0,0.0,0.0,0.0,0.0,0.0,0.0,0.0,0.0,0.0,0.0,0.0,0.0,0.0,0.0,0.0,0.0,0.0,0.0,0.0,0.0,0.0,0.0,0.0,0.0,0.0,0.0,0.0,0.0,0.0,0.0,0.0,0.0,0.0,0.0,0.0,0.0,0.0,0.0,0.0,0.0,0.0,0.0,0.0,0.0,0.0,0.0,0.0,0.0,0.0,0.0,0.0,0.0,0.0,0.0,0.0,0.0,0.0,0.0,0.0,0.0,0.0,0.0,0.0,0.0,0.0,0.0,0.0,0.0,0.0,0.0,0.0,0.0,0.0,0.0,0.0,0.0,0.0,0.0,0.0,0.0,0.0,0.0,0.0,0.0,0.0,0.0,0.0,0.0,0.0,0.0,0.0,0.0,0.0,0.0,0.0,0.0,0.0,0.0,0.0,0.0,0.0,0.0,0.0,0.0,0.0,0.0,0.0,0.0,0.0,0.0,0.0,0.0,0.0,0.0,0.0,0.0,0.0,0.0,0.0,0.0,0.0,0.0,0.0,0.0,0.0,0.0,0.0,0.0,0.0,0.0,0.0,0.0,0.0,0.0,0.0,0.0,0.0,0.0,0.0,0.0,0.0,0.0,0.0,0.0,0.0,0.0,0.0,0.0,0.0,0.0,0.0,0.0,0.0,0.0,0.0,0.0,0.0,0.0,0.0,0.0,0.0,0.0,0.0,0.0,0.0,0.0,0.0,0.0,0.0,0.0,0.0,0.0,0.0,0.0,0.0,0.0,0.0,0.0,0.0,0.0,0.0,0.0,0.0,0.0,0.0,0.0,0.0,0.0,0.0,0.0,0.0,0.0,0.0,0.0,0.0,0.0,0.0,0.0,0.0,0.0,0.0,0.0,0.0,0.0,0.0,0.0,0.0,0.0,0.0,0.0,0.0,0.0,0.0,0.0,0.0,0.0,0.0,0.0,0.0,0.0,0.0,0.0,0.0,0.0,0.0,0.0,0.0,0.0,0.0,0.0,0.0,0.0,0.0,0.0,0.0,0.0,0.0,0.0,0.0,0.0,0.0,0.0,0.0,0.0,0.0,0.0,0.0,0.0,0.0,0.0,0.0,0.0,0.0,0.0,0.0,0.0,0.0,0.0,0.0,0.0,0.0,0.0,0.0,0.0,0.0,0.0,0.0,0.0,0.0,0.0,0.0,0.0,0.0,0.0,0.0,0.0,0.0,0.0,0.0,0.0,0.0,0.0,0.0,0.0,0.0,0.0,0.0,0.0,0.0,0.0,0.0,0.0,0.0,0.0,0.0,0.0,0.0,0.0,0.0,0.0
1.1060827,1.1085494,1.1092716,1.1107976,1.1040953,1.1082158,1.1057703,1.1068912,1.1042783,1.1032072,1.098105,1.1086296,1.1169357,1.115003,1.1115087,1.111444,1.109493,1.1076329,1.1111927,1.1096681,1.115507,1.1096071,1.1035886,1.0997239,1.1115175,1.109474,1.1064352,1.114084,1.106749,1.1054066,1.112848,1.1067823,1.1097006,1.1108484,1.1044809,1.1108358,1.1071196,1.1040759,1.1135461,1.1065893,1.1102979,1.1038725,1.1009184,1.1083586,1.1082524,1.1041598,1.1109885,1.114878,1.114397,1.1027443,1.1016215,1.1100732,1.10872,1.1069831,1.10771,1.1112965,1.1108848,1.1081884,1.1052383,1.1077129,1.1122284,1.1072862,1.1133406,1.1136757,1.1076323,1.1107353,1.1102346,1.1095707,1.10891,1.1037326,1.109672,1.1008625,1.1072872,1.1084064,1.1063989,1.1047691,1.1105295,1.1064453,1.1054435,1.1085521,1.105891,1.1074117,1.1074656,1.1131516,1.1122366,1.1097684,1.1026183,1.1042424,1.1058927,1.1109271,1.1039139,1.1053063,1.1028818,1.1045197,1.1023203,1.1115168,1.1064812,1.1060573,1.10754,1.1012133,1.1070755,1.1065865,1.1062738,1.1008836,1.108083,1.1093627,1.103102,1.1075689,1.109832,1.1017202,1.1036774,1.1096282,1.108799,1.1126145,1.1086701,1.1097593,1.1059451,1.105682,1.1035209,1.1095362,1.1046345,1.1039568,1.107984,1.1085968,1.1070952,1.1042596,1.1079108,1.1115571,1.104912,1.1052833,1.1124763,1.1064442,1.109291,1.1042352,1.1141318,1.1054051,1.1124207,1.0989835,1.1043277,1.1132244,1.1037409,1.1145127,1.1109383,1.1100532,1.1098627,1.1072028,1.1129011,1.1036562,1.1109592,1.11062,1.105287,1.1057847,1.1074749,1.1063466,1.1062093,1.106494,1.0999167,1.1030252,1.107216,1.1085538,1.1074886,1.1021682,1.1083909,1.109146,1.1033845,1.1052153,1.1086526,1.1073264,1.1034868,1.1121633,1.1083148,1.1093742,1.1097047,1.1141483,1.1061636,1.1121285,1.1054915,1.109607,1.1038241,1.109655,1.1063931,1.1113472,1.1125603,1.1110942,1.108485,1.1127446,1.1028857,1.1088578,1.1092004,1.106028,1.1072401,1.10409,1.10686,1.102603,1.105817,1.1096308,1.1081682,1.1051414,1.1074547,1.1062759,1.1109535,1.1153164,1.1055471,1.1129018,1.1007974,1.1087365,1.1103553,1.1103187,1.10906,1.1027068,1.1108285,1.1153059,1.1185566,1.1096718,1.1061012,1.1069455,1.1099615,1.1079383,1.1089649,1.1055336,1.1102645,1.1085792,1.1122094,1.103981,1.1046125,1.1091921,1.1096023,1.1084297,1.1058731,1.1134893,1.1099167,1.1064765,1.1037068,1.1151309,1.1136684,1.1102831,1.1042403,1.1022,1.1091098,1.102471,1.1021452,1.1074619,1.1078247,1.1072167,1.1019808,1.1129184,1.1041676,1.1088687,1.1104777,1.1045109,1.1059861,1.1116356,1.1032484,1.1080376,1.1094755,1.1046299,1.1077262,1.1095499,1.103901,1.1009307,1.1101733,1.1088463,1.1130432,1.116217,1.1133748,1.1035211,1.1149955,1.1112704,1.1039613,1.1028007,1.1104171,1.106355,1.1069,1.1139458,1.1069434,1.109373,1.1023607,1.1118312,1.102964,1.1064438,1.109866,1.1124427,1.1066853,1.1036417,1.0985968,1.1110989,1.109137,1.1056241,1.1020999,1.1063049,1.1073267,1.1063834,1.1076555,1.1157092,1.1113807,1.1121416,1.1020186,1.1057034,1.1103222,1.1044704,1.1131103,1.1048403,1.106612,1.1099564,1.1091088,1.1095723,1.1090648,1.1018605,1.1196009,1.1140908,1.1080023,1.1066246,1.1113083,1.1092612,1.1067857,1.1050488,1.1038579,1.1106496,1.1090773,1.1078806,1.1111348,1.1077276,1.1089343,1.1054046,1.1099681,1.1093668,1.105355,1.1127348,1.1075522,1.1095806,1.1041065,1.1039014,1.1128854,1.1081434,1.1020795,1.1107781,1.1093802,1.104701,1.1121808,1.1066985,1.1079286,1.1065544,1.1025126,1.1111073,1.1113883,1.107637,1.107274,1.106571,1.1031482,1.1092098,1.1139029,1.1115569,1.107391,1.1056036,1.1093597,1.1096559,1.112638,1.1110798,1.1114808,1.1142107,1.1154621,1.1158545,1.1068332,1.1078078,1.1076187,1.1091515,1.1169542,1.0993488,1.1006346,1.1121268,1.1046121,1.1125169,1.1016015,1.1077272,1.1034604,1.1080207,1.1130923,1.1128665,1.1143135,1.111655,1.1095822,1.1018754,1.1095911,1.1056372,1.1020031,1.1061449,1.106822,1.1070167,1.1131682,1.1091182,1.1081567,1.1035526,1.103089,1.1066931,1.1039013,1.1158357,1.1119231,1.1039495,1.1075236,1.1091793,1.1031636,1.1088748,1.1072996,1.1052804,1.1035646,1.1041296,1.10835,1.1149278,1.1059184,1.1067357,1.103827,1.1127796,1.1053176,1.1093433,1.1089684,1.1070306,1.1077006,1.1154754,1.1066504,1.1110989,1.1054735,1.1071796,1.1065336,1.1081787,1.106201,1.104018,1.1102741,1.1090143,1.1016114,1.1068254,1.105201,1.1101879,1.1042169,1.1074106,1.1039214,1.1054175,1.1068766,1.1088676,1.1011956,1.1020752,1.1103163,1.1109682,1.113482,1.1123468,1.1142782,1.1034259,1.1093265,1.1049428,1.1108482,1.1056134,1.1092962,1.1085664,1.1110784,1.1095866,1.1077949,1.1047071,1.1063354,1.1074228,1.1153581,1.1097165,1.1052175,1.1160091,1.113359,1.1030535,1.1097465,1.1106372,1.1107798,1.1000379,1.1099191,1.1112055,1.1026058,1.1077698,1.1116463,1.1121049,1.1075757,1.1040457,1.1062344,1.1056463,1.1035649,1.1132735,1.1097229,1.107831,1.1029755,1.1062146,1.1076672,1.1018591,1.1047963,1.1053942,1.103472,1.1086304,1.1020811,1.107067,1.1106896,1.1037871,1.1061105,1.1061213,1.1107104,1.1059299,1.1060884,1.1066675,1.1095418,1.1117918,1.1091667,1.1045398,1.1072509,1.1099279,1.1091515,1.1094258,1.1085552,1.1067361,1.1005598,1.1020317,1.1035637,1.1152285,1.1120979,1.1155425,1.1048875,1.1175506,1.1108428,1.1067587,1.1132793,1.1132023,1.1000514,1.1058549,1.1096677,1.1074983,1.1097676,1.1099612,1.1096284,1.1060467,1.1066853,1.1038456,1.1065043,1.1136962,1.1081159,1.112948,1.1028717,1.1125181,1.1065384,1.1049103,1.1118292,1.1060854,1.1111889,1.1091884,1.1102179,1.1088374,1.1089492,1.1028546,1.1070956,1.1054373,1.1131306,1.1054753,1.1103811,1.1117703,1.110228,1.1104075,1.1058145,1.1106987,1.1066482,1.1118002,1.113687,1.1099435,1.1099662,1.1078141,1.1107831,1.1042792,1.1111652,1.111086,1.110293,1.116007,1.1050254,1.1066438,1.1082728,1.1085496,1.1125562,1.1073563,1.1104089,1.1057656,1.1078534,1.1081012,1.1095984,1.1108634,1.1071649,1.1032333,1.110715,1.1010642,1.1043311,1.1037741,1.1068807,1.1104054,1.1005102,1.1129692,1.1107581,1.1042461,1.1075253,1.1125861,1.1078463,1.1042216,1.101893,1.1088942,1.1068212,1.104029,1.1097146,1.1112587,1.1105872,1.1137112,1.1083513,1.1101663,1.1012086,1.1063899,1.1127905,1.1122098,1.1116267,1.1005839,1.1021878,1.1056122,1.1061598,1.109017,1.1063435,1.112425,1.1061373,1.1075643,1.1048514,1.1070905,1.1095092,1.1061921,1.1133071,1.1062832,1.1092061,1.105418,1.1084267,1.107088,1.1084739,1.1132481,1.1089749,1.1037171,1.1069324,1.1115704,1.1157334,1.1086456,1.109977,1.1024023,1.113656,1.1129379,1.1052952,1.1019675,1.1058419,1.1064581,1.1108726,1.1160153,1.1115435,1.107631,1.1061862,1.1061878,1.1063018,1.106751,1.1099641,1.1125059,1.1015911,1.1063496,1.1081554,1.1135408,1.1128159,1.1054763,1.1014001,1.1086304,1.104738,1.10918,1.103203,1.1075399,1.1058191,1.1082454,1.1045427,1.110068,1.1123904,1.1104134,1.103902,1.1189051,1.1046463,1.1136614,1.105479,1.1081785,1.1129695,1.1049522,1.1115179,1.1092329,1.107404,1.1107097,1.1022211,1.1114895,1.1086004,1.1079879,1.1028798,1.1057187,1.1077273,1.1115167,1.1045941,1.114566,1.1106052,1.1171207,1.1166636,1.1084092,1.1091853,1.0973384,1.1085973,1.1013489,1.1069611,1.1074263,1.1075945,1.1122435,1.1086189,1.1038781,1.1097686,1.1033435,1.1033815,1.1129689,1.1072413,1.1072884,1.1080164,1.1053792,1.1178735,1.1132995,1.108171,1.1104153,1.1069427,1.1064943,1.1043583,1.1134431,1.1064856,1.105638,1.107877,1.1082697,1.1059583,1.1030407,1.1061593,1.1065251,1.103443,1.1121467,1.1148744,1.1089675,1.1041553,1.1128585,1.1102788,1.1041023,1.1080725,1.1107414,1.1134607,1.1096044,1.1075943,1.1118509,1.1141328,1.1133907,1.1032988,1.1095346,1.1105889,1.1064208,1.1122069,1.103841,1.0987669,1.1049342,1.1070391,1.1123638,1.104535,1.1096153,1.1061041,1.1034598,1.1125566,1.1119267,1.1038166,1.1152282,1.1063281,1.1076986,1.1062496,1.1055105,1.1037997,1.107632,1.1067185,1.1085596,1.1082039,1.105197,1.1060715,1.1140697,1.0995134,1.1034595,1.1116734,1.1072578,1.1043078,1.1090347,1.1096587,1.1047121,1.1101501,1.1014402,1.1086868,1.1097115,1.10577,1.1023816,1.1077147,1.1078706,1.1104012,1.1009306,1.10838,1.0990795,1.10978,1.1089664,1.1051142,1.1037766,1.1103271,1.1059422,1.1069756,1.1044865,1.108454,1.1033363,1.1050714,1.1011778,1.1146449,1.1055628,1.1046388,1.1098956,1.1104829,1.1051546,1.1136699,1.1084318,1.1031784,1.1104149,1.1019312,1.1055858,1.1109856,1.1048534,1.1065311,1.1032361,1.1044799,1.105501,1.1106445,1.1125135,1.1131912,1.1074488,1.1075838,1.1018882,1.1076541,1.1041967,1.1068083,1.1066962,1.1039288,1.1049465,1.1043662,1.1087229,1.1014026,1.107408,1.1094105,1.1026733,1.1119543,1.1105633,1.1110917,1.1051221,1.1060779,1.1063443,1.1062096,1.0992855,1.1047422,1.1105403,1.1099194,1.1057049,1.1104003,1.1070869,1.1071593,1.1066632,1.1083705,1.1081314,1.1088544,1.1021177,1.1079779,1.1066142,1.106962,1.1136988,1.1074429,1.1065146,1.1091537,1.1046511,1.1061181,1.1027814,1.1132324,1.1118163,1.1013356,1.1007817,1.1099151,1.1088685,1.1079152,1.1086671,1.111247,1.0994961,1.1045127,1.108862,1.1079698,1.1063106,1.1076742,1.1093172,1.1150893,1.1128423,1.109072,1.1072556,1.1129311,1.1049603,1.1062448,1.10765,1.1086332,1.1115007,1.108211,1.1015564,1.1063687,1.1084225,1.1060487,1.1053098,1.1114627,1.1073685,1.1013279,1.1147393,1.1041719,1.1110512,1.1104163,1.1058093,1.1054064,1.1138881,1.1030059,1.1085826,1.1073607,1.1098994,1.1094462,1.1054459,1.107239,1.1081207,1.1051694,1.1129252,1.1126196,1.1104606,1.108198,1.1085156,1.1004691,1.1080499,1.1047006,1.1060078,1.1042665,1.112981,1.1010432,1.1046828,1.102597,1.1072879,1.1126045,1.104916,1.1099527,1.1028872,1.1070322,1.0961257,1.1177853,1.1120234,1.0988129,1.1057185,1.108014,1.1051452,1.1107306,1.1126935,1.1083461,1.1076063,1.1111234,1.108252,1.1127344,1.107141,1.1100665,1.1134597,1.1054682,1.1096985,1.1069111,1.1039559,1.1047157,1.1112748,1.0987724,1.101952,1.1029905,1.1115063,1.10809,1.1131488,1.1069273,1.1078212,1.1071192,1.0992328,1.1049974,1.1104076,1.1131626,1.1023968,1.112071,1.1183083,1.1086093,1.106604,1.1071482,1.1069528,1.1152357,1.1072493,1.1138574,1.1104741,1.1052549,1.1117755
1.1418031,1.1455764,1.1513281,1.1537017,1.140682,1.1469626,1.1462452,1.151403,1.136467,1.1424788,1.147752,1.1413318,1.1425844,1.1544994,1.1436613,1.15478,1.1448797,1.1473333,1.1456505,1.1508256,1.1530164,1.1464537,1.1396797,1.1475859,1.1554304,1.1449561,1.1461811,1.1459945,1.1496664,1.1454755,1.1438559,1.1429946,1.1455911,1.1481026,1.1437536,1.1455355,1.1487114,1.1418779,1.1382719,1.1514187,1.1495199,1.1435163,1.1444595,1.1466256,1.1474172,1.143775,1.146504,1.1511673,1.1489441,1.1409149,1.1395533,1.1524848,1.1500262,1.1456422,1.1454884,1.1496553,1.1486164,1.1492331,1.1445441,1.1394944,1.147781,1.1453979,1.139479,1.1508585,1.1441725,1.1456854,1.1439536,1.1487795,1.1446387,1.1446754,1.1421607,1.1436135,1.1453484,1.1447929,1.1400049,1.1419872,1.1431715,1.1501713,1.1466907,1.145263,1.1470224,1.1476209,1.1451211,1.150306,1.1466236,1.1440724,1.1437243,1.1416997,1.142688,1.1449984,1.1382484,1.1470405,1.1514533,1.1431557,1.1469878,1.1426492,1.1449955,1.1442242,1.1551996,1.1396425,1.144611,1.145758,1.1436523,1.1460261,1.1461844,1.1506882,1.1448437,1.1514705,1.1420437,1.1420494,1.1390091,1.1456596,1.1469736,1.1454346,1.1424783,1.1510929,1.1388373,1.1433042,1.1417035,1.1457373,1.1468407,1.1461746,1.1441247,1.1486995,1.1424747,1.1408031,1.1462669,1.146659,1.1433514,1.1469117,1.1443956,1.1431298,1.1454153,1.1399962,1.1466662,1.1465569,1.1415993,1.1472872,1.1448952,1.1511189,1.1472178,1.1485611,1.1507622,1.1407641,1.1515698,1.1412225,1.1440253,1.145822,1.1473639,1.151187,1.145411,1.1439103,1.1414715,1.1519123,1.1448752,1.1432911,1.1419047,1.141938,1.1467341,1.1441491,1.1426407,1.1412147,1.1483016,1.1504613,1.1462274,1.1390444,1.1488584,1.1484514,1.141181,1.1521859,1.1433218,1.1486331,1.1452031,1.1491348,1.1475456,1.149465,1.1403455,1.14566,1.1454438,1.1481085,1.1433924,1.1537693,1.1500903,1.1434679,1.1449672,1.1503135,1.143025,1.1459651,1.1496059,1.1469337,1.1432961,1.1467047,1.1471994,1.1440591,1.1454709,1.1337824,1.144219,1.147438,1.1525545,1.1487406,1.1473936,1.1503918,1.1415535,1.1414222,1.1474007,1.1460688,1.1473464,1.1503896,1.1470932,1.1481347,1.145496,1.1486747,1.1536951,1.1466322,1.1494421,1.148539,1.1459969,1.1518067,1.1470182,1.1453674,1.1477437,1.1467974,1.1499192,1.1486602,1.1427716,1.143016,1.1563499,1.1494595,1.1433038,1.1446469,1.1452782,1.144426,1.1383876,1.146309,1.1476431,1.1490992,1.1457306,1.138101,1.1488034,1.1490844,1.1421757,1.1492348,1.1497914,1.1394433,1.1458949,1.138802,1.146895,1.1488792,1.1493163,1.1463552,1.1542811,1.1526287,1.1514019,1.1503415,1.1421107,1.14073,1.1447052,1.1419791,1.1407033,1.1347665,1.1463943,1.141658,1.1561732,1.1493512,1.145388,1.1515235,1.1460913,1.1465416,1.1398898,1.1490054,1.1438581,1.1416221,1.1420171,1.1555983,1.1478907,1.1470358,1.1429012,1.1472726,1.1482697,1.145027,1.1433002,1.1427964,1.1450379,1.1526619,1.1444737,1.1497024,1.1411686,1.1445262,1.1438024,1.1461236,1.1458827,1.1503316,1.1426961,1.1536998,1.1482592,1.1488143,1.1443036,1.143215,1.1460903,1.146647,1.1466151,1.1431173,1.1446209,1.1475374,1.140892,1.149699,1.1426241,1.1358072,1.1522802,1.1500854,1.1452132,1.1408594,1.1439986,1.1543447,1.1437716,1.152722,1.1437011,1.1511395,1.1510017,1.1473306,1.1481698,1.1451079,1.1429752,1.1479083,1.1478925,1.150214,1.1446624,1.1436322,1.1411325,1.1522238,1.1415693,1.1432177,1.1410276,1.1478125,1.1389396,1.1460825,1.1524905,1.1410189,1.1419975,1.1549646,1.1460716,1.1436167,1.1377443,1.1499625,1.1495169,1.137988,1.147238,1.1414587,1.1439354,1.1402394,1.1471957,1.1443255,1.1399943,1.1536973,1.145252,1.1569273,1.1524525,1.1477412,1.1462971,1.1417345,1.1456002,1.143386,1.1488397,1.1450084,1.145621,1.1440492,1.14475,1.1324111,1.1390055,1.1483932,1.1483579,1.1441609,1.1464251,1.1522605,1.1438166,1.1458696,1.1463432,1.1485533,1.1465404,1.1402558,1.1430428,1.1456481,1.1415907,1.1440178,1.1379452,1.1388712,1.1423141,1.1452643,1.1542366,1.1473192,1.1445643,1.1437209,1.150617,1.142496,1.1442181,1.1475625,1.1399423,1.1375865,1.1445363,1.1425073,1.1420374,1.1530712,1.1494259,1.145355,1.1453847,1.1378008,1.1494203,1.1452603,1.1381801,1.1447822,1.1441413,1.1475935,1.1405092,1.1466389,1.1430125,1.1450628,1.1408507,1.1479484,1.1417956,1.1550789,1.1429262,1.1433876,1.1469946,1.1439744,1.1493096,1.1357445,1.1480216,1.1433783,1.1422642,1.1432244,1.1434294,1.1454703,1.149552,1.1471328,1.1432995,1.1448213,1.1476344,1.1422259,1.1484436,1.143329,1.1426876,1.1462466,1.1469258,1.1537126,1.148027,1.1452694,1.1377759,1.144269,1.151453,1.1485655,1.144541,1.1385473,1.151865,1.1446718,1.1471344,1.1381152,1.1454777,1.1475679,1.1481688,1.1492445,1.1500047,1.1456432,1.1462708,1.1478102,1.151638,1.1449037,1.1418549,1.1402658,1.1482886,1.1419015,1.1440958,1.1409286,1.1511259,1.1480867,1.1478205,1.149618,1.1470072,1.1423748,1.1473174,1.1490446,1.1484728,1.1492653,1.1423601,1.148999,1.1434133,1.1481102,1.1478558,1.1490998,1.1454079,1.1450185,1.1462642,1.1425356,1.1484944,1.1482494,1.1421665,1.1488042,1.151108,1.1537063,1.1395847,1.1425529,1.1466106,1.14788,1.1472814,1.1432168,1.1463745,1.1562376,1.143049,1.1401132,1.1474739,1.1505573,1.1345075,1.1370864,1.1468583,1.1421506,1.142176,1.1523846,1.1491598,1.1530358,1.1461785,1.141437,1.1464427,1.1425797,1.145639,1.1443727,1.1545719,1.148677,1.148927,1.1484144,1.1489556,1.1454948,1.1468538,1.1481718,1.1416945,1.1527061,1.1471348,1.1541295,1.1357702,1.1437129,1.1443464,1.147739,1.1460421,1.1516209,1.1506813,1.1410773,1.1397922,1.1429763,1.1474398,1.1424309,1.1492374,1.1416532,1.1430653,1.1557157,1.141625,1.1455731,1.1404356,1.1493735,1.1457103,1.1432718,1.1462501,1.1462542,1.1522717,1.1432923,1.1513642,1.1462575,1.1479024,1.147725,1.1431764,1.1422085,1.150891,1.1515046,1.1435944,1.1428788,1.142411,1.139806,1.1497824,1.1504333,1.1420593,1.1441957,1.1470942,1.1533247,1.1395869,1.149905,1.1499481,1.1437376,1.1447831,1.1383461,1.1424153,1.1479633,1.1491219,1.136506,1.1402806,1.1466705,1.1461966,1.1420503,1.1468233,1.1500621,1.1470485,1.1473309,1.1434427,1.1398427,1.1462564,1.1480846,1.1486043,1.1504099,1.1513262,1.1462301,1.1463919,1.1494974,1.1453307,1.141117,1.148018,1.139175,1.15518,1.1392757,1.1414948,1.145277,1.1499808,1.1474246,1.1448095,1.1543689,1.1528698,1.1499953,1.1515938,1.1524976,1.1462603,1.1505812,1.1470119,1.1485274,1.1514179,1.1481496,1.1481082,1.1426965,1.1476834,1.1503952,1.1425127,1.1428398,1.1444414,1.1515553,1.1506075,1.1475875,1.1439455,1.1415495,1.1585062,1.1463119,1.1478069,1.1507595,1.1420306,1.143467,1.1449288,1.1486909,1.1518413,1.1456172,1.1488361,1.145285,1.1331944,1.1452371,1.14669,1.144882,1.146815,1.1440262,1.1461014,1.1451715,1.1431205,1.1457207,1.1444217,1.1445959,1.1409572,1.1463714,1.1434119,1.1473252,1.1497936,1.1375455,1.1494683,1.1434405,1.1476905,1.146184,1.1407495,1.1461395,1.1483094,1.14775,1.1431998,1.1439008,1.1469405,1.1437926,1.1477519,1.1521121,1.1487222,1.1526839,1.1436645,1.142876,1.1448934,1.1408898,1.1410671,1.1459386,1.1500657,1.1436332,1.145051,1.1478877,1.1410587,1.1594796,1.1465641,1.1423341,1.1506286,1.1456375,1.1409421,1.1414506,1.1405984,1.1450298,1.1428895,1.1438373,1.1488401,1.138938,1.1424404,1.1470451,1.1449746,1.1470451,1.1413075,1.147412,1.1511192,1.143501,1.155982,1.144786,1.1377329,1.1446049,1.1441432,1.1446291,1.1485567,1.1465145,1.1475837,1.1409636,1.1468133,1.1474775,1.148312,1.1421278,1.1408067,1.1452018,1.1403934,1.147763,1.1549042,1.1446962,1.1481501,1.1479851,1.1456102,1.1438369,1.1432213,1.1476731,1.1517514,1.1465393,1.150052,1.1422309,1.1501429,1.1508433,1.1465013,1.1467304,1.1457362,1.1457131,1.1495115,1.1435324,1.1396832,1.1500523,1.1404276,1.1442364,1.1437075,1.1456889,1.1467706,1.1417503,1.1457492,1.1486653,1.1492642,1.1444987,1.1461471,1.1398914,1.138095,1.149333,1.148056,1.1468468,1.1497484,1.1464825,1.149197,1.1496804,1.1417664,1.1450664,1.138561,1.1428925,1.1489744,1.1450802,1.1425886,1.1408232,1.1453018,1.145082,1.1472175,1.1467258,1.1480453,1.148688,1.1402857,1.1381869,1.1380845,1.1384398,1.1529254,1.1431172,1.1459417,1.1385043,1.1484909,1.1550423,1.145223,1.1383893,1.1455733,1.1434716,1.1414173,1.140533,1.1495074,1.1396537,1.1529794,1.1444092,1.1514558,1.1412199,1.1463107,1.1396872,1.144772,1.1379992,1.1553596,1.1438102,1.142719,1.1496663,1.1412033,1.1459175,1.1436399,1.1519754,1.1445991,1.1449256,1.144214,1.1442974,1.1399331,1.1512827,1.1501671,1.141458,1.1459453,1.1369706,1.1439729,1.1387428,1.1433213,1.1465262,1.1434478,1.142216,1.1476371,1.1478685,1.1384965,1.1412219,1.1436038,1.1417707,1.1412139,1.1504569,1.1487248,1.1468171,1.1429558,1.1400712,1.1459248,1.1371226,1.1397623,1.1443181,1.149652,1.1333429,1.1533043,1.1491532,1.1436032,1.1400592,1.1420211,1.1441604,1.1474903,1.141696,1.1510389,1.1491419,1.1447597,1.1535816,1.1436886,1.1405394,1.1489962,1.1461204,1.1455675,1.137686,1.153401,1.1468114,1.1523492,1.1412438,1.1499026,1.1490078,1.1481199,1.1419964,1.1442727,1.1397058,1.1462198,1.1439329,1.1420379,1.1509602,1.1475483,1.1489764,1.146208,1.146261,1.1448079,1.1461047,1.1512324,1.1436223,1.1506524,1.1344508,1.1486865,1.1467746,1.1508765,1.1456673,1.1447619,1.1509819,1.1457818,1.1394706,1.1448251,1.1436836,1.1420071,1.1498249,1.1402924,1.1434295,1.1472892,1.1405468,1.1401403,1.1554751,1.14498,1.1514822,1.1427451,1.142289,1.1421368,1.1398375,1.143569,1.151407,1.1520847,1.1398774,1.1533862,1.1447188,1.1496896,1.1526046,1.1377897,1.1492226,1.1538278,1.1402359,1.1484616,1.1471486,1.1451299,1.1441176,1.1370125,1.1451097,1.1465908,1.1465302,1.1460868,1.1406872,1.1415948,1.1447755,1.1471506,1.1476458,1.1489813,1.1526996,1.1517162,1.1476499,1.1467683,1.1493536,1.143683,1.1428616,1.1442397,1.1443125,1.1446478,1.14592,1.1456656,1.1518694,1.1507115,1.1466129,1.1510764,1.1465412,1.1423299,1.1414887,1.1399466,1.1379871,1.145215,1.1445403,1.1451393,1.1433719,1.1449046,1.1502743,1.1513292,1.1464019,1.1415888,1.149891,1.1466764,1.1417,1.1449378,1.1439912,1.1451316,1.1464535,1.1483169,1.1456218,1.1473383,1.1460396,1.1501023,1.1468762,1.1446152,1.1509998
1.1376611,1.1421394,1.1421211,1.1379302,1.1424944,1.139644,1.1331588,1.1452562,1.1364666,1.139026,1.1407458,1.1387225,1.1402547,1.1408619,1.1385568,1.1402873,1.1433713,1.1272314,1.1337682,1.1447215,1.1406729,1.1427174,1.1331632,1.1342149,1.142318,1.1406227,1.1338528,1.1388083,1.1386999,1.1422398,1.1404579,1.1437246,1.1401807,1.1431701,1.1439171,1.1383541,1.1403075,1.1368737,1.1443522,1.1434546,1.1421512,1.138807,1.1442931,1.1298965,1.1411207,1.1394464,1.1403499,1.1408268,1.1377926,1.1377233,1.1399386,1.139559,1.1471719,1.1458386,1.1358097,1.1333125,1.1398195,1.1442971,1.137395,1.133735,1.1396707,1.1411486,1.1401343,1.1426228,1.1420746,1.1363497,1.1416875,1.1402214,1.1384101,1.138729,1.139134,1.1388999,1.1380144,1.14313,1.1368408,1.1410859,1.1478163,1.1337671,1.1362741,1.1407396,1.13765,1.1378552,1.1358285,1.1432127,1.1380888,1.140842,1.1339344,1.1363825,1.139048,1.1397916,1.136727,1.1400559,1.1400301,1.1395966,1.1421101,1.1443237,1.1373129,1.1331971,1.1394882,1.1412926,1.1408608,1.1463563,1.1333308,1.1456172,1.1333482,1.1421531,1.1421121,1.138101,1.1345441,1.1380593,1.1358411,1.141085,1.1426634,1.1413813,1.1377465,1.1334766,1.1383878,1.1353011,1.1415278,1.1397619,1.1433504,1.1383823,1.1370323,1.1390185,1.1379795,1.137771,1.1382153,1.1359128,1.1403676,1.1356877,1.1410484,1.1369736,1.1399788,1.134348,1.1434914,1.1409106,1.1380899,1.140216,1.1355151,1.1401092,1.1400679,1.1352521,1.138356,1.1401842,1.1415869,1.1402704,1.1443715,1.138538,1.1361408,1.1394563,1.135898,1.1387937,1.139822,1.1401912,1.139818,1.1458036,1.1307833,1.1344504,1.1443111,1.142091,1.134312,1.1397041,1.1361064,1.1378194,1.1442437,1.1454525,1.1354421,1.1347127,1.1441449,1.1377997,1.1440246,1.1394224,1.1440339,1.1421387,1.1346388,1.1342591,1.1328679,1.1392286,1.1372465,1.1424522,1.1422684,1.1426504,1.138609,1.1391398,1.1341743,1.1444484,1.1410583,1.1395551,1.1441097,1.1367431,1.1311824,1.1349707,1.1387956,1.137683,1.1399152,1.1399485,1.138698,1.1426692,1.1412367,1.143451,1.1449447,1.1422124,1.1347536,1.1406918,1.1385466,1.1369562,1.1358614,1.1323242,1.1340389,1.1348985,1.1426343,1.1397734,1.1435874,1.1395494,1.14345,1.139393,1.1448249,1.1395463,1.1371258,1.1361095,1.1416744,1.1379415,1.1475993,1.1393957,1.142282,1.1373132,1.1407522,1.1384567,1.1343061,1.1391603,1.1372193,1.1363008,1.1400299,1.147155,1.1390326,1.1414329,1.1334141,1.1395458,1.1372524,1.1393169,1.1396613,1.1393528,1.1387562,1.1350694,1.1363132,1.140499,1.1341866,1.1430669,1.1358101,1.1353407,1.1427822,1.1424745,1.1365525,1.1402408,1.1399906,1.1354053,1.1431351,1.1400243,1.1393784,1.1397678,1.1340771,1.1404405,1.1389225,1.1398363,1.1320549,1.139738,1.1355234,1.1419828,1.1440924,1.1348547,1.139395,1.1425003,1.1384002,1.1260706,1.1424135,1.1361201,1.1338677,1.1388842,1.1361669,1.1365423,1.1419613,1.1408739,1.136846,1.1378216,1.1407181,1.1414721,1.1452727,1.1381617,1.1441611,1.1408732,1.1359771,1.1433126,1.14858,1.1381841,1.1362123,1.1428316,1.1416991,1.1388216,1.1364632,1.1459424,1.1364217,1.1427276,1.1426452,1.1324689,1.1364983,1.1423577,1.1440966,1.1379395,1.1396412,1.1377496,1.1369586,1.1432154,1.1394519,1.1377808,1.1393944,1.1425718,1.1442227,1.1383426,1.1375811,1.1464386,1.1444914,1.1391876,1.1408553,1.1411031,1.1419595,1.1350416,1.138744,1.1413974,1.1416374,1.1319964,1.1390033,1.133161,1.1318681,1.1421138,1.1381704,1.1333585,1.1367064,1.1374474,1.1414952,1.1363457,1.1402653,1.1347123,1.1391917,1.1405462,1.1373448,1.1377313,1.1367302,1.1397214,1.1394297,1.1391623,1.1404245,1.1369096,1.1328932,1.1364636,1.141742,1.1369551,1.1416532,1.1377385,1.1394751,1.1417942,1.1406126,1.1374285,1.1361623,1.1417743,1.1346165,1.1408758,1.1417232,1.1352494,1.1413258,1.1406937,1.1317095,1.1420847,1.1358063,1.1408815,1.1365337,1.1370946,1.1370581,1.1413172,1.1464767,1.1402539,1.1362551,1.1398947,1.1401769,1.1392354,1.1401114,1.1451637,1.1423672,1.139977,1.1388501,1.1431719,1.1396002,1.136931,1.1440969,1.1350583,1.1417394,1.1394931,1.1358405,1.1404744,1.1398765,1.1449898,1.1395575,1.1377712,1.133514,1.1481524,1.1359698,1.1407357,1.1441199,1.141803,1.1369752,1.1390257,1.1426935,1.1411666,1.1347576,1.1380271,1.1385366,1.1422598,1.1353004,1.1402935,1.1386046,1.1368176,1.1411924,1.1400667,1.1390469,1.1367215,1.1448721,1.1345713,1.1412535,1.1377152,1.1424971,1.1359613,1.1374621,1.13671,1.1352695,1.1387738,1.1369543,1.1415896,1.1405228,1.1374035,1.1371676,1.1300516,1.1422335,1.141831,1.1429418,1.1367252,1.1383929,1.1389318,1.136825,1.1433011,1.1351148,1.1467663,1.1360476,1.1393793,1.1376885,1.134285,1.132769,1.144752,1.1423043,1.1384,1.1394829,1.1397625,1.1378866,1.1387118,1.1449581,1.1393468,1.1388818,1.1418151,1.1420994,1.1401541,1.1422834,1.1399275,1.1396871,1.1450907,1.1491145,1.1383057,1.1457434,1.1478587,1.1422058,1.138859,1.1401453,1.1358582,1.1461036,1.1400557,1.1419605,1.1368256,1.1420681,1.1421537,1.1450287,1.1361182,1.1398065,1.14083,1.1313528,1.1353214,1.1352376,1.1382866,1.1360188,1.1419911,1.1380378,1.1329803,1.1345369,1.1403189,1.142025,1.1433364,1.1481539,1.1437231,1.1297119,1.136481,1.1402692,1.1327461,1.1405985,1.1363074,1.1378455,1.1377715,1.1309419,1.1427646,1.1326538,1.1458892,1.1379174,1.1403694,1.1431481,1.1385654,1.13951,1.1493733,1.1411875,1.1379864,1.143971,1.1379393,1.1399492,1.1368803,1.1387625,1.139394,1.1383572,1.1408594,1.139599,1.1345745,1.1376822,1.1341372,1.1344649,1.1370481,1.142564,1.1325012,1.1303964,1.1425047,1.1439387,1.1403495,1.1343601,1.1366799,1.1457326,1.1432519,1.1424367,1.1383238,1.1441283,1.1413321,1.1376861,1.1434075,1.1429415,1.1435833,1.140415,1.1382226,1.139233,1.1403829,1.1350448,1.139351,1.1405898,1.1433983,1.130749,1.1405666,1.1403326,1.1387197,1.1417091,1.1413431,1.1402961,1.1311283,1.1397334,1.1416392,1.1392093,1.1405908,1.1309589,1.1437671,1.1406854,1.1389468,1.1308458,1.1392473,1.1373688,1.139173,1.1406062,1.139027,1.1351955,1.1337227,1.1412164,1.136725,1.1395454,1.141119,1.1355278,1.140391,1.1401186,1.1443188,1.1394771,1.1402469,1.1471938,1.134928,1.1400739,1.1331995,1.135054,1.1336265,1.1434447,1.1440341,1.1444111,1.1341772,1.1349877,1.138442,1.1370497,1.136576,1.1420575,1.1386026,1.1355547,1.1429929,1.1363755,1.1401982,1.1381519,1.1395733,1.1414249,1.1395856,1.1382955,1.1430281,1.139168,1.1479093,1.1362098,1.1336715,1.1437486,1.1467563,1.146583,1.1350803,1.1431779,1.1435132,1.1410867,1.1437718,1.1401101,1.1477975,1.14614,1.1431524,1.1415814,1.1361091,1.1413361,1.1421661,1.1412373,1.1369663,1.1416563,1.1344168,1.1423631,1.1346469,1.1432966,1.1390998,1.1399356,1.1387781,1.138182,1.1340282,1.1413772,1.1427208,1.1378738,1.1350137,1.1381327,1.1366647,1.1406276,1.1338233,1.1386858,1.1434238,1.1374863,1.1392628,1.1367567,1.1399848,1.135167,1.1411078,1.1336808,1.1312842,1.1417642,1.1422468,1.137474,1.1394961,1.145234,1.1464311,1.1351753,1.1423708,1.1470871,1.141012,1.1424285,1.141426,1.1380832,1.13967,1.1382692,1.136432,1.1441523,1.1408148,1.1327538,1.1383834,1.1387684,1.1325926,1.1371466,1.140816,1.1410512,1.1369711,1.1391255,1.1377387,1.1441925,1.1344744,1.1378145,1.1422619,1.14296,1.1397855,1.1331171,1.1416439,1.137331,1.140567,1.1331937,1.1401244,1.1382854,1.1376104,1.1403335,1.1407487,1.1381092,1.138238,1.1375124,1.1457435,1.1417931,1.1442767,1.1420126,1.1399846,1.1358024,1.1478935,1.140989,1.1356837,1.1379569,1.1352739,1.1418357,1.1388619,1.1420343,1.1464192,1.1380365,1.1358521,1.1435761,1.1387243,1.1378875,1.1363759,1.1456709,1.1356909,1.1436356,1.1424434,1.1398369,1.1404003,1.1401315,1.1388578,1.142165,1.1469412,1.1450084,1.1382416,1.1321799,1.1412425,1.1426036,1.1443632,1.1368783,1.1410276,1.1381958,1.1347388,1.1359801,1.1372008,1.1424515,1.1471992,1.136112,1.1434671,1.137837,1.1384252,1.1411612,1.142728,1.1383762,1.1437223,1.1390837,1.1397297,1.1444166,1.1371769,1.1421566,1.1403985,1.1352586,1.141781,1.1394825,1.1331406,1.13381,1.1325831,1.1358621,1.1355933,1.1431409,1.1436614,1.1395727,1.1373925,1.1338414,1.1363189,1.1427006,1.1414716,1.1377906,1.1341202,1.1397233,1.139652,1.1393023,1.1415036,1.142421,1.1393627,1.1430792,1.1444302,1.1403477,1.1448196,1.1449147,1.1398237,1.1462736,1.1398693,1.1372459,1.1372802,1.1446445,1.1393667,1.1407228,1.1378412,1.1421608,1.1396753,1.1418744,1.1345189,1.1357831,1.137213,1.1375821,1.1392913,1.1406037,1.1381147,1.1410913,1.1381747,1.1450616,1.1418899,1.1380423,1.1424768,1.1457276,1.1403016,1.134681,1.1355509,1.1385415,1.1377333,1.1449808,1.134428,1.1403805,1.144289,1.1399707,1.1338059,1.1311339,1.1309373,1.1354274,1.1406434,1.1421328,1.1409655,1.1348428,1.1343182,1.1461494,1.1335504,1.1421034,1.1387978,1.146961,1.1431733,1.140258,1.1406349,1.14306,1.1387454,1.136111,1.1435453,1.1371369,1.1402377,1.1412522,1.1330292,1.1429223,1.1383784,1.132407,1.1437947,1.1332341,1.1421906,1.1377606,1.1419508,1.1383574,1.1418629,1.1401192,1.1387359,1.1404274,1.1342345,1.1408339,1.1424869,1.1443168,1.136859,1.1329453,1.13868,1.142164,1.1362439,1.1337948,1.1402732,1.1359407,1.1351559,1.1349454,1.1354133,1.1432896,1.1425775,1.1346744,1.1345565,1.146643,1.1421157,1.1429244,1.1419317,1.139534,1.1432076,1.1408933,1.1381845,1.1477737,1.1450706,1.1413608,1.1395637,1.1289922,1.1471711,1.1396767,1.1395665,1.140015,1.1460195,1.1381572,1.1462468,1.1423674,1.1406205,1.1321565,1.1365961,1.1388397,1.1363964,1.1348747,1.1384301,1.1427194,1.136503,1.1461058,1.1416944,1.145684,1.1418111,1.1402602,1.1363239,1.1407626,1.1411849,1.138414,1.1458482,1.1495003,1.1413429,1.1405095,1.1368678,1.1395824,1.1430055,1.132348,1.1387122,1.1383369,1.1409757,1.1412317,1.1327926,1.1395998,1.1397527,1.1418687,1.1426963,1.1350204,1.1388115,1.1480882,1.1399871,1.1393425,1.1404797,1.1358052,1.1440177,1.1366903,1.1398804,1.1421012,1.1355933,1.1427735,1.1388476,1.1411384,1.1415153,1.1389369,1.1386163,1.1377358,1.140213,1.1432549,1.1410391,1.140761,1.1408901,1.137289,1.1405368,1.139653,1.1382736,1.1403528,1.1378819,1.1408793,1.1394573,1.1368568,1.1371642,1.1406463,1.1403701,1.1415355,1.1342229,1.1340152,1.1442417,1.1415255,1.1421082
0.26125905,0.2638098,0.2651356,0.26648766,0.26994985,0.2688257,0.25965247,0.2631766,0.2633674,0.2622363,0.2592344,0.2681483,0.26439452,0.27002352,0.26429668,0.25687432,0.26350635,0.26854232,0.26784164,0.2647952,0.27233902,0.26729178,0.2611308,0.26309025,0.26218778,0.25616658,0.2625691,0.26189277,0.26226142,0.2687148,0.25449532,0.25894532,0.26297212,0.2629484,0.26883662,0.26357195,0.26411343,0.26859292,0.25436527,0.2672485,0.26030904,0.26552412,0.25945747,0.26189083,0.2577972,0.2595204,0.26198167,0.2651878,0.2598074,0.2573166,0.26462126,0.2620037,0.2561918,0.2634538,0.26468447,0.2610821,0.2633347,0.2603958,0.26922652,0.25989082,0.2700233,0.2594789,0.2589597,0.2666069,0.26283276,0.26004657,0.2676275,0.26629925,0.26193234,0.2611911,0.25931105,0.26330173,0.263509,0.26238468,0.26584512,0.27398166,0.263326,0.26387054,0.26600453,0.2635468,0.2569717,0.25621364,0.2588067,0.2641268,0.2671106,0.259578,0.25755578,0.26374817,0.26151386,0.26173884,0.26355034,0.26182643,0.26493692,0.2614771,0.26286465,0.26560807,0.26396316,0.2653079,0.26790878,0.2571625,0.25694335,0.26200855,0.26249295,0.26644933,0.27083585,0.26518533,0.26169452,0.25886163,0.25974607,0.26229715,0.27121276,0.26342312,0.262495,0.26111338,0.2578456,0.26555505,0.26051083,0.2623744,0.26748237,0.2623373,0.26849857,0.26308534,0.2611772,0.2640477,0.26525927,0.26808232,0.26364213,0.26602775,0.2596036,0.26170337,0.2574246,0.2694719,0.2704184,0.259543,0.27159137,0.2629859,0.26220667,0.25844356,0.26996627,0.2682734,0.26333258,0.26230955,0.26436463,0.2607752,0.2691273,0.25619674,0.2658795,0.2596724,0.26972604,0.2679077,0.2681189,0.26218474,0.26470688,0.25988063,0.25912327,0.25957945,0.27014798,0.2710406,0.25999483,0.26490033,0.26367295,0.27435046,0.26413405,0.26348063,0.2615011,0.25732234,0.269902,0.26521024,0.2641704,0.26101995,0.26290837,0.26178953,0.26190016,0.26364732,0.26483187,0.26264605,0.2566378,0.26209816,0.2576114,0.26590052,0.26347473,0.2609785,0.25781852,0.2587421,0.267352,0.26589283,0.25896916,0.26344272,0.26572606,0.26440862,0.25409576,0.26703864,0.25901496,0.26173708,0.2614405,0.26260754,0.2704116,0.25908494,0.26354274,0.26684633,0.26696518,0.26587895,0.26663044,0.25578973,0.26232702,0.26497248,0.26512071,0.26754075,0.27443698,0.26855275,0.25076693,0.26207882,0.26054737,0.26929596,0.2581797,0.26492363,0.26421112,0.25828776,0.25941247,0.26266512,0.2613987,0.26237828,0.26354584,0.26917163,0.2622727,0.25810587,0.27113408,0.26465458,0.2603793,0.26775354,0.25643376,0.26747516,0.2630668,0.25765207,0.25809652,0.26253295,0.26303083,0.2603449,0.26565564,0.26842907,0.25927836,0.26733673,0.26428387,0.2588101,0.26350605,0.26476124,0.26242828,0.26056457,0.26333693,0.25823233,0.26531297,0.26567462,0.25892574,0.26106113,0.26359075,0.26487643,0.25750354,0.2627022,0.25997293,0.25957355,0.26874357,0.2647073,0.2654234,0.264971,0.26454857,0.27109057,0.26187855,0.26375142,0.26097485,0.26310876,0.26134148,0.26292837,0.2605313,0.2677659,0.26377922,0.25790387,0.26843286,0.26356915,0.27415124,0.25897133,0.25942922,0.26060995,0.26081735,0.26247194,0.25715053,0.26216263,0.26210278,0.2649558,0.26257575,0.2644925,0.26259482,0.25474215,0.25835383,0.26778394,0.2661786,0.25854614,0.2647545,0.26134512,0.26509234,0.26439717,0.26059932,0.25879377,0.2582954,0.26569584,0.26263976,0.26264518,0.25478163,0.26020202,0.26090398,0.26678318,0.2576575,0.25711215,0.26220065,0.2693603,0.26159778,0.26378682,0.26045504,0.2671561,0.26356527,0.265414,0.25834918,0.25715372,0.26369616,0.26262853,0.26752073,0.26884404,0.266719,0.25814462,0.26074234,0.26335782,0.26143602,0.26551136,0.26713672,0.26638538,0.25907367,0.26454228,0.2660274,0.2562592,0.26347238,0.2731865,0.26986784,0.26531893,0.25827003,0.266607,0.26922366,0.26078486,0.2653169,0.26100275,0.25832346,0.2607263,0.2627765,0.26495472,0.26280984,0.26353982,0.25872314,0.2631756,0.25864738,0.27160978,0.266449,0.2701031,0.26400027,0.25964388,0.26789236,0.26243043,0.26415312,0.26628697,0.26535612,0.25817153,0.27302864,0.26310578,0.26683325,0.2585831,0.26375577,0.26349777,0.26435706,0.260122,0.2610044,0.2588246,0.26739082,0.26423886,0.25971675,0.26328003,0.26166853,0.26163486,0.25533742,0.25913706,0.2649074,0.25872055,0.26784942,0.26482707,0.26345944,0.2569681,0.25435293,0.26198137,0.25927964,0.2609118,0.25835034,0.25814295,0.2584145,0.25866944,0.26456904,0.26051134,0.26361212,0.25765905,0.2648847,0.2657208,0.26122943,0.26308328,0.26003486,0.2623974,0.2681423,0.26529092,0.25744352,0.26311356,0.25809735,0.26471138,0.2616648,0.26149926,0.2609871,0.2634033,0.26186976,0.2640761,0.26424173,0.26221895,0.26595208,0.26315874,0.25781968,0.2613149,0.25938055,0.26126188,0.25965086,0.25541282,0.26652887,0.26008904,0.26660946,0.26447216,0.26053187,0.2616507,0.26496664,0.26577598,0.25386435,0.26538894,0.2640162,0.26801524,0.25818288,0.2574647,0.2579652,0.2592078,0.2600477,0.25788358,0.26041037,0.2592233,0.26622355,0.260318,0.26276863,0.2660628,0.26214075,0.26262906,0.25604916,0.2701977,0.26271966,0.2686461,0.26089716,0.26338685,0.2749047,0.259364,0.25713924,0.26342872,0.26036918,0.26487097,0.2596233,0.2615039,0.2645094,0.26457244,0.26331836,0.26203716,0.26175112,0.257042,0.26579845,0.26883793,0.25903913,0.27148473,0.2585014,0.2678218,0.2660806,0.26054716,0.26588416,0.26667848,0.2640548,0.26907736,0.2594154,0.26248154,0.26579744,0.26764083,0.2638403,0.2672899,0.26290682,0.2700947,0.26074404,0.26473016,0.2625521,0.2614954,0.26940095,0.26190388,0.27037328,0.27266282,0.25882766,0.26724857,0.268998,0.26215369,0.25679797,0.2605806,0.26027283,0.2713437,0.2584919,0.26380646,0.25785026,0.25503656,0.25892365,0.26040143,0.2648564,0.26397103,0.25989968,0.26586515,0.26232415,0.26278484,0.2621582,0.25997284,0.264113,0.26662177,0.25789112,0.2673992,0.26521915,0.26540065,0.26356483,0.26859623,0.26342967,0.26079732,0.25944522,0.2654211,0.26634195,0.26190755,0.25793684,0.26023468,0.267232,0.26497063,0.25710618,0.2704471,0.2620013,0.25819033,0.26657042,0.26700044,0.27562618,0.2644073,0.26700956,0.26473942,0.2690325,0.26172233,0.26170462,0.25888693,0.26600784,0.2620063,0.2684558,0.27030316,0.26524985,0.2632362,0.26362965,0.26466605,0.26460028,0.26239023,0.25557077,0.26006052,0.25970113,0.26138803,0.26298422,0.26658064,0.2617124,0.26725557,0.26461613,0.2614469,0.25911495,0.2667338,0.25888687,0.25863746,0.26144186,0.2666898,0.26023397,0.2678173,0.2609891,0.25758785,0.25943506,0.2664046,0.26320004,0.26353896,0.26147512,0.2611685,0.26522976,0.26227632,0.2572365,0.25879726,0.2590381,0.2631969,0.25875288,0.2675195,0.25588226,0.26271233,0.25749165,0.26087835,0.26872146,0.25634462,0.26748148,0.26913258,0.26294976,0.25964728,0.25426948,0.2598545,0.25758645,0.25922108,0.25719973,0.25997093,0.259826,0.26684004,0.2657113,0.25869158,0.26294765,0.2610105,0.2607964,0.27028304,0.26413307,0.2633449,0.25517017,0.25547147,0.26271957,0.26676577,0.26749104,0.2656792,0.25501272,0.26022238,0.25999808,0.26594695,0.25741553,0.2679088,0.26487482,0.27042735,0.26313952,0.25951123,0.26092148,0.26551795,0.26115367,0.26177186,0.2649847,0.26100525,0.26717803,0.26171598,0.2593736,0.2590181,0.2597581,0.257254,0.2660398,0.26179546,0.2622378,0.26491824,0.26433074,0.26834506,0.26141194,0.26830468,0.26367834,0.25988615,0.26523414,0.26438147,0.26928145,0.2592462,0.27107185,0.26317838,0.26462802,0.26389024,0.25975114,0.25714955,0.25601575,0.2627618,0.26485988,0.26833066,0.2616339,0.26638192,0.26122263,0.26226664,0.2606595,0.26755312,0.2641347,0.26094303,0.26145995,0.2581941,0.26542845,0.2669274,0.26061895,0.25520113,0.26625735,0.2604348,0.26031315,0.26795068,0.26737893,0.26413393,0.26120135,0.26182032,0.26824215,0.25702083,0.26378393,0.2646501,0.26237634,0.26460513,0.26751265,0.26067552,0.26141343,0.26904517,0.26016462,0.26648748,0.2717414,0.26239118,0.2662892,0.26892173,0.2637636,0.26232687,0.25850618,0.26305407,0.26322865,0.2601628,0.26786113,0.2586459,0.26693827,0.2593357,0.2630581,0.2662046,0.26558575,0.26775822,0.26073742,0.2645401,0.25790495,0.25238875,0.26385677,0.26073742,0.26152942,0.27057222,0.2657429,0.26119164,0.2569414,0.26751167,0.2554009,0.2626338,0.26391914,0.2639332,0.2714823,0.2603261,0.2633873,0.25838497,0.26643625,0.26299116,0.2695321,0.25845808,0.26188633,0.27112713,0.25966585,0.25975057,0.26820603,0.25935987,0.26608753,0.2558702,0.26104248,0.26357642,0.26012123,0.25302684,0.26153192,0.2588184,0.27014202,0.2578852,0.26717103,0.25944063,0.265445,0.25744048,0.26779243,0.26287454,0.26274976,0.26656052,0.25657785,0.25901598,0.26481214,0.26463628,0.2577704,0.26556182,0.2636367,0.26304018,0.26658213,0.2666649,0.268892,0.26795584,0.25856742,0.25788367,0.2619487,0.2657698,0.26738504,0.26536816,0.26356995,0.26101935,0.25936043,0.26038137,0.26646858,0.25955313,0.2612583,0.261594,0.26516527,0.2612808,0.26482967,0.25933418,0.26786768,0.2673299,0.26322043,0.25899118,0.2528635,0.26025024,0.25865057,0.26995027,0.2677914,0.26065797,0.25870454,0.26013017,0.25992143,0.26170427,0.26915747,0.2639994,0.26131552,0.25725585,0.26568624,0.26190367,0.27015182,0.26190618,0.2628674,0.26518375,0.26213902,0.25756732,0.25975075,0.26346895,0.26291868,0.26125073,0.26568955,0.26674294,0.2638051,0.26779848,0.26123393,0.26639447,0.26281834,0.25926587,0.25904185,0.2627046,0.2661494,0.2639714,0.26061994,0.2577377,0.26480162,0.2601901,0.2597087,0.2615263,0.26851213,0.25732934,0.2676177,0.25416303,0.26663268,0.2592561,0.26186103,0.26304787,0.26558694,0.26387587,0.2685256,0.2621357,0.2669745,0.25808105,0.26795003,0.26666877,0.2616467,0.26232025,0.27176055,0.26332375,0.26259542,0.26264843,0.26895407,0.26010233,0.26033345,0.25980154,0.2554603,0.25971174,0.2518497,0.25447786,0.2606913,0.25951308,0.2588391,0.25882104,0.26176664,0.27181062,0.2622678,0.26717445,0.2688542,0.26456356,0.27128252,0.2697857,0.25493947,0.25993547,0.26218003,0.26552895,0.2662553,0.26671216,0.26161948,0.26102492,0.26640525,0.26370242,0.25989473,0.2631492,0.25772047,0.26077405,0.25643626,0.26166755,0.26509458,0.2579973,0.265193,0.2658787,0.25815615,0.26370913,0.25945434,0.2586565,0.27096045,0.25491711,0.265881,0.26248255,0.26499107,0.26427558,0.26934364,0.26098615,0.26155987,0.26329458,0.26148757,0.25782204,0.27042565,0.266637,0.26446694,0.2514575,0.26618004,0.25955978,0.2606738,0.2636485,0.26245332,0.26233017,0.27097943,0.26271453,0.2574166,0.2619029,0.26381078,0.25508395,0.26578903,0.26346305,0.2643454,0.25811166,0.26680014,0.26638484,0.2647081,0.2599612,0.26570016,0.27101752,0.26311627,0.26484257,0.26514104,0.26197186,0.26683637,0.26247635,0.2574747,0.26601863,0.2546625,0.26661095,0.2663203,0.26601592,0.26701483,0.2640881,0.26876548,0.25853935,0.25948763,0.26129082,0.26345813,0.26271483,0.25682822,0.26043415,0.2618995,0.2671693,0.26595423,0.26174814,0.26767656,0.25384206,0.2561667,0.25995398,0.26322818,0.27698842,0.26049918,0.2656137,0.26204902,0.26341683
