0.6864378,0.6896034,0.6829032,0.6860865,0.679234,0.6813142,0.6797462,0.6906589,0.6918458,0.68244076,0.6891715,0.69263643,0.68195987,0.68527216,0.6958133,0.68202674,0.6878609,0.68900657,0.6787449,0.68645775,0.67756516,0.68165207,0.69269407,0.68224114,0.67987007,0.68287563,0.6838209,0.68563783,0.68300784,0.6798455,0.68171203,0.6836813,0.6830482,0.6757112,0.68783337,0.68558943,0.6903827,0.686726,0.69542575,0.68784595,0.6823979,0.6896821,0.69266313,0.6727239,0.68759155,0.6814482,0.6902242,0.6893136,0.69570136,0.6853396,0.6851422,0.6934198,0.69234765,0.68608296,0.68152595,0.6776677,0.68205094,0.6819406,0.67215025,0.68090093,0.68581927,0.6773158,0.69466543,0.688866,0.6856772,0.68249434,0.6771292,0.69159114,0.6872811,0.6896403,0.69329566,0.6851924,0.68689656,0.68134415,0.69322115,0.6917333,0.6888758,0.68403566,0.6833285,0.67533875,0.6801736,0.68491244,0.6820264,0.68347496,0.6799904,0.6805136,0.7018692,0.68326575,0.68080604,0.6794525,0.6930115,0.6790302,0.6878835,0.68489635,0.69004035,0.68638825,0.68445516,0.69449526,0.6898352,0.690646,0.68652296,0.69557303,0.6929002,0.68694425,0.68958044,0.68375075,0.67521566,0.6782407,0.68782735,0.68990636,0.6769294,0.68592703,0.6854181,0.69404966,0.6901998,0.6971733,0.68804485,0.6864115,0.6893203,0.6817627,0.6905419,0.6930929,0.6863682,0.69224596,0.68524873,0.68800956,0.6863938,0.6798333,0.6852218,0.686817,0.68238026,0.6907723,0.68946904,0.6880714,0.6844342,0.6881669,0.69313073,0.68526614,0.6874178,0.6808632,0.67841095,0.6892953,0.68554026,0.68864745,0.68239766,0.6870689,0.68829495,0.6800125,0.6804999,0.69365466,0.68911403,0.68956995,0.68822914,0.6801386,0.68134934,0.68056214,0.6790086,0.67960185,0.6825625,0.69157034,0.6738979,0.6758361,0.6828557,0.67963004,0.6807327,0.6926627,0.68978274,0.67310107,0.6901546,0.68614197,0.6782952,0.6869554,0.68660593,0.684667,0.6856975,0.6925938,0.69333947,0.6785361,0.68420905,0.6885892,0.6822938,0.6802074,0.686106,0.68793166,0.6883763,0.69099706,0.690641,0.6875887,0.6964575,0.67966336,0.6921699,0.6855383,0.67770594,0.69321513,0.67924386,0.6724148,0.69495046,0.6830686,0.6926318,0.6769002,0.68643093,0.685737,0.68458444,0.6784864,0.686992,0.6791029,0.68558955,0.68190384,0.6878999,0.68860525,0.68804264,0.6902128,0.6955356,0.6885164,0.69266087,0.69111615,0.67842954,0.6887899,0.68258476,0.68949205,0.6838967,0.68879485,0.6799461,0.6834775,0.686569,0.6889319,0.68891966,0.6770782,0.6792083,0.69314873,0.6847188,0.69123495,0.68624,0.68540365,0.68143004,0.67637366,0.6842474,0.68219227,0.68814224,0.6880749,0.6908732,0.6872658,0.69003254,0.68473357,0.6904508,0.68739367,0.6812644,0.6869088,0.68661475,0.68502,0.6884691,0.68105316,0.67780393,0.6805614,0.6832382,0.68775725,0.67941815,0.69276047,0.6806024,0.6798828,0.6905408,0.68636465,0.6798797,0.6739474,0.6857733,0.68184704,0.68336505,0.687239,0.6857151,0.6760023,0.69308853,0.685689,0.6879791,0.69084555,0.68958676,0.6763416,0.69130075,0.6860478,0.68076843,0.69558984,0.6881247,0.684345,0.67960906,0.6836912,0.68912274,0.67941135,0.6899343,0.68628556,0.6941338,0.6916171,0.6731752,0.68505865,0.6876693,0.6840554,0.68850964,0.69924617,0.6848703,0.68666595,0.68935335,0.6887541,0.6798551,0.68941313,0.68642145,0.6891745,0.68447846,0.6813295,0.69010335,0.68829995,0.69533193,0.6914915,0.6839152,0.696514,0.6820213,0.68429995,0.68748635,0.6857214,0.6856742,0.6798948,0.6870055,0.6863386,0.69012403,0.68705255,0.6759327,0.6932043,0.6813757,0.68591356,0.68996674,0.6862041,0.67730165,0.68418044,0.6852441,0.68651104,0.67745423,0.6842882,0.6822158,0.6843754,0.6830464,0.68087745,0.6841364,0.68627876,0.68749666,0.683694,0.68091166,0.694906,0.6913765,0.67499965,0.67863744,0.68237966,0.6828901,0.6959807,0.6869666,0.68589735,0.68541324,0.6827344,0.6909218,0.68036085,0.6898086,0.6945586,0.67993957,0.6863447,0.68557125,0.6852223,0.67406124,0.67896813,0.6795962,0.6830855,0.67955077,0.6888673,0.6847371,0.69241565,0.68918854,0.6843313,0.68362,0.6861315,0.68424606,0.683944,0.6878187,0.6807458,0.68744326,0.6830723,0.67793036,0.6926282,0.68893546,0.6888357,0.68577987,0.67447096,0.6826142,0.68794096,0.68324745,0.6803066,0.69327635,0.68556714,0.69029003,0.6768582,0.68372214,0.68310326,0.6801509,0.6883345,0.6853678,0.6868057,0.6865226,0.6708591,0.6833176,0.6904006,0.6839497,0.6950883,0.68912363,0.6847176,0.6887097,0.6835613,0.69593847,0.6892495,0.68710876,0.6844767,0.6880416,0.6932159,0.68555295,0.6789698,0.6868527,0.6966794,0.69473225,0.6871962,0.6811234,0.6882566,0.67913777,0.6893007,0.6844281,0.68664443,0.6860582,0.6891464,0.67335993,0.68557054,0.6780217,0.68456304,0.6892366,0.68679136,0.6851511,0.68014896,0.6836957,0.6872509,0.68440753,0.6847822,0.6837414,0.6815622,0.68390113,0.67537725,0.6866017,0.6900886,0.68426657,0.6837881,0.67974746,0.682588,0.6945057,0.68970054,0.69135535,0.680808,0.6790261,0.68112665,0.6864087,0.68293846,0.6934119,0.6824344,0.6953753,0.6879562,0.67752665,0.6841297,0.6969054,0.67641985,0.6900203,0.6821788,0.6770401,0.68497336,0.67877513,0.6818208,0.6834792,0.6915161,0.68107927,0.6863096,0.6867182,0.68678313,0.680635,0.68276507,0.6784303,0.6891459,0.6860886,0.6884311,0.6864602,0.6889376,0.6862762,0.68447214,0.6803273,0.6871083,0.68216527,0.6825471,0.67971915,0.68682003,0.68711835,0.6859219,0.6885226,0.6893135,0.68400735,0.68540096,0.68715656,0.67930996,0.6848456,0.68860996,0.6943106,0.6808416,0.6864648,0.68493164,0.68940485,0.6892259,0.6751183,0.68908966,0.6857674,0.682425,0.68034905,0.6841808,0.68890953,0.68512625,0.68663085,0.68445045,0.6891548,0.68950325,0.6745332,0.68097305,0.6863456,0.6797149,0.677249,0.68340385,0.6840486,0.6826502,0.6805505,0.68096435,0.68186724,0.68551445,0.6915891,0.6904483,0.6838346,0.6826042,0.6820145,0.68678683,0.67220515,0.68890613,0.68435293,0.67775136,0.6929598,0.68667096,0.683473,0.686586,0.6886908,0.6748277,0.6869374,0.693307,0.6821932,0.686449,0.6857611,0.68973744,0.68090534,0.6734025,0.6810939,0.6914821,0.68560076,0.6844318,0.6914259,0.68638504,0.68609494,0.69063646,0.68344474,0.68293583,0.6862745,0.6874419,0.691541,0.68821603,0.6926462,0.68396425,0.68392515,0.6777483,0.6872124,0.6867686,0.69142455,0.6859173,0.69401455,0.6832331,0.6818298,0.6836515,0.6884667,0.678992,0.687716,0.6819979,0.68018794,0.68527186,0.6796109,0.6866098,0.6814416,0.68337303,0.69211334,0.6922093,0.68281835,0.6910963,0.6875457,0.68442196,0.682649,0.67537034,0.688646,0.68179464,0.69068384,0.6808773,0.68906665,0.69627774,0.6841063,0.6825486,0.6759436,0.6804766,0.6932668,0.68284315,0.6869925,0.68371546,0.6743183,0.68886,0.6876342,0.6792653,0.6818124,0.69008857,0.6812651,0.69517416,0.6871018,0.6818662,0.68236846,0.68954164,0.6885571,0.6862733,0.6890834,0.67908436,0.68446475,0.6893107,0.68465686,0.681286,0.68302995,0.6900438,0.6839983,0.6848465,0.6848845,0.6850687,0.6934664,0.67153096,0.6770236,0.68595445,0.69495374,0.6880547,0.6892393,0.6904956,0.6788895,0.6875038,0.6816914,0.68160653,0.6836872,0.68808734,0.6907286,0.68435526,0.6913256,0.68455976,0.6895278,0.6800708,0.6772781,0.6849363,0.6842945,0.6879904,0.67558175,0.6847963,0.69429964,0.6867829,0.6826557,0.6846307,0.6853634,0.69068694,0.6836283,0.6790921,0.6844837,0.68757176,0.68300825,0.6918919,0.68804187,0.684603,0.68786037,0.68745124,0.69060695,0.68700737,0.67989504,0.68910813,0.6897004,0.6757513,0.681615,0.6870573,0.67274463,0.68690073,0.68393415,0.6891077,0.68462014,0.68430865,0.6767487,0.68527305,0.688501,0.68530107,0.68691003,0.6897371,0.6843506,0.68915117,0.68605024,0.68924403,0.6787917,0.6925231,0.6691043,0.6869247,0.6894642,0.68807757,0.6877877,0.68750805,0.68868303,0.6848086,0.68298674,0.6950851,0.68375486,0.68194276,0.68358785,0.68752915,0.67785466,0.6856531,0.6810867,0.6814465,0.68168193,0.6894257,0.6823513,0.6850519,0.6823177,0.68185514,0.6869886,0.6755642,0.6879854,0.6801485,0.68598175,0.6828843,0.68553436,0.6851212,0.6888998,0.6894131,0.68338037,0.6849266,0.6850967,0.6829214,0.6876058,0.68795216,0.686885,0.69690305,0.68452924,0.6777766,0.677591,0.68883723,0.68343455,0.68625075,0.683642,0.68834966,0.6900025,0.6829597,0.68239486,0.6863218,0.6833133,0.68481934,0.68531144,0.6817153,0.6827749,0.6891832,0.6815336,0.68559,0.68431664,0.68045664,0.68749106,0.69038194,0.68242025,0.6899868,0.6928422,0.68189895,0.6870113,0.6699558,0.67939514,0.6893404,0.68162394,0.6684901,0.6840012,0.6838011,0.6886579,0.68207043,0.68553984,0.6860127,0.67771894,0.69223046,0.6812658,0.6835601,0.69083375,0.68857,0.6925049,0.67999154,0.6748751,0.69100976,0.684685,0.68600076,0.684513,0.6929794,0.68188727,0.6881092,0.69131553,0.68415517,0.6842023,0.6861613,0.6890825,0.67911816,0.6868897,0.681065,0.68060464,0.6882785,0.6898104,0.6890866,0.6909319,0.6878631,0.68078864,0.6977349,0.6749471,0.6854083,0.68877935,0.68942803,0.68574196,0.68459743,0.69604796,0.67458725,0.6918849,0.68975395,0.67784935,0.6913014,0.684238,0.6948792,0.677313,0.6814342,0.68474334,0.6815168,0.67907387,0.6846595,0.68757695,0.6901036,0.6856408,0.683062,0.6861689,0.6821146,0.6817942,0.6859406,0.6850846,0.6777646,0.6818986,0.6958904,0.6920489,0.6824391,0.68119127,0.6950426,0.6829311,0.69108415,0.68790704,0.68955845,0.68297577,0.6812385,0.68488765,0.6895511,0.68790495,0.6830199,0.6759528,0.68824863,0.689799,0.67854506,0.6963599,0.69284713,0.68302554,0.688294,0.6860759,0.689927,0.6731374,0.68513566,0.6966666,0.6886768,0.6799794,0.68742925,0.6858832,0.68688077,0.68821967,0.69173163,0.69372034,0.685604,0.6802107,0.69448733,0.6850085,0.67738587,0.67976594,0.68706274,0.6938507,0.6785361,0.67903113,0.6775134,0.67964107,0.68169194,0.6887862,0.6854786,0.6888237,0.68336934,0.6854988,0.6851578,0.6871386,0.6945722,0.6828095,0.67844355,0.6884214,0.68184835,0.68414146,0.6834698,0.683108,0.684061,0.67874277,0.68938035,0.6861921,0.6828947,0.69044894,0.68391854,0.6845251,0.6897232,0.67842436,0.68219167,0.6819962,0.68635863,0.6925,0.68978107,0.6909769,0.685181,0.6811978,0.67653203,0.6911709,0.6766803,0.6852119,0.6877698,0.67941517,0.67248344,0.6935128,0.6886869,0.68105197,0.68431234,0.6842744,0.69135493,0.6824323,0.684732,0.68384296,0.6791881,0.682392,0.6853158,0.6937963,0.6883242,0.69039714,0.68478334,0.69392616,0.6923285,0.67359895,0.68618184,0.6822813,0.67761177,0.6857623,0.69450074,0.6756982,0.6896244,0.6842405,0.68142676,0.6808662,0.68519664,0.6855381,0.6858069,0.68457896,0.68308854,0.6898203,0.69819903,0.6885445,0.68778884,0.6788268,0.6841291,0.6943829,0.6860377,0.68487495,0.68336517,0.67837393,0.68211806,0.68025726,0.6864342,0.689089,0.682092,0.67991346,0.68969643,0.68180174,0.68640184
0.5865282,0.58760643,0.5912475,0.5817454,0.58062446,0.5865466,0.5826216,0.5806323,0.58590865,0.5812704,0.59636563,0.5926055,0.5808722,0.5809456,0.5944287,0.58928174,0.5862286,0.58474416,0.5892537,0.58726084,0.5899463,0.58763194,0.5872785,0.57959807,0.57776105,0.5808243,0.57553893,0.5859948,0.5796912,0.5859216,0.5924653,0.57991016,0.5879589,0.58006036,0.58560383,0.5792849,0.59033996,0.5877458,0.5832137,0.58074975,0.5865072,0.5880305,0.5954456,0.5797657,0.5932234,0.5870259,0.59562296,0.5848623,0.58672976,0.5856993,0.587008,0.5818513,0.58523005,0.5914968,0.5909262,0.57882065,0.5768686,0.5812774,0.5812698,0.58527297,0.58903104,0.58184034,0.5829494,0.5846712,0.5808476,0.5769124,0.5845845,0.5816792,0.58937967,0.5785656,0.5889689,0.5823061,0.58772516,0.5837997,0.5817814,0.5859278,0.59053427,0.5820026,0.58580774,0.5895191,0.5852059,0.58441865,0.5736232,0.5875314,0.5878067,0.5767648,0.5968745,0.5852326,0.58281183,0.5839533,0.5859856,0.58240294,0.5947048,0.5838929,0.58406776,0.5888647,0.5849892,0.5865364,0.5795311,0.5895155,0.585977,0.59134525,0.58856845,0.5884153,0.58728355,0.5762716,0.5913235,0.5895613,0.5741461,0.5851788,0.5751076,0.586597,0.5821382,0.5851392,0.59387815,0.5874661,0.58497894,0.593669,0.59541816,0.5830151,0.58267844,0.5855389,0.57733905,0.5852481,0.5860922,0.5833794,0.58540624,0.58005023,0.5927957,0.5855706,0.5872254,0.58957124,0.5947708,0.58764654,0.5844331,0.58494496,0.5876768,0.5851186,0.58834153,0.5794,0.58729136,0.588334,0.5853518,0.58681357,0.575422,0.58583194,0.5821522,0.5777219,0.58243525,0.586464,0.58375514,0.5860054,0.5947611,0.5864708,0.58783346,0.5828395,0.56953657,0.5826621,0.5875767,0.5900538,0.57888585,0.5795302,0.5919464,0.58882165,0.5852866,0.58832663,0.58356684,0.57804006,0.58775634,0.5838718,0.5813204,0.59005105,0.58972657,0.57710415,0.57577246,0.5820957,0.5892834,0.57599175,0.5942141,0.5852146,0.5785951,0.58739907,0.59427243,0.5918663,0.58442956,0.5837559,0.5853678,0.5858006,0.5879637,0.5826028,0.5927493,0.5857289,0.582672,0.5883696,0.5896215,0.58641005,0.59163594,0.5866726,0.58147967,0.5811763,0.58533025,0.5965923,0.57419,0.5839144,0.58282435,0.58490586,0.58868426,0.58132184,0.5840099,0.5786839,0.58287513,0.5866572,0.5881124,0.585106,0.5869191,0.58647436,0.58378994,0.5821027,0.5899638,0.59016305,0.5885616,0.5792234,0.5868149,0.5843443,0.58561313,0.5916093,0.5901498,0.57717556,0.5886855,0.5843587,0.58973163,0.59188575,0.58600664,0.5777399,0.5837536,0.5804827,0.5844971,0.5890874,0.5862836,0.59281474,0.5931994,0.5934188,0.5885601,0.5865176,0.58565253,0.5810727,0.58252263,0.5834117,0.58418703,0.5833864,0.5842757,0.58518404,0.583702,0.5869071,0.58998287,0.5894447,0.59099424,0.5837534,0.58755267,0.58064896,0.5908304,0.5879259,0.58730274,0.5829299,0.58404666,0.5855678,0.5838691,0.5803355,0.58131033,0.5863795,0.5875683,0.5880083,0.58592105,0.59172904,0.5827279,0.5878891,0.5980904,0.5828757,0.5839243,0.5846907,0.58839273,0.5917448,0.5801165,0.58625287,0.58900446,0.57940257,0.58532006,0.58549607,0.5854507,0.5864496,0.587097,0.58287156,0.5818195,0.5841469,0.590082,0.59270847,0.58852404,0.5863728,0.58413225,0.59055215,0.59195226,0.5836869,0.5884659,0.5870225,0.5776205,0.5827632,0.5887588,0.5845985,0.58571786,0.5934896,0.58170384,0.58970976,0.56836313,0.5911945,0.5865677,0.583784,0.5831914,0.5776703,0.5848804,0.5802211,0.5864491,0.5895352,0.581286,0.59445894,0.5860549,0.58994836,0.58474624,0.58283466,0.58426607,0.5932834,0.58102465,0.58302695,0.5763039,0.5821113,0.5855825,0.5879379,0.5860136,0.589602,0.5794103,0.5819038,0.58123565,0.58479166,0.57825553,0.588235,0.58325344,0.5798925,0.5796644,0.58411855,0.58475006,0.5831714,0.5892728,0.582828,0.5935975,0.58480406,0.58121514,0.5789869,0.5808587,0.58798605,0.5806554,0.586061,0.5910915,0.5863223,0.5790066,0.58685976,0.5831875,0.58521193,0.5876403,0.585163,0.5868783,0.5849479,0.581979,0.5832116,0.5807898,0.5859119,0.5844746,0.5894576,0.58535904,0.5909381,0.5906103,0.5885819,0.5789532,0.58961964,0.58268136,0.5773809,0.58472764,0.58552194,0.59082735,0.5807176,0.5821813,0.5812942,0.5868443,0.5798695,0.58319664,0.589374,0.5685811,0.58252805,0.5898197,0.57742745,0.5855875,0.59021014,0.58386683,0.58167064,0.5898144,0.58360523,0.57880986,0.5881815,0.5915544,0.58518577,0.59233373,0.58469874,0.5912924,0.58419526,0.58546823,0.5814354,0.58425987,0.5902899,0.5927632,0.58181953,0.58178693,0.5921501,0.5871316,0.5853323,0.5807268,0.5830484,0.5811641,0.5840886,0.5902497,0.5849008,0.5810863,0.590525,0.5848817,0.5804565,0.5908049,0.5854894,0.5851729,0.5827384,0.58099234,0.58982784,0.58606756,0.58493084,0.57344574,0.5875086,0.58368707,0.5799555,0.5831492,0.5810172,0.5805883,0.5821942,0.57777417,0.5812903,0.5885374,0.5830061,0.58715427,0.58291507,0.58363163,0.5840354,0.5929138,0.5852584,0.5872155,0.57884747,0.5936116,0.58126736,0.5854387,0.5767308,0.575752,0.5840513,0.58564746,0.5825765,0.5879365,0.58323765,0.57918316,0.583645,0.58120257,0.58302397,0.5752172,0.5871953,0.5935673,0.58797914,0.58888674,0.58404064,0.5859928,0.58741295,0.58178294,0.5791305,0.5840741,0.5840101,0.5854771,0.583059,0.5817694,0.58311653,0.57560426,0.574158,0.58203745,0.58779883,0.580006,0.5878874,0.58615077,0.5869794,0.59095377,0.5923704,0.5854902,0.5878981,0.5883232,0.5869349,0.57753414,0.59737647,0.5758634,0.58803517,0.58022237,0.5843935,0.5891172,0.58378613,0.58827084,0.58148384,0.5852124,0.59004676,0.58280206,0.57643133,0.58439535,0.58819866,0.5790317,0.5851428,0.59330124,0.5856207,0.5834693,0.5870622,0.5847404,0.5897732,0.5828961,0.58729094,0.5824666,0.5841217,0.5858521,0.5850767,0.59132254,0.59515804,0.5805659,0.57898724,0.5770029,0.58026624,0.590051,0.57719284,0.5812054,0.58411986,0.58164245,0.58199847,0.5870811,0.57860035,0.5820602,0.58131915,0.5846144,0.58283955,0.5820277,0.5856977,0.5805366,0.5851904,0.57666665,0.58422136,0.5848338,0.5819802,0.5815019,0.5920759,0.58620185,0.5770662,0.58714914,0.593259,0.5904565,0.5806594,0.5862797,0.58530855,0.5892744,0.5853561,0.5898389,0.5877475,0.5879323,0.5879794,0.58131045,0.58507603,0.5776693,0.5887385,0.5835037,0.583036,0.5882072,0.58772963,0.59071267,0.5904454,0.58973336,0.5805434,0.59473467,0.58542955,0.580894,0.5817639,0.5818575,0.58371663,0.579255,0.58914393,0.5775944,0.5879043,0.5905318,0.5851786,0.581362,0.5841767,0.5858297,0.58092785,0.5843442,0.5860111,0.5872648,0.5810785,0.58865595,0.5959784,0.5809443,0.5854424,0.5843589,0.58529925,0.59693,0.58494633,0.5831768,0.5915331,0.5784346,0.5926715,0.58482665,0.5728794,0.59263,0.5896366,0.5905713,0.58816195,0.5914292,0.5904368,0.59022635,0.5883329,0.5865917,0.5818963,0.59430075,0.58619124,0.5820562,0.57987785,0.5910714,0.58926034,0.5888564,0.5894158,0.5926622,0.587243,0.58495224,0.57683194,0.5827583,0.5760911,0.5792284,0.58947617,0.5782873,0.5831535,0.594663,0.5891459,0.58644205,0.5800825,0.58339435,0.5821506,0.5834038,0.5899996,0.58737147,0.5849616,0.5851092,0.5887462,0.5862508,0.57887024,0.58330476,0.5770689,0.58926225,0.57886636,0.58612084,0.59253824,0.593689,0.5806306,0.58753425,0.5915028,0.58710486,0.585361,0.5820484,0.583459,0.58430827,0.575822,0.5858837,0.5806694,0.58330154,0.58402663,0.585643,0.5856055,0.5893473,0.5887419,0.58293694,0.59240156,0.5895792,0.59218276,0.5874377,0.581449,0.5803889,0.587046,0.5805775,0.5831197,0.5890375,0.5913533,0.5817569,0.58834034,0.58513236,0.5817037,0.58485717,0.5831249,0.58922917,0.587876,0.58841366,0.58909225,0.57632065,0.58618516,0.58430976,0.5856136,0.586459,0.5785315,0.578052,0.58612794,0.58874273,0.5867402,0.5892129,0.5738417,0.5845359,0.5902473,0.58542037,0.5900474,0.5753899,0.58331364,0.58377534,0.5839028,0.57153004,0.59247947,0.5804138,0.5901445,0.5876219,0.57681215,0.5891805,0.58380985,0.5889765,0.5923393,0.58742625,0.58787316,0.58417195,0.5864391,0.58844817,0.59015507,0.58586335,0.5920544,0.59294313,0.58728695,0.5913311,0.5859343,0.59205735,0.5855897,0.58407027,0.58191454,0.5889853,0.5820307,0.59056246,0.58821577,0.5871405,0.5888258,0.5827397,0.59047294,0.5800067,0.58236325,0.5918174,0.5817578,0.5897203,0.5903506,0.5880377,0.5822304,0.58553374,0.58863777,0.5783927,0.5786685,0.5841537,0.578332,0.5886884,0.585137,0.5827523,0.5879121,0.5864645,0.5868283,0.5829103,0.5890916,0.5786391,0.5804789,0.58543277,0.5870409,0.5826839,0.58092,0.5864056,0.582403,0.5851222,0.58972746,0.582753,0.58706164,0.58803755,0.57777345,0.5821651,0.576247,0.581859,0.58986646,0.5861491,0.59009576,0.58859396,0.5802098,0.5882939,0.58715266,0.5905254,0.5831303,0.588889,0.5876038,0.59042627,0.58648187,0.5887775,0.5884821,0.5879099,0.5839593,0.5815187,0.5894574,0.5872105,0.58526045,0.5855323,0.587885,0.58295727,0.58425474,0.58367175,0.58948237,0.5787237,0.5813873,0.59823406,0.58442116,0.5848992,0.58069015,0.58845276,0.5852036,0.58858377,0.58422005,0.5773152,0.5928703,0.58756,0.5754371,0.5769688,0.578656,0.5797484,0.5907635,0.57889974,0.5779145,0.58156484,0.57925427,0.58117807,0.58558154,0.58821803,0.5769044,0.5770596,0.5853344,0.5852354,0.586408,0.58434796,0.5808583,0.5802807,0.58955055,0.5779655,0.5790806,0.5901108,0.582692,0.5903864,0.5807626,0.5867961,0.5836092,0.5778018,0.5875332,0.5860946,0.58507574,0.5827004,0.58732396,0.58068687,0.5962436,0.5911567,0.5849361,0.5827487,0.58780724,0.58669287,0.58690596,0.58034533,0.5807057,0.589937,0.5889857,0.5865182,0.57822734,0.593135,0.5756226,0.5858836,0.58477587,0.58661294,0.5793285,0.5876745,0.5797565,0.5919022,0.5836774,0.5845445,0.5801507,0.590422,0.5802178,0.5814599,0.5903207,0.5785243,0.5823986,0.5842997,0.5758781,0.5860437,0.5831792,0.5815545,0.5839146,0.5880716,0.5822364,0.5762056,0.5883468,0.57968295,0.58907336,0.5777373,0.5892988,0.577301,0.5845142,0.5836681,0.580926,0.5797223,0.5799286,0.5859415,0.57973343,0.5826149,0.58194375,0.58700454,0.5822763,0.5798724,0.59160125,0.5846344,0.5854928,0.58585507,0.58272594,0.5783293,0.5787889,0.58523786,0.5797748,0.587316,0.5903406,0.58320415,0.5760893,0.58405304,0.5896184,0.59183306,0.5898487,0.5873148,0.57873017,0.58497155,0.5825453,0.57921,0.5786961,0.5863591,0.5885952,0.58657813,0.59436595,0.5835692,0.57643825,0.5841686,0.5819553,0.5869695,0.5840261,0.5890623,0.58789647,0.59342617,0.5802271,0.58411837,0.5842586,0.5789835,0.5901309,0.5851426,0.58216757,0.58980584,0.59221053,0.5841049,0.588741,0.5809952,0.59177595,0.5869485,0.58364475,0.58872217,0.5883435,0.5827581,0.5785358,0.59154457,0.5900378,0.5910573,0.58590186,0.586278,0.58639294,0.5788155,0.5805035
0.7235932,0.7307206,0.72878444,0.73559463,0.7334917,0.7252309,0.726581,0.7289083,0.7398259,0.7290519,0.7357192,0.73117614,0.72639644,0.729403,0.73984975,0.7303666,0.7312251,0.7344075,0.73384476,0.7329435,0.7337051,0.7269977,0.7249406,0.7271331,0.7233515,0.72574407,0.73098606,0.7342014,0.7281527,0.7235925,0.7304457,0.73318124,0.7271394,0.72255564,0.7277986,0.7263366,0.73735005,0.73868763,0.73051745,0.73203945,0.7348013,0.73264176,0.7365644,0.7148613,0.7357319,0.72701913,0.73536444,0.73183334,0.7324413,0.728516,0.72992957,0.7392459,0.7299206,0.7301243,0.73295945,0.7314311,0.7281589,0.72469395,0.71996987,0.73063207,0.7304396,0.7221133,0.73085284,0.73194015,0.7311468,0.73406625,0.72600526,0.73554796,0.7378178,0.73625785,0.72453547,0.730174,0.7296207,0.7305737,0.73686546,0.72833794,0.7319342,0.7342642,0.7339749,0.7181079,0.7315987,0.73431164,0.7209987,0.73080313,0.73229945,0.7311626,0.73832256,0.73054147,0.725913,0.72483295,0.7359438,0.72544724,0.73312515,0.7310774,0.7403899,0.7350415,0.72707564,0.7387907,0.73345464,0.7381769,0.72961444,0.7364356,0.73745257,0.7237801,0.7276415,0.7309641,0.7341061,0.7292106,0.7241077,0.7347389,0.7259395,0.73607326,0.72412163,0.72643256,0.7382846,0.73584735,0.7334509,0.74016684,0.7367418,0.72799826,0.7330437,0.7286631,0.7235681,0.7340678,0.73226154,0.730883,0.72792083,0.73342717,0.74718994,0.7348685,0.73074377,0.73785967,0.7343856,0.73578763,0.7357211,0.7337191,0.7266737,0.74225545,0.7229766,0.7268878,0.73646486,0.7393161,0.73519796,0.73092794,0.7326427,0.7379721,0.73695445,0.7192536,0.7300937,0.73356056,0.7317175,0.727658,0.73941344,0.7311685,0.7294972,0.7289293,0.7170405,0.7220064,0.7231424,0.7356814,0.7290085,0.73193264,0.7315169,0.73377836,0.7331759,0.7366215,0.73286676,0.7329604,0.7332912,0.72493905,0.73034817,0.73154867,0.7337487,0.7249851,0.7299008,0.73370415,0.73230004,0.7286257,0.72673637,0.7327684,0.72582775,0.7306951,0.73997325,0.734538,0.7282046,0.7314045,0.7335439,0.7262225,0.73465806,0.7309026,0.7353429,0.73204494,0.725407,0.7317256,0.72560704,0.7281249,0.735973,0.72971475,0.7261931,0.736235,0.7314167,0.7278647,0.72407824,0.73370224,0.7286168,0.72759026,0.73230475,0.73144567,0.72791386,0.7324752,0.73976535,0.7286383,0.74300605,0.7294111,0.7304394,0.7319287,0.7320739,0.7282467,0.73752666,0.7337778,0.7323023,0.7307387,0.7347336,0.7229363,0.7278658,0.73345417,0.7348714,0.72360116,0.7320872,0.7337862,0.72907776,0.73188895,0.72584677,0.72599655,0.7310598,0.72721267,0.7293191,0.73268425,0.73222035,0.735558,0.7317036,0.73606163,0.7365219,0.73445964,0.7349164,0.72986937,0.7278203,0.7225938,0.74052924,0.73014396,0.7304057,0.72795033,0.73145247,0.7282693,0.7382581,0.7347869,0.72481245,0.7331834,0.7340306,0.7239844,0.72918427,0.7346409,0.7304984,0.72963494,0.7313094,0.72731096,0.7285027,0.73643535,0.73030436,0.72354037,0.7328482,0.73539674,0.73157626,0.73692596,0.7291108,0.72777516,0.7419344,0.7304443,0.72236735,0.7357266,0.72963405,0.7259079,0.7221066,0.7277257,0.73542106,0.7291997,0.73157483,0.73587835,0.7311356,0.73904395,0.7272615,0.72821254,0.7296388,0.7252147,0.7369259,0.73991954,0.72046167,0.7357452,0.73110944,0.724008,0.7347439,0.73288405,0.7322687,0.7283114,0.7281751,0.7330379,0.73745733,0.7315012,0.7311942,0.74009645,0.7317946,0.7380369,0.72466487,0.7335453,0.732704,0.73038703,0.7308327,0.7212271,0.7306828,0.73089784,0.74283314,0.73202825,0.7260009,0.7411941,0.7271992,0.73757076,0.7331727,0.7269359,0.7236059,0.7346093,0.7340263,0.73081285,0.72592145,0.7265587,0.73250395,0.7336646,0.7325605,0.729674,0.7319966,0.72784144,0.73463625,0.73218614,0.7282369,0.7388943,0.7275746,0.724684,0.73121625,0.73076624,0.7316836,0.7271845,0.73867476,0.72512823,0.7286599,0.7236094,0.73249483,0.73081475,0.7380799,0.7334314,0.730912,0.7359059,0.73785836,0.72957474,0.7229644,0.7274454,0.7300979,0.7292421,0.7233767,0.7248951,0.72516376,0.73534614,0.7358803,0.7315385,0.7310827,0.7323975,0.7236066,0.73526365,0.743491,0.72845733,0.74013144,0.72223216,0.7394512,0.74957025,0.72763586,0.73788196,0.73251516,0.73516345,0.73153055,0.73468506,0.7276215,0.728546,0.7349901,0.73139447,0.73260885,0.7291618,0.72423375,0.7300323,0.72386974,0.73090875,0.7282912,0.7250226,0.72470343,0.7191143,0.7337301,0.7269293,0.7308767,0.7306794,0.737735,0.73309,0.73245287,0.7348958,0.7335268,0.72989506,0.7349897,0.73240745,0.730919,0.7383227,0.72941875,0.7256877,0.725297,0.7349014,0.73272634,0.7245473,0.7335539,0.7275551,0.7172515,0.7296038,0.7371916,0.7263699,0.7371337,0.7335165,0.7208241,0.7353408,0.73160315,0.7371399,0.7362247,0.7326674,0.73053455,0.7283323,0.7289593,0.7270892,0.7331848,0.7322862,0.7289844,0.72343606,0.7276855,0.72679996,0.72700894,0.7319933,0.72409374,0.72428435,0.7369182,0.7252418,0.7339942,0.73109925,0.72736603,0.7307907,0.73280936,0.7350108,0.72632724,0.73108464,0.73806834,0.72418076,0.7267797,0.73180705,0.7256979,0.72636133,0.73303443,0.7266722,0.72772056,0.72686124,0.7283465,0.72572833,0.7265465,0.7328413,0.72952914,0.7245575,0.7332869,0.7280329,0.72937965,0.7202582,0.73335034,0.72929275,0.7246751,0.7326996,0.73165464,0.7386305,0.7285954,0.7248386,0.727096,0.7283362,0.73205125,0.72883356,0.72380984,0.72309256,0.72866875,0.7371663,0.7330534,0.7385633,0.73029584,0.73493207,0.73382705,0.73282135,0.73903435,0.7294501,0.7289278,0.73532456,0.7329983,0.7285925,0.72295415,0.7320182,0.7339391,0.73364633,0.72605985,0.7313707,0.7329176,0.73155963,0.7287987,0.73418075,0.7327045,0.72949183,0.7323086,0.7295514,0.7351077,0.73828375,0.7276352,0.7300973,0.73310804,0.72793466,0.7298291,0.7269099,0.7288244,0.7354979,0.731484,0.72728896,0.7280009,0.7347126,0.72513735,0.7363518,0.7285054,0.7298976,0.73015624,0.7287132,0.72472125,0.7282327,0.72691166,0.72275376,0.73590505,0.7311304,0.731629,0.7389425,0.7344301,0.73360384,0.7229778,0.72772086,0.7332941,0.73030686,0.7272132,0.7314068,0.7243858,0.7330834,0.7287355,0.7286764,0.7287898,0.7398322,0.7317921,0.736569,0.7294753,0.72824484,0.73877656,0.72143495,0.73356545,0.73219603,0.7393833,0.72928476,0.7309653,0.7336292,0.7308818,0.73454684,0.73122287,0.73560023,0.7304713,0.72366244,0.7309766,0.73189306,0.7368547,0.7341833,0.7346461,0.7255719,0.72906953,0.72419536,0.7235983,0.7282152,0.7364344,0.73250467,0.73210555,0.7213731,0.7236869,0.7305389,0.7371654,0.73718524,0.7337727,0.72678936,0.7254057,0.7237297,0.72916377,0.7286636,0.7339376,0.72705513,0.7362726,0.74242926,0.7311822,0.7329664,0.7234758,0.7233565,0.7409597,0.7300489,0.7261021,0.73912406,0.72571915,0.73901236,0.73555523,0.7265958,0.73009783,0.7323295,0.7234097,0.73869497,0.7304035,0.72861356,0.7318253,0.7316583,0.72588885,0.7282003,0.7328812,0.73666734,0.72563165,0.73910874,0.7214084,0.7324994,0.7275198,0.73321956,0.7292078,0.73726183,0.73414516,0.72994566,0.7346072,0.7235217,0.72090894,0.7290079,0.741272,0.7331638,0.7354838,0.7298799,0.7268441,0.7277625,0.7258711,0.73340523,0.7344261,0.7297862,0.73580074,0.7314131,0.73469555,0.74015766,0.7262895,0.7289423,0.7314725,0.7270751,0.73442584,0.7274966,0.72567344,0.735374,0.74139446,0.7280753,0.73331416,0.73756564,0.72887623,0.7324771,0.72268766,0.7307185,0.72970927,0.73602545,0.7299455,0.7355212,0.7397391,0.73567,0.7231575,0.7323845,0.73580515,0.7334117,0.7300062,0.72770375,0.7386976,0.7281125,0.7336433,0.7321199,0.71729934,0.7323991,0.72711074,0.7312355,0.7393525,0.7348925,0.7291831,0.73075205,0.7261175,0.7254809,0.7281095,0.72935075,0.7296625,0.7264167,0.73115927,0.74024546,0.7334247,0.7335484,0.71664613,0.7241131,0.7342189,0.7225619,0.729682,0.72943884,0.73687005,0.72958976,0.72571856,0.73815185,0.73115116,0.7269354,0.7293539,0.72987723,0.72813344,0.7284458,0.729394,0.73688626,0.7282382,0.7298261,0.7288905,0.7211807,0.7185203,0.73127073,0.733829,0.7236332,0.73145103,0.73054665,0.72690344,0.73038626,0.7311861,0.7287646,0.73869026,0.739259,0.729566,0.72802997,0.73147285,0.71889955,0.7332152,0.72697115,0.7355405,0.73121214,0.7307591,0.7254427,0.7335529,0.72666115,0.7242827,0.7274767,0.73209566,0.7411344,0.7342104,0.727221,0.7290348,0.7298445,0.7223722,0.7255625,0.7260083,0.7302555,0.73059577,0.73040986,0.7257674,0.7323171,0.7317247,0.7307695,0.73640555,0.73022604,0.7272702,0.7327937,0.7374437,0.7338759,0.7406754,0.72350544,0.73050445,0.7346413,0.72458494,0.719494,0.7283978,0.73230964,0.7292297,0.7246945,0.7262419,0.72617626,0.7251166,0.728313,0.72919154,0.73232496,0.73271555,0.7271376,0.732997,0.72839075,0.7224696,0.73992157,0.7290123,0.73333794,0.7336267,0.7366969,0.72794574,0.7291953,0.7336024,0.73147047,0.7241715,0.72568196,0.73677933,0.7322213,0.71718204,0.7338778,0.73115927,0.7258111,0.7318051,0.73535734,0.7365612,0.73438907,0.7261555,0.7346751,0.72455925,0.7294467,0.73244876,0.7336187,0.7304462,0.73429555,0.7345645,0.7298397,0.73574895,0.7410184,0.7365839,0.73553634,0.72782177,0.7370165,0.72927135,0.72630626,0.73225266,0.73129255,0.72518134,0.7256241,0.7284163,0.7348671,0.7228196,0.72728485,0.7326822,0.72271323,0.7268049,0.7355965,0.73509914,0.7243973,0.7271867,0.7324943,0.73133457,0.7299646,0.73113346,0.73620945,0.7278989,0.7329846,0.7264961,0.7382316,0.7293347,0.7327824,0.72856677,0.7255275,0.733685,0.72735333,0.7263813,0.72594404,0.7298135,0.72537977,0.73026955,0.7315728,0.72747105,0.7311248,0.7339668,0.7381046,0.7274855,0.72984797,0.7308305,0.7357857,0.7260973,0.7256872,0.732444,0.7251779,0.7341555,0.7229986,0.7325818,0.7252276,0.72220874,0.7332588,0.731366,0.72060144,0.7316447,0.7336778,0.7298605,0.72557807,0.73228157,0.7256991,0.73276633,0.73406893,0.72570103,0.7371896,0.73191935,0.72692704,0.7205076,0.7334905,0.7282295,0.7313334,0.735342,0.73443925,0.72125125,0.727131,0.7289817,0.73118716,0.73488575,0.7374494,0.7266984,0.7313469,0.7242108,0.73300457,0.7339449,0.7304759,0.72947115,0.7334831,0.7282734,0.72867006,0.73420066,0.734608,0.735697,0.7328297,0.731889,0.7308972,0.7350279,0.7286216,0.7388911,0.7268364,0.7273233,0.72242475,0.72548115,0.7347177,0.73124707,0.73192585,0.7235922,0.7302052,0.7317613,0.7376748,0.72989714,0.7332954,0.729194,0.7277379,0.72747785,0.7261247,0.72822714,0.72569066,0.72998756,0.7315241,0.7361254,0.7390657,0.7293421,0.73583144,0.7289425,0.7218258,0.7271371,0.73755324,0.72364897,0.7288328,0.73294204,0.7191185,0.7241917,0.73780084,0.7294578,0.7250551,0.7318876,0.7316039,0.7351791,0.7326811,0.73400223,0.725683,0.7289369,0.72949463,0.73083645,0.7294741,0.73231906,0.73169875,0.7338951,0.72527283,0.7350996,0.7350804,0.7283605,0.7229869,0.7316827,0.7405362,0.72554445,0.734949
0.83371407,0.83462685,0.83167636,0.82658,0.8376224,0.8413701,0.8330276,0.8344987,0.846605,0.83122545,0.8460759,0.8413585,0.84275234,0.8327831,0.8502377,0.83454645,0.8363741,0.84963566,0.8373488,0.8316054,0.83002084,0.83858204,0.834299,0.834632,0.82852143,0.83665264,0.8394291,0.8414782,0.84613264,0.8374001,0.837119,0.8359443,0.8395482,0.8295814,0.83240354,0.83703655,0.8407825,0.84470993,0.83883595,0.83765286,0.8360589,0.8367587,0.8379495,0.8309639,0.8361223,0.8362553,0.83721167,0.8327986,0.8361471,0.8289191,0.8439223,0.8373613,0.8351573,0.8394148,0.835305,0.8344178,0.83252513,0.8352812,0.8318628,0.8370499,0.84554666,0.8293222,0.8317275,0.8322633,0.84173906,0.8372944,0.8312102,0.84802914,0.8456289,0.83920395,0.8363802,0.83482,0.83669883,0.8377475,0.8491051,0.84022176,0.8439549,0.83931434,0.8328229,0.8350732,0.84005076,0.8327335,0.83334494,0.842995,0.831896,0.8382782,0.84129655,0.83038414,0.8399323,0.8366949,0.83762866,0.8337008,0.83190614,0.835051,0.84833664,0.8388262,0.833147,0.84062546,0.8334088,0.8479481,0.839327,0.8390317,0.8338891,0.83807296,0.8339647,0.8544053,0.8286793,0.8411517,0.8353649,0.8416971,0.8239432,0.83931404,0.84373415,0.8341366,0.83666974,0.84110296,0.8397692,0.8377257,0.83463675,0.8391615,0.8474569,0.834326,0.8432155,0.8370926,0.8345464,0.8260643,0.83754855,0.84539336,0.83544993,0.8378366,0.83798337,0.83613455,0.8430147,0.83475,0.8357424,0.8370013,0.83580464,0.84064186,0.8333779,0.83362603,0.83391434,0.8397553,0.8331445,0.8444653,0.834215,0.83256984,0.8389583,0.8288498,0.8389375,0.832905,0.84003484,0.83826655,0.8442882,0.82846224,0.83288807,0.83327323,0.84387344,0.83386606,0.8367655,0.8434574,0.8355269,0.8270466,0.8365742,0.832805,0.8347788,0.8383381,0.845118,0.8388426,0.83043224,0.84025,0.83421427,0.839555,0.83906007,0.84277624,0.84086186,0.83906937,0.83744144,0.832239,0.8354755,0.83447784,0.8429201,0.8404588,0.8385999,0.84156483,0.8384453,0.82680035,0.8351283,0.83436304,0.83826506,0.82449216,0.83605283,0.8406911,0.83448726,0.8451921,0.83322287,0.83521044,0.8379776,0.82963926,0.83731997,0.8321164,0.8419626,0.8334238,0.84110427,0.8436907,0.8315982,0.82695335,0.8372233,0.83954847,0.83604634,0.8366256,0.8397383,0.84489024,0.8422805,0.8411329,0.83418345,0.83593357,0.8405478,0.8331909,0.8375364,0.8453812,0.83166677,0.8392542,0.8407087,0.8380861,0.8363551,0.83518595,0.8357645,0.84109515,0.83730775,0.8426771,0.83642894,0.84034663,0.84070647,0.83592653,0.83155173,0.83189327,0.83201534,0.83443433,0.8370195,0.83751786,0.83098984,0.8291999,0.8366608,0.84091336,0.83246976,0.8333858,0.8343087,0.8423653,0.83564013,0.8374098,0.8386587,0.83736604,0.8260694,0.8358131,0.83000827,0.8384319,0.8284106,0.84008163,0.8340909,0.8353176,0.84149826,0.83487564,0.8279721,0.8373038,0.8412841,0.8403873,0.8427887,0.84272957,0.83385026,0.8339984,0.8457428,0.8321579,0.8415242,0.83753437,0.83820045,0.83961314,0.84525084,0.83364856,0.8268997,0.84036946,0.8358483,0.8402198,0.83986646,0.8281013,0.84255564,0.82665014,0.8346207,0.83808947,0.8396285,0.8383591,0.84416443,0.83956236,0.84057367,0.830382,0.84195143,0.8391288,0.8399633,0.8367976,0.83794576,0.8431346,0.83122337,0.8468809,0.83194995,0.8294955,0.82527316,0.84313726,0.83576095,0.8421465,0.8360472,0.8350613,0.8352484,0.8348597,0.84134364,0.8322643,0.83849263,0.8338875,0.8335508,0.83859974,0.8320213,0.8394416,0.8460047,0.83977515,0.8281745,0.8347319,0.8372365,0.8436164,0.83551735,0.8395413,0.83181727,0.848642,0.84300345,0.8436462,0.8309669,0.8374742,0.83293515,0.83806384,0.8426538,0.84247035,0.8383981,0.835993,0.8409802,0.8391895,0.82867664,0.8352633,0.8396868,0.8378044,0.8371897,0.83365136,0.8380754,0.8391603,0.8386784,0.83426476,0.8392859,0.8336256,0.8368593,0.8364088,0.8482385,0.8293147,0.8354744,0.8276847,0.83500373,0.84184754,0.8266835,0.83176875,0.8389397,0.8382217,0.83533835,0.8354189,0.8322206,0.8413484,0.8392278,0.84172565,0.8441772,0.8453,0.8381152,0.8389878,0.83911115,0.84783983,0.8400814,0.8312158,0.8368953,0.84523344,0.8383723,0.8471223,0.833087,0.834684,0.8359295,0.8335948,0.8309381,0.8326481,0.84235454,0.8388552,0.8369206,0.8310603,0.8337382,0.8340499,0.83103764,0.8360035,0.8420183,0.84094584,0.84048605,0.83349955,0.84383464,0.8441932,0.84315056,0.84112835,0.8392318,0.83988464,0.83803594,0.84401834,0.84220535,0.8398041,0.8317957,0.8396199,0.8364319,0.8415466,0.8384605,0.8429214,0.83576745,0.8315041,0.8417885,0.842949,0.83756304,0.8340825,0.84037626,0.83404815,0.83735627,0.8281258,0.83586174,0.8424201,0.8392629,0.8404804,0.83449805,0.8414528,0.8462504,0.8421627,0.83458567,0.8360288,0.8353922,0.8372529,0.84374493,0.8447485,0.84318775,0.8362566,0.8341225,0.82352716,0.8379763,0.8405563,0.83117557,0.84359515,0.83217674,0.837887,0.83726025,0.8352822,0.8353422,0.8265042,0.8314755,0.83282304,0.8277788,0.8367509,0.8317877,0.83155346,0.8346271,0.8426187,0.83917755,0.8372674,0.83843714,0.841042,0.8332031,0.83888006,0.83599174,0.83049035,0.83698285,0.83591664,0.8353949,0.8390974,0.83550036,0.84588194,0.83591396,0.83241343,0.8385694,0.8381361,0.8280626,0.84254104,0.84074277,0.83878803,0.8367296,0.83643854,0.8386688,0.8348611,0.8306133,0.8436815,0.8313444,0.8382363,0.8360454,0.8401147,0.8441446,0.8322554,0.830594,0.83883303,0.835112,0.83755827,0.8291779,0.84678954,0.83968884,0.8363242,0.8411965,0.8381075,0.8330532,0.840481,0.8410124,0.8378854,0.8329051,0.8415709,0.8441151,0.8422229,0.8415122,0.83729416,0.8403808,0.83437103,0.8403626,0.835827,0.82848805,0.8338292,0.8362619,0.83687747,0.8419573,0.8376251,0.8411182,0.8355105,0.83956146,0.84102243,0.83739465,0.83535856,0.83698416,0.835348,0.8394284,0.8443745,0.82720286,0.8408134,0.8309786,0.84191126,0.8312496,0.8384223,0.84096134,0.84130514,0.837432,0.83509773,0.8384122,0.8414035,0.84103996,0.83451736,0.8363787,0.84373057,0.83735144,0.84118754,0.83162034,0.8386781,0.8366445,0.83223647,0.8330606,0.83004653,0.83261484,0.8420396,0.83810997,0.84029734,0.83134973,0.8453538,0.83737123,0.8330894,0.84623826,0.8384682,0.8396475,0.8375857,0.83684844,0.8399644,0.83277005,0.8317642,0.84158427,0.84063864,0.8450004,0.83942056,0.8369147,0.8337774,0.8375502,0.8305372,0.8352575,0.822482,0.8384969,0.83487713,0.8386274,0.841069,0.84216225,0.83974147,0.8409816,0.8363252,0.8284389,0.8324074,0.8457262,0.8371091,0.8445038,0.8404811,0.8372275,0.83001107,0.83797723,0.8417108,0.8413233,0.8399158,0.84075546,0.83149874,0.8462639,0.8411697,0.8407256,0.8275094,0.83745253,0.838813,0.8403791,0.84204775,0.83786005,0.8353992,0.8419536,0.8308454,0.8324356,0.8388439,0.8275189,0.83809173,0.83950377,0.8331528,0.84163153,0.84155965,0.84274256,0.84087837,0.8487288,0.8303776,0.83484346,0.83527625,0.8335117,0.83408225,0.8388574,0.8452941,0.84180665,0.83533424,0.8365994,0.8388124,0.83458763,0.8362389,0.8327427,0.8332363,0.8405695,0.83645153,0.8354203,0.8381986,0.83562416,0.8373257,0.8379591,0.84355414,0.8406264,0.83772516,0.8450043,0.8415308,0.8359968,0.8391519,0.843248,0.83963156,0.8377531,0.8439105,0.8219224,0.8472061,0.83350015,0.83798754,0.8413883,0.8379252,0.8356852,0.8377676,0.8330217,0.8401975,0.83829343,0.83147913,0.8355315,0.83871174,0.83880806,0.8418962,0.8367434,0.8439454,0.84821534,0.8390158,0.8373975,0.85194635,0.83134735,0.8426127,0.8440642,0.8309469,0.83328307,0.8364323,0.8295112,0.8328796,0.84231305,0.84402835,0.8310279,0.84071404,0.8408868,0.8343416,0.82969433,0.82532734,0.83885694,0.8312577,0.841633,0.83503693,0.8338224,0.83699363,0.83631593,0.83636695,0.83374405,0.8316236,0.8388007,0.83859664,0.83529633,0.84214807,0.8358801,0.8421399,0.8378562,0.83839506,0.8413287,0.83378386,0.84043914,0.8388407,0.83714044,0.83423996,0.8296097,0.82907736,0.8343767,0.8375718,0.8367124,0.8364426,0.83298063,0.84387845,0.8271516,0.8218083,0.8394671,0.8429322,0.8403334,0.8268092,0.84567183,0.8319509,0.8379268,0.8400659,0.82806087,0.8415364,0.8289468,0.82881325,0.84259593,0.83861214,0.83861846,0.8470283,0.8354189,0.83968675,0.8376962,0.8461316,0.83166,0.8369748,0.83449984,0.8432776,0.8391908,0.8332123,0.8341443,0.83829725,0.8288418,0.838997,0.83493483,0.8450389,0.84313416,0.834526,0.83816904,0.8406148,0.84184766,0.8318599,0.85190636,0.85044056,0.8379443,0.83427155,0.83875537,0.8412659,0.8397561,0.83178455,0.8413669,0.8464618,0.84006643,0.8390647,0.82499003,0.8479904,0.8381751,0.830772,0.8369455,0.8375718,0.8276362,0.84017557,0.84229827,0.83912516,0.84993005,0.8326437,0.8425189,0.84388864,0.8310615,0.8339745,0.8289677,0.84630316,0.8348195,0.83136237,0.83639425,0.8388334,0.83755165,0.8345351,0.848196,0.8421398,0.844724,0.83571565,0.8411455,0.8387612,0.8345287,0.8334541,0.83553046,0.8399081,0.8387543,0.83734703,0.8386154,0.8445847,0.8355131,0.8413127,0.84597623,0.8404107,0.8367911,0.8433814,0.83283156,0.83662444,0.84728074,0.8458236,0.8371773,0.8463289,0.83659434,0.84098464,0.83216745,0.83431613,0.84357065,0.84127325,0.84503865,0.83303016,0.8331107,0.8419137,0.83968794,0.8352051,0.84455323,0.82859606,0.83228815,0.84022653,0.8352891,0.83819103,0.8406153,0.8363981,0.83736444,0.8333285,0.83982676,0.8389327,0.8403605,0.83621335,0.8453066,0.84099156,0.8302595,0.8367306,0.84289396,0.8409174,0.83722454,0.84861416,0.8312051,0.8320743,0.8398541,0.8295032,0.841025,0.8374114,0.84137535,0.83140993,0.8325543,0.8416918,0.8344093,0.8388203,0.83387136,0.83876705,0.8383671,0.8349142,0.83489066,0.83560807,0.83964384,0.8359213,0.83981895,0.8420502,0.8336031,0.8407906,0.83786553,0.8356781,0.83405334,0.83597535,0.83589935,0.83451355,0.8367279,0.83355993,0.8370855,0.8356543,0.83772284,0.8274921,0.83813566,0.8365261,0.8385012,0.843311,0.84337,0.8396125,0.8352538,0.840577,0.8308152,0.83010286,0.8353985,0.83921736,0.83793885,0.8314694,0.8353205,0.84397167,0.8443603,0.8305953,0.83286786,0.8351134,0.8386973,0.8372426,0.8420876,0.8346458,0.8405868,0.8384592,0.83980125,0.8404517,0.8357071,0.8376056,0.85185206,0.84495497,0.83301497,0.8283887,0.8398714,0.8406417,0.8352927,0.831143,0.83787274,0.8343582,0.83296615,0.83734953,0.8421341,0.83589303,0.8376001,0.839436,0.8429786,0.8392533,0.82902557,0.8452269,0.8371205,0.8344027,0.8425355,0.8370874,0.84418845,0.8436218,0.837234,0.83553684,0.8312933,0.84887207,0.8266328,0.84714854,0.83845705,0.8344129,0.8464968,0.83664954,0.83289033,0.83950335,0.8391494,0.8348364,0.8356794,0.8337754,0.83744717,0.84375644,0.8415452,0.83816,0.83187264,0.83614403,0.8373906,0.83787704,0.8386642,0.8433701,0.84070987,0.8383958,0.83304316,0.8406804,0.84033114,0.8359033,0.8306276,0.8382337,0.83633405,0.8377286
0.63287115,0.6291974,0.6277539,0.6258734,0.63638765,0.6357117,0.6317159,0.6269061,0.63993615,0.62427336,0.6384037,0.63127077,0.63992953,0.62326896,0.6413815,0.6300771,0.63255215,0.6356827,0.6295027,0.6331374,0.6307165,0.6315782,0.6328211,0.62718016,0.6253667,0.6405744,0.6329376,0.6417317,0.64208806,0.629947,0.62997234,0.63458383,0.6351331,0.631886,0.63078207,0.6279197,0.6406386,0.64114624,0.63791025,0.62817484,0.63007784,0.6362702,0.6371451,0.62331694,0.62808067,0.6348023,0.6308936,0.6359617,0.62997675,0.6287414,0.63363814,0.6408876,0.62845576,0.63905984,0.62695676,0.6355239,0.6321824,0.62199837,0.6259713,0.6391385,0.639655,0.62001294,0.62991506,0.62750757,0.6358363,0.6388032,0.6307647,0.63610375,0.6439519,0.6387355,0.6385859,0.63404083,0.6319824,0.6308585,0.63939196,0.6364985,0.6386011,0.63590246,0.63572705,0.6306174,0.6320404,0.6374395,0.6337126,0.641298,0.6310472,0.6277367,0.6380975,0.63803995,0.63168603,0.63305163,0.6351266,0.6338096,0.63141096,0.6305082,0.63988227,0.6390014,0.6344408,0.64050454,0.6299681,0.64767826,0.63885784,0.6376792,0.63534117,0.62982804,0.62470883,0.64574516,0.62786996,0.63179183,0.6287874,0.6318549,0.6260206,0.6441645,0.6336611,0.62663186,0.6348083,0.6303842,0.63421744,0.63364035,0.6371654,0.64283454,0.6454193,0.62734926,0.63313866,0.6337429,0.6300439,0.62352234,0.6311332,0.6373345,0.6354687,0.6352317,0.6374028,0.6294744,0.63544166,0.63552415,0.6343712,0.63511664,0.628941,0.6370731,0.6351588,0.62832874,0.634224,0.6331074,0.635418,0.6335469,0.63564086,0.62929684,0.642378,0.62810004,0.640641,0.63172764,0.6283521,0.6336108,0.6409897,0.63484067,0.63774365,0.6206389,0.6407151,0.625167,0.6321286,0.63467455,0.6265027,0.6271802,0.634116,0.6287091,0.63439965,0.63027877,0.64139014,0.6271326,0.6315936,0.6334345,0.6301996,0.6333302,0.6288018,0.633366,0.6343338,0.63311064,0.6401941,0.63401794,0.6275252,0.6349199,0.6351452,0.63499665,0.6315277,0.63144743,0.6340649,0.6289444,0.63369256,0.63752764,0.6361939,0.6289448,0.6338441,0.6337819,0.6381666,0.6354875,0.624434,0.62496996,0.62909335,0.63063896,0.632904,0.63252693,0.6410887,0.6274264,0.63015133,0.6372027,0.6345702,0.6265568,0.63023055,0.6410598,0.6338064,0.6346677,0.6397919,0.64263594,0.6417589,0.6339532,0.6292754,0.6338982,0.6355262,0.6250529,0.6335665,0.6344774,0.62825483,0.6345587,0.6347101,0.6245387,0.64054364,0.6411651,0.63477165,0.64017254,0.628382,0.63502455,0.63212967,0.63425595,0.6313569,0.6294218,0.62905467,0.6298654,0.63684297,0.62908226,0.62432736,0.6301619,0.6266409,0.6313386,0.6352744,0.640684,0.6240633,0.6337865,0.62690145,0.6395642,0.6398681,0.63250834,0.62921333,0.63037217,0.62959677,0.6358686,0.6259041,0.63045037,0.6322656,0.6354485,0.6346961,0.6407278,0.6410783,0.62651944,0.6305827,0.6304199,0.63467556,0.63193756,0.6391967,0.6318677,0.6288611,0.6360581,0.6414378,0.6372701,0.6357339,0.6314886,0.6402276,0.6402008,0.64053774,0.628897,0.619536,0.6390441,0.63235646,0.6309948,0.6307586,0.63148636,0.6439848,0.6332407,0.63037056,0.6325879,0.6401052,0.6403673,0.6368159,0.62785745,0.6361032,0.62362236,0.6355766,0.63653105,0.643742,0.62667805,0.6338373,0.63426244,0.630533,0.6478098,0.6295704,0.63133204,0.62537336,0.6356275,0.63636315,0.63496536,0.6315184,0.6407208,0.6368845,0.6354275,0.62991166,0.6266969,0.63493747,0.6296581,0.636861,0.63617986,0.6306547,0.6351134,0.6361491,0.62323755,0.63028324,0.6372929,0.6351235,0.63946307,0.62430215,0.6429044,0.6280324,0.63827413,0.6348749,0.6384986,0.6282016,0.62907606,0.62771285,0.6303254,0.6180384,0.63926333,0.6311511,0.63844687,0.63573337,0.6322418,0.62321526,0.6291545,0.6331582,0.6260826,0.6313167,0.63357276,0.6384281,0.63715374,0.6378436,0.6315449,0.63204074,0.62827116,0.63286823,0.63251865,0.6430727,0.6283367,0.6298276,0.6280022,0.63398,0.6429459,0.62466115,0.62809896,0.63714004,0.6362181,0.6316673,0.6275147,0.6363987,0.6338242,0.6273103,0.6356802,0.6384455,0.6416961,0.6310945,0.6292286,0.64230543,0.6375752,0.6381278,0.63036174,0.6343831,0.647663,0.6331389,0.6411132,0.6329496,0.6362758,0.6327551,0.6313555,0.6307186,0.63214463,0.633606,0.6313764,0.6349905,0.6385954,0.63692355,0.6336482,0.6276645,0.6337165,0.6402742,0.6319029,0.634898,0.6332047,0.63687783,0.63216406,0.6406071,0.6328713,0.6380245,0.6376463,0.63256216,0.6420955,0.63389957,0.6302557,0.63087445,0.63552,0.63237226,0.6386345,0.636231,0.6366038,0.6306847,0.6328657,0.6292544,0.6305035,0.6341562,0.6310682,0.6362923,0.63565946,0.6296105,0.629762,0.62899065,0.64132106,0.634749,0.63536936,0.63099587,0.6341447,0.6315769,0.63504666,0.634678,0.62756133,0.6306225,0.63013095,0.63543487,0.639265,0.6309103,0.6347225,0.631328,0.6236308,0.6291857,0.63359076,0.6368697,0.64402014,0.6367655,0.6319959,0.6307616,0.6317127,0.62258786,0.6266759,0.63569325,0.6301725,0.6253035,0.630873,0.63042814,0.6340957,0.63027364,0.6348235,0.6378409,0.6379824,0.6306544,0.6305585,0.6285449,0.6349205,0.6339334,0.62753165,0.634225,0.6335525,0.6348202,0.6339208,0.6326686,0.64233273,0.63284206,0.6311002,0.6273588,0.6360426,0.6285025,0.6352897,0.6332165,0.6348964,0.631237,0.63892096,0.6395778,0.63135445,0.6291254,0.6342384,0.6326612,0.6345183,0.6317643,0.63979095,0.63648385,0.62905943,0.6428607,0.6288721,0.6237587,0.63281727,0.63067985,0.6417506,0.6367587,0.62956685,0.6395447,0.6384644,0.63065183,0.63819206,0.6381953,0.635327,0.6368789,0.6384848,0.6351948,0.6374378,0.64346355,0.6373032,0.63949573,0.6329469,0.6355207,0.6269094,0.633613,0.6352823,0.63763195,0.637441,0.6365521,0.6388878,0.6368268,0.6295491,0.630035,0.63722324,0.63620514,0.63149285,0.6381764,0.630164,0.631932,0.6410971,0.6284863,0.6385437,0.6287422,0.6277623,0.6378384,0.6318182,0.6348239,0.63468695,0.6368837,0.6360607,0.6375467,0.63459647,0.6285765,0.64085984,0.62573975,0.6390903,0.62884945,0.6399875,0.6323748,0.6384057,0.6315604,0.63280845,0.63804203,0.6281273,0.62551963,0.64201516,0.6361998,0.64746624,0.6393694,0.6408435,0.63578147,0.6300263,0.64363253,0.63150334,0.6375076,0.6332517,0.6323125,0.63833797,0.6281461,0.62614954,0.6377171,0.6335383,0.6406775,0.6342272,0.6379931,0.63777375,0.6282947,0.63307685,0.6295562,0.63064456,0.6294836,0.63449377,0.63176996,0.63959664,0.63021153,0.6287484,0.63968176,0.6316541,0.62250453,0.6282352,0.63951635,0.62481457,0.6345764,0.63249445,0.6293723,0.62779915,0.63409984,0.6361342,0.6378147,0.62836087,0.6302389,0.63865775,0.6397759,0.63924736,0.6334703,0.6285266,0.6319147,0.6319485,0.6290512,0.6396185,0.6343432,0.6357201,0.6432845,0.63203025,0.6335491,0.6330922,0.63648224,0.63359374,0.63224006,0.6357953,0.6325,0.6400052,0.63639027,0.63691366,0.64240074,0.63180375,0.63723403,0.6262042,0.63132644,0.63382554,0.6276664,0.636656,0.63679045,0.6324448,0.634857,0.63429856,0.6302676,0.6319398,0.63335955,0.6348089,0.635873,0.6379961,0.6252566,0.6293332,0.6350861,0.63479936,0.62761176,0.6456162,0.6405392,0.6431796,0.6449684,0.637231,0.631272,0.6394848,0.63189185,0.63342196,0.6373373,0.6375202,0.62833697,0.6387663,0.6314068,0.6358175,0.63382584,0.63765264,0.63290745,0.6309453,0.6233234,0.63230157,0.6355341,0.6310045,0.63407284,0.63369375,0.63541514,0.63428915,0.6359457,0.64238507,0.6373372,0.63300955,0.6368365,0.6401546,0.63504124,0.637388,0.6354991,0.6306095,0.63520193,0.6292621,0.63062483,0.6328676,0.64123094,0.6321905,0.6249995,0.63230103,0.6387956,0.6397945,0.62724805,0.63304913,0.6312082,0.638512,0.63674915,0.63334215,0.63120383,0.63611877,0.6339748,0.6345311,0.62659085,0.63233286,0.6373232,0.632703,0.63389844,0.63194114,0.63071585,0.63386345,0.62892205,0.64340323,0.6401998,0.62797713,0.6383819,0.63600147,0.6279295,0.6324073,0.6241583,0.631417,0.6361486,0.63536006,0.62677974,0.62394303,0.6278291,0.6389466,0.63000953,0.6266924,0.6329942,0.63210845,0.63618386,0.63276863,0.6456356,0.6351744,0.6409582,0.641106,0.635597,0.6340265,0.62517715,0.6250909,0.6325765,0.63269794,0.63949096,0.6352151,0.6314154,0.641,0.6441887,0.6441618,0.6237824,0.6300604,0.6266922,0.640145,0.63891995,0.63128006,0.62859315,0.63822633,0.626366,0.63606197,0.6324794,0.63893455,0.63892585,0.634028,0.63761836,0.6313518,0.6332832,0.63425773,0.6483576,0.63929904,0.630849,0.6270649,0.6313767,0.6393798,0.6408343,0.6290381,0.63760793,0.6396785,0.6319394,0.6317863,0.63450015,0.6422458,0.6286713,0.6274229,0.6350566,0.6330553,0.6205056,0.6329594,0.63407594,0.6333835,0.6373296,0.62703377,0.6422743,0.6315559,0.6324417,0.6293052,0.6275238,0.6377718,0.63368493,0.6331245,0.6336541,0.63688725,0.6356926,0.6349403,0.6451562,0.6367896,0.6416993,0.6313502,0.6296336,0.63769054,0.637993,0.62647873,0.63453555,0.62961876,0.6377789,0.629943,0.6309673,0.6328783,0.6314196,0.63596535,0.64073116,0.6309826,0.63213557,0.63336086,0.6252274,0.62780684,0.6426575,0.6452517,0.63869077,0.63525856,0.635468,0.6381997,0.6331833,0.6340193,0.6351971,0.6328641,0.6346171,0.6327755,0.6231328,0.6389866,0.63605046,0.6241655,0.629875,0.62921226,0.6351342,0.6377922,0.63239664,0.6329852,0.63978904,0.6342111,0.6317121,0.627423,0.6294109,0.63399017,0.6368738,0.6343594,0.6408187,0.63212526,0.6277908,0.64044005,0.63013357,0.6314562,0.63549596,0.6469213,0.63073343,0.63183486,0.63473636,0.6230144,0.6372477,0.6319323,0.634177,0.6290895,0.62919784,0.63896036,0.6254632,0.62899226,0.6312536,0.64164144,0.6304093,0.6281792,0.6310347,0.6331983,0.62999,0.6262787,0.6332353,0.63269097,0.6233901,0.6294214,0.63124144,0.62828386,0.624127,0.63763595,0.62979823,0.6358974,0.6289061,0.63243854,0.63198423,0.6278742,0.6333762,0.63472044,0.6271069,0.6311956,0.6371079,0.6405356,0.64553165,0.63732946,0.6310479,0.6319814,0.6288067,0.6339692,0.6350984,0.6329712,0.6219673,0.6327525,0.63012177,0.6408619,0.6368838,0.6227221,0.6293636,0.63277316,0.6344809,0.63891524,0.6369099,0.63334715,0.6351646,0.6408908,0.63559884,0.63139975,0.6294006,0.63711566,0.64041865,0.6378839,0.636249,0.62631744,0.6344946,0.6300261,0.6267413,0.63048166,0.6285184,0.63565904,0.6319,0.6295802,0.6327649,0.62883997,0.6340155,0.6323144,0.6371288,0.62676144,0.63562906,0.6318054,0.6413281,0.6330165,0.63955134,0.6306382,0.64057744,0.6405096,0.63262266,0.6416892,0.63561916,0.63435525,0.6311776,0.6415445,0.6365937,0.63529813,0.638072,0.6338382,0.6293464,0.6336773,0.63114715,0.62728995,0.6338809,0.6316828,0.6290396,0.6397297,0.6380804,0.6237291,0.6358826,0.6407536,0.62973535,0.62896574,0.63421607,0.63701075,0.6364854,0.6330949,0.64102685,0.6346979,0.63035667,0.6336964,0.6411596,0.6430608,0.63413966,0.6316866
0.041417476,0.045045696,0.04550173,0.044648103,0.035172857,0.044939227,0.037779175,0.041648187,0.05022788,0.046442013,0.05020331,0.034708172,0.044716332,0.046271894,0.04432631,0.046175376,0.045713503,0.043995198,0.04285452,0.041821755,0.04626942,0.04605794,0.04198214,0.037470613,0.042998962,0.041866496,0.033684485,0.049869794,0.038570877,0.030682163,0.044260576,0.042654276,0.03692966,0.037933327,0.03877481,0.05522448,0.045630917,0.043859813,0.04292039,0.041434586,0.057991154,0.044907507,0.03383476,0.042072404,0.047932222,0.044837806,0.044253945,0.04120462,0.042706117,0.04611394,0.036074523,0.047918238,0.04314817,0.043658018,0.042877723,0.050887145,0.04578337,0.04803158,0.038967196,0.05422457,0.037115168,0.0427743,0.04359054,0.055673108,0.03886853,0.03619656,0.032739386,0.03924377,0.039804783,0.043191813,0.043191426,0.04573623,0.04005871,0.045671884,0.041096006,0.0399486,0.04480083,0.03873123,0.04535989,0.039049987,0.040936716,0.04933757,0.04010036,0.048985176,0.044708356,0.041186802,0.043498553,0.047310904,0.040995598,0.04052787,0.038675345,0.04385983,0.048626367,0.035495948,0.048664078,0.0489341,0.039246753,0.041318763,0.0462104,0.05000803,0.037795328,0.03642708,0.045706034,0.0388016,0.03611036,0.03924542,0.049515158,0.037715517,0.0405943,0.04047951,0.045000326,0.045240052,0.042168483,0.044812836,0.049655817,0.042581916,0.048872605,0.048544046,0.05088119,0.04816529,0.040267996,0.031582158,0.037352346,0.04363846,0.040501125,0.03663542,0.04963003,0.042298835,0.055989787,0.03442374,0.046958208,0.039953172,0.037618034,0.038246557,0.03462015,0.039291967,0.045486756,0.05032609,0.038795065,0.04554659,0.05523521,0.046275858,0.040060073,0.037146796,0.047673907,0.046156228,0.04888236,0.035753407,0.0414048,0.04271832,0.04310403,0.04048866,0.0507134,0.041559406,0.04405447,0.035452735,0.039806366,0.04142074,0.028588766,0.039513465,0.034666114,0.048384,0.04411723,0.043673895,0.045951918,0.041459337,0.042589143,0.039621696,0.043250427,0.043325145,0.048236024,0.040859085,0.04431549,0.044532508,0.039675735,0.046076924,0.045480587,0.042062476,0.043826893,0.04790815,0.046110615,0.043816745,0.049716078,0.03838935,0.042644862,0.052364875,0.035248622,0.046912845,0.053423103,0.051765315,0.03879445,0.052464053,0.03931334,0.033787698,0.041034948,0.045866802,0.042371374,0.048084773,0.04285202,0.05117047,0.04483883,0.046759386,0.039427586,0.0435649,0.047955927,0.048083134,0.03842253,0.04697673,0.04078547,0.045201294,0.04339963,0.035949633,0.039644934,0.037930693,0.046103716,0.040963,0.030480737,0.055594113,0.057186093,0.033883136,0.04506547,0.045493823,0.0373191,0.03730633,0.03655234,0.04382436,0.04153862,0.046415396,0.042703815,0.04468865,0.038855255,0.032705367,0.044189394,0.039348558,0.049874097,0.042435385,0.04248174,0.04069361,0.04692412,0.04032231,0.049985245,0.037828196,0.05098352,0.045753874,0.04517791,0.050196763,0.0493484,0.03448394,0.045025818,0.04238414,0.037245378,0.049220994,0.04741676,0.047919206,0.049038537,0.044172447,0.040848028,0.051052786,0.044832848,0.04022281,0.03848779,0.032075405,0.03596094,0.04619992,0.03768939,0.0390659,0.035829734,0.037113007,0.042112842,0.046081193,0.038520463,0.04019358,0.04079485,0.046378672,0.034199554,0.041612912,0.043345287,0.04247226,0.034595333,0.04392533,0.047725886,0.042939864,0.042334333,0.046692215,0.04721709,0.056742318,0.04096045,0.039107658,0.048440542,0.04285077,0.04408047,0.04998939,0.04355211,0.042275906,0.037953954,0.039908525,0.03779254,0.044700187,0.042515744,0.04446546,0.04240399,0.05163793,0.04505606,0.04821513,0.045435727,0.040839516,0.04843069,0.04589988,0.045879826,0.04932045,0.04323472,0.043907724,0.036003154,0.05282817,0.042578064,0.037223697,0.0421395,0.038498055,0.044378553,0.037243135,0.051504046,0.043696858,0.04043038,0.04452753,0.044538554,0.055550113,0.04252109,0.051146034,0.04296675,0.039170586,0.041997667,0.048841476,0.045570586,0.043863144,0.049441285,0.046407975,0.04291306,0.04365642,0.040502302,0.03618993,0.041179158,0.04352233,0.051038433,0.038163617,0.04487647,0.034989014,0.04616158,0.042338114,0.043795977,0.037347898,0.046964448,0.04547151,0.042074107,0.04706843,0.04539567,0.046594527,0.040531322,0.043174095,0.0427741,0.039446443,0.041369732,0.033763807,0.040702567,0.044086277,0.046990316,0.047386013,0.050514285,0.045161,0.050849352,0.049807373,0.046211068,0.04045368,0.04436325,0.044517938,0.035744928,0.0540576,0.047078528,0.048222356,0.05915289,0.043793216,0.04704531,0.051358007,0.048543707,0.04279929,0.050570715,0.04932285,0.04147669,0.039776996,0.051063508,0.037718803,0.0380566,0.043072503,0.04884195,0.047013056,0.046189405,0.042345595,0.04970475,0.037218,0.042267393,0.031127606,0.037221156,0.0426799,0.04679589,0.036443774,0.04132222,0.039870728,0.048528038,0.04535967,0.04637917,0.047590245,0.03599699,0.036363974,0.041703362,0.04392022,0.04522463,0.046921894,0.04510416,0.0406902,0.038242217,0.04375747,0.042138383,0.043976583,0.043520384,0.042881146,0.041606925,0.046496376,0.035039067,0.041003436,0.049588777,0.044504587,0.04850676,0.046098325,0.032980338,0.043788623,0.034405332,0.047297616,0.040947676,0.043370713,0.043912403,0.035908304,0.04783987,0.04090034,0.039323196,0.0348496,0.032345854,0.044800557,0.043587245,0.03767867,0.04148846,0.034646876,0.040977623,0.045671746,0.045986,0.040906556,0.04321008,0.052603424,0.045004033,0.050703235,0.040069956,0.040690117,0.04597173,0.03667339,0.029002469,0.050682373,0.043074645,0.04562123,0.033303253,0.044563793,0.04144333,0.038333908,0.03946354,0.048465297,0.035090692,0.043141592,0.041274022,0.041149206,0.04578143,0.04245187,0.034811817,0.037836354,0.03637381,0.04434405,0.050647166,0.044385135,0.0409272,0.04643868,0.0450949,0.043187607,0.04233738,0.038519476,0.0541333,0.0366288,0.04220593,0.043327227,0.04995407,0.046245262,0.04561291,0.050592344,0.051776763,0.041324344,0.047288902,0.045611866,0.05312161,0.036784735,0.03938622,0.047775164,0.045243345,0.042135123,0.045471452,0.039005317,0.043686103,0.03877896,0.046684615,0.05243624,0.047584336,0.050178558,0.040535733,0.04674502,0.03789238,0.039350525,0.04515472,0.042964276,0.054013625,0.0433571,0.05157119,0.040916376,0.044783242,0.044617407,0.046738945,0.03589069,0.036155116,0.03743243,0.04417948,0.03562954,0.0451385,0.041967954,0.043903187,0.046066117,0.039208278,0.03805712,0.034118798,0.035550438,0.0439991,0.045170587,0.04498244,0.035639774,0.052541815,0.042751633,0.052946012,0.052521236,0.04537438,0.047661714,0.040650945,0.038315285,0.042477336,0.045441933,0.037015043,0.044228062,0.04225941,0.046472378,0.040767692,0.042023722,0.042319715,0.05161942,0.043792013,0.051434886,0.04551085,0.04060708,0.048658453,0.036631197,0.041938342,0.047673073,0.047821127,0.04688687,0.045254346,0.04665341,0.034667622,0.050499033,0.03253508,0.044789918,0.03987847,0.03914693,0.04371354,0.041517247,0.052418374,0.045097414,0.04465412,0.043436304,0.033791915,0.04011282,0.042267136,0.044927202,0.03681426,0.045285538,0.0500912,0.036687125,0.040657274,0.03955009,0.050692413,0.043264594,0.03628946,0.03620769,0.042996757,0.05037671,0.042423654,0.03689257,0.04100695,0.040692076,0.045038447,0.047214005,0.042334914,0.04812967,0.04865537,0.04629149,0.052930564,0.04294063,0.034192067,0.0512316,0.036355413,0.060856126,0.04135637,0.05245839,0.052753627,0.03854149,0.04409304,0.041137643,0.03719911,0.03410341,0.04136408,0.037849132,0.046139885,0.0409246,0.04393561,0.04842489,0.037499525,0.042960152,0.04112304,0.04402719,0.044578984,0.042482343,0.04244739,0.04994311,0.04385359,0.047726255,0.047263734,0.039692923,0.046644203,0.044857383,0.053289115,0.03870912,0.049386546,0.04289422,0.04774513,0.03924061,0.039096795,0.04251816,0.04646283,0.04111632,0.047576,0.036400586,0.053532783,0.052722253,0.037847698,0.044086084,0.042968303,0.043357838,0.049150653,0.03191479,0.04736099,0.04998347,0.04744906,0.03923689,0.047695935,0.041546177,0.043613337,0.031035703,0.03140552,0.04827677,0.04738679,0.048478905,0.04107433,0.043050807,0.045427967,0.047229193,0.039208174,0.042856723,0.053098463,0.03965147,0.05495891,0.038508832,0.044161286,0.047425132,0.048866857,0.038826503,0.03528983,0.041013308,0.042978033,0.04229973,0.052032407,0.04114841,0.045411464,0.040647656,0.046363145,0.048200257,0.041585613,0.052453786,0.044463202,0.036597572,0.04756368,0.05319554,0.04008392,0.052499916,0.044387355,0.046650298,0.044207502,0.038761754,0.04126755,0.033784874,0.047213946,0.04179243,0.033909243,0.053640045,0.04601755,0.046057623,0.039788686,0.046110768,0.045930445,0.037549675,0.05151529,0.044966437,0.044095717,0.04046942,0.038098484,0.041414864,0.036463477,0.045073885,0.04491941,0.049478907,0.039211426,0.043549933,0.04414451,0.04546827,0.047674045,0.04370539,0.051857173,0.042032637,0.045949962,0.04305233,0.03971831,0.037943788,0.0444296,0.04310645,0.047663532,0.034277845,0.044410616,0.04316343,0.04020682,0.046640202,0.037811756,0.04544912,0.049792603,0.04426862,0.04429756,0.038081598,0.042522438,0.050249185,0.03744377,0.040719524,0.04640132,0.05240972,0.046219952,0.044268914,0.037009258,0.04107637,0.042233597,0.054841258,0.04131961,0.045412067,0.04097318,0.04133091,0.03674075,0.045003887,0.043495435,0.04307791,0.039225638,0.037476167,0.04170455,0.048209693,0.039452992,0.038390983,0.042820424,0.038949013,0.033965364,0.043007474,0.04202678,0.04033044,0.037480928,0.044041447,0.041765966,0.043629274,0.04047083,0.03946179,0.03733784,0.043943625,0.03951849,0.03911554,0.038991004,0.04531771,0.04317539,0.039931245,0.045443565,0.04219956,0.04173425,0.03862288,0.039498635,0.043501437,0.03909512,0.04002472,0.0520813,0.040496785,0.03987526,0.03845293,0.044205584,0.03881365,0.04336288,0.035838597,0.045584943,0.040465917,0.03877644,0.040617898,0.04313161,0.03953012,0.04923889,0.04873892,0.041601967,0.038617574,0.04832086,0.04556028,0.043201968,0.039370146,0.04304651,0.03863766,0.046114884,0.031949036,0.04428287,0.04049513,0.037350755,0.0497251,0.043214113,0.044317484,0.044676207,0.047972176,0.04087677,0.04303806,0.042172275,0.04336977,0.04107307,0.050869107,0.041052457,0.045839652,0.04112098,0.040419616,0.05130996,0.047404487,0.040688425,0.039018065,0.050384894,0.05040591,0.03794843,0.042964756,0.043105047,0.039280362,0.03955869,0.03923606,0.041354418,0.04499708,0.042667758,0.044359315,0.039879702,0.043549508,0.042932734,0.047000892,0.044035934,0.04255167,0.035972357,0.048074942,0.03975007,0.042668108,0.0414254,0.045716744,0.036023337,0.040446848,0.043315664,0.03955047,0.042649355,0.035265647,0.04206711,0.034763213,0.043122858,0.04825902,0.051429152,0.037063174,0.04514024,0.036653355,0.051440824,0.03936086,0.043247767,0.04089191,0.04089748,0.049620003,0.04438581,0.036699403,0.045340512,0.029842747,0.043743387,0.03416447,0.037953116,0.04774385,0.03586381,0.04059134,0.04975061,0.042048022,0.04329831,0.044348195,0.035524067,0.035496965,0.042893406,0.049176298,0.046741933,0.05131572,0.036971353,0.039987408,0.043691415,0.035734303,0.042569593,0.039011925,0.045816123,0.041209914,0.041091904,0.036841102,0.04868207,0.042440467,0.03574822,0.04737956,0.038549043,0.048678573,0.039651256,0.053725187,0.038266987,0.044776116,0.039902374,0.05246023,0.0459502,0.048590492,0.040620536,0.04592092,0.043442596,0.03901669,0.03870519,0.04250757,0.04698903,0.03928953,0.046163768,0.05142714,0.040606115,0.049188472,0.041858025,0.041537583,0.043447964,0.04094655,0.043232657,0.048211258,0.041412044,0.03888376,0.03650008,0.040596027,0.047830597,0.04059609,0.04105297,0.050907426,0.04351618,0.03224671,0.046357796,0.042967528,0.043085612,0.045725636,0.04396428,0.039579432,0.04966193,0.049901,0.046977352,0.0330549,0.05561639,0.04549753,0.041612945,0.04084291,0.05690731,0.048732482,0.045437552,0.03906725
0.979316,0.969259,0.97742444,0.9806082,0.9880139,0.98066556,0.9826125,0.9708223,0.9786189,0.97060364,0.98144525,0.9871389,0.97719693,0.9783876,0.9824742,0.97782326,0.9800704,0.9789648,0.98154527,0.9849865,0.98640347,0.9753116,0.9768728,0.976797,0.97898805,0.9760727,0.9766601,0.9852226,0.98736894,0.9795433,0.97654873,0.97721946,0.9744744,0.9790475,0.97402936,0.97823524,0.9789947,0.9746328,0.98744714,0.98037094,0.97504044,0.97549367,0.98131365,0.972221,0.9719267,0.97502875,0.96949965,0.97532934,0.97109103,0.979106,0.9781841,0.9821052,0.9779887,0.97176564,0.98063546,0.98279124,0.9779655,0.9788371,0.9786981,0.978118,0.9804891,0.9752879,0.9741903,0.9808317,0.97986275,0.9761115,0.9787242,0.98155206,0.98111045,0.9794758,0.978713,0.9787236,0.9802917,0.9749237,0.983593,0.9821977,0.9846986,0.9818375,0.9763378,0.9815899,0.9806705,0.9802542,0.9774506,0.9730293,0.97234404,0.9792052,0.9855278,0.9802639,0.98073494,0.9813224,0.98592806,0.9789891,0.9738448,0.98239535,0.9783101,0.9805218,0.9807566,0.9824433,0.9738224,0.9855198,0.9803947,0.96677357,0.97695136,0.9753985,0.9740633,0.98760694,0.97489464,0.9749911,0.9798837,0.97832453,0.9707638,0.9761923,0.98486876,0.9700655,0.97857034,0.9760303,0.9825549,0.97447646,0.9826739,0.97224253,0.9855729,0.97802883,0.97700006,0.9763056,0.9796897,0.97599584,0.98010594,0.99199337,0.98072064,0.9805708,0.9855451,0.974478,0.98492765,0.97546244,0.97509533,0.9805358,0.9718602,0.97532725,0.9779122,0.9790953,0.9856969,0.97495234,0.98373526,0.9808987,0.97781545,0.9725416,0.98451936,0.97193897,0.979604,0.98345006,0.976781,0.97947365,0.9789414,0.9790173,0.97822237,0.97825897,0.98912686,0.9703645,0.9770982,0.98259884,0.9829099,0.9746306,0.97924787,0.97558933,0.9832525,0.9807367,0.98679364,0.979392,0.97917867,0.9834715,0.9822331,0.9802691,0.97627985,0.9862243,0.98263085,0.9752442,0.9848008,0.97534555,0.9685387,0.9771647,0.98018235,0.9828196,0.9827952,0.9821956,0.97417563,0.97337943,0.9751466,0.9811076,0.97856987,0.9784153,0.9744729,0.9749522,0.9822554,0.97812665,0.97131073,0.9715509,0.9815553,0.9728515,0.9810257,0.98331374,0.9785205,0.9802236,0.9772565,0.97844505,0.9781969,0.9789737,0.97160894,0.98002666,0.97824407,0.9742062,0.97937673,0.97851753,0.9745354,0.9736893,0.9832176,0.97741395,0.98661625,0.97488916,0.97492135,0.98018837,0.974473,0.97700244,0.97776425,0.974771,0.98292226,0.9871167,0.9791234,0.9875267,0.9739513,0.98742235,0.97917366,0.97994614,0.97688764,0.9826779,0.9743619,0.97698504,0.9793027,0.96889395,0.9766683,0.97875595,0.9726537,0.9768643,0.97517794,0.9839915,0.9768835,0.9732756,0.97937244,0.9772111,0.9856297,0.9765749,0.9780217,0.97984934,0.9801892,0.9726972,0.9687991,0.9802375,0.9789568,0.9781531,0.98133606,0.9762672,0.9832231,0.98048437,0.9826786,0.9771113,0.97696704,0.97527695,0.9827402,0.98199415,0.978693,0.97334504,0.9835083,0.9856673,0.98174053,0.9774563,0.9846899,0.9868375,0.9751289,0.9745863,0.97852886,0.97426075,0.9767666,0.97184664,0.96869755,0.9795462,0.97375566,0.9776358,0.97759485,0.9783267,0.9828956,0.9714834,0.983766,0.9788386,0.9770212,0.97555697,0.984801,0.9795645,0.9863643,0.9824572,0.97585005,0.98598975,0.9774498,0.98043966,0.97266823,0.9698648,0.97372514,0.97906345,0.9768536,0.9787607,0.97368217,0.98272604,0.9754466,0.97203845,0.9769647,0.9752596,0.97538114,0.97947854,0.97709006,0.9751264,0.9809813,0.9779222,0.98443407,0.9740334,0.9704177,0.97986597,0.9850813,0.9818356,0.9781756,0.9765241,0.97346425,0.984659,0.98228574,0.9741064,0.98463553,0.97728646,0.9728351,0.981004,0.97377837,0.9796651,0.9779008,0.97767496,0.9791222,0.97965825,0.96759397,0.9780721,0.97964025,0.978383,0.9765603,0.9760522,0.97079146,0.9819604,0.9773831,0.983651,0.97388995,0.97494256,0.96717757,0.97665864,0.9771944,0.9766835,0.98068583,0.97675616,0.981523,0.98035234,0.98122513,0.9825706,0.9866329,0.9778455,0.9759879,0.9764141,0.9735094,0.97481596,0.97888476,0.98736113,0.9824079,0.98286307,0.97705126,0.9744076,0.97534686,0.97966605,0.96663105,0.97133416,0.977462,0.98202854,0.98069996,0.98283976,0.9789973,0.9837957,0.97479534,0.97710615,0.9809513,0.97927994,0.98151815,0.9768196,0.97711205,0.9860059,0.9832779,0.97697514,0.9745695,0.9785888,0.9725855,0.97962713,0.9790623,0.9783938,0.9794626,0.9760816,0.98228765,0.9784245,0.97935575,0.97422725,0.9712021,0.9802676,0.9770602,0.97446305,0.9752251,0.9826638,0.9737273,0.9825541,0.9782429,0.98325795,0.97951007,0.98029983,0.9803808,0.9768576,0.9766598,0.97286785,0.9778993,0.97512597,0.98338455,0.9769253,0.9771635,0.988847,0.9798629,0.9786692,0.9849454,0.9768767,0.9776608,0.97660774,0.98039746,0.976228,0.97733366,0.9727343,0.97698116,0.9769899,0.9886139,0.98417956,0.9787552,0.9766756,0.9732725,0.9768357,0.974909,0.9796633,0.97837675,0.98208225,0.9738087,0.9689702,0.9778853,0.97999984,0.97219414,0.976542,0.97091836,0.9777435,0.9711188,0.9698479,0.9646941,0.9859942,0.98338133,0.9825173,0.9844852,0.98003364,0.97822076,0.977334,0.9764755,0.9778645,0.9821421,0.97885466,0.9830336,0.97991854,0.98165476,0.9802669,0.98341095,0.969353,0.9787694,0.9787912,0.97266454,0.9751898,0.9815493,0.97876614,0.97781825,0.97396815,0.9741861,0.9708449,0.9763577,0.98487973,0.9790936,0.9827478,0.97503704,0.9779692,0.9783134,0.9742135,0.97788364,0.9765514,0.9722657,0.982499,0.97184056,0.9860152,0.97170466,0.9772919,0.98126847,0.97912025,0.9805418,0.9815239,0.9785494,0.97481936,0.97758555,0.9891013,0.9794042,0.9811208,0.98973584,0.96941614,0.9764836,0.9779015,0.9739517,0.9723249,0.9801702,0.97637826,0.9708237,0.9795662,0.9806364,0.9777532,0.9764856,0.98594445,0.97278816,0.9864094,0.98019564,0.97767305,0.98407984,0.97915137,0.97355914,0.97573596,0.9745555,0.9864915,0.9757058,0.9771274,0.9807025,0.9797482,0.97386706,0.9851205,0.98621374,0.97689795,0.98418987,0.978683,0.9814274,0.97294366,0.9783672,0.98471636,0.98161495,0.9834684,0.978443,0.9761184,0.9826827,0.9756664,0.98210114,0.9767294,0.9752429,0.98194206,0.97877544,0.9806006,0.9711328,0.98292017,0.9770796,0.98304427,0.976819,0.97492665,0.9855035,0.9804428,0.9810712,0.97914153,0.97887844,0.97773176,0.9754185,0.9735585,0.9833557,0.9776153,0.97993165,0.98199254,0.97859913,0.9789996,0.9788312,0.9792705,0.9750855,0.9717747,0.9810489,0.9741599,0.9778198,0.97482383,0.9835524,0.9770647,0.9809081,0.97991407,0.97503835,0.9764546,0.9811347,0.9728181,0.97658056,0.98234755,0.9828666,0.986004,0.9818599,0.98299885,0.9796542,0.97340345,0.97994703,0.9883337,0.9830273,0.9731287,0.97572505,0.9858086,0.9841356,0.9814143,0.9817175,0.9819052,0.97846895,0.98163664,0.97625285,0.97781205,0.97645456,0.97705764,0.9779484,0.97684854,0.9831811,0.97845113,0.9735228,0.981476,0.9800575,0.98511666,0.9770702,0.98008037,0.9783675,0.97622585,0.9751349,0.9801769,0.9850077,0.98176897,0.97855115,0.979557,0.97451687,0.984831,0.9710671,0.9718531,0.97776806,0.97880197,0.9774113,0.9786477,0.98329335,0.9756414,0.98339534,0.9825191,0.9841635,0.98306286,0.97986925,0.9813966,0.97337496,0.9869197,0.9832094,0.98707855,0.9831724,0.97817653,0.97137606,0.9916707,0.97455776,0.96647954,0.98505515,0.976526,0.9764175,0.97782123,0.9772062,0.9737093,0.98287606,0.9813113,0.9799526,0.97401726,0.9782066,0.9769605,0.9808899,0.9895414,0.97995865,0.9769426,0.97068864,0.97774756,0.98397344,0.979603,0.9777699,0.9785676,0.97255236,0.9730597,0.97221607,0.97900194,0.98258525,0.97901297,0.9702735,0.97867376,0.9805045,0.9816934,0.9736073,0.97103167,0.9785808,0.98014086,0.98584306,0.9789617,0.9804296,0.98181695,0.9793429,0.98025596,0.9762112,0.9831554,0.97500175,0.97132117,0.98091197,0.9826865,0.9835231,0.9779043,0.9783656,0.97913814,0.97801316,0.9803138,0.98427904,0.9822645,0.9758982,0.9784486,0.9785623,0.9787434,0.9779829,0.97821206,0.9770735,0.98097545,0.9769624,0.97488266,0.9764511,0.98032176,0.9804516,0.9836215,0.98486876,0.9750703,0.97957724,0.973466,0.98148227,0.9794368,0.9809659,0.98494107,0.9723781,0.9778812,0.97697985,0.98136055,0.9821843,0.980548,0.97953296,0.9846153,0.97885823,0.9736768,0.97493875,0.97290844,0.9758459,0.9812438,0.9781727,0.97594607,0.9774428,0.97926354,0.9808917,0.98479503,0.97221226,0.9794825,0.9859544,0.9794506,0.9792874,0.9825396,0.97405326,0.97595274,0.9847028,0.979404,0.9724007,0.9825789,0.9764247,0.9813608,0.98232305,0.9779123,0.9873601,0.9833955,0.97327214,0.9794124,0.98049986,0.98103464,0.9766183,0.9793929,0.9725317,0.97702235,0.97825146,0.9794907,0.98746616,0.98092693,0.9809589,0.9714873,0.98197174,0.97709996,0.9778201,0.9763761,0.98131603,0.9803819,0.9798561,0.97517097,0.97967845,0.9798676,0.9812076,0.98392797,0.9792359,0.98616683,0.98070675,0.9835284,0.9776322,0.9755304,0.98710465,0.9757208,0.9783677,0.97654986,0.9799222,0.97921944,0.9783501,0.98356396,0.97146654,0.9768118,0.97960526,0.9810411,0.97498554,0.9806601,0.9724871,0.96960706,0.9740152,0.982366,0.9822696,0.9805748,0.9793338,0.97986096,0.9793789,0.97624964,0.97806764,0.97886574,0.9755101,0.9731918,0.98050046,0.97633505,0.9843553,0.9727758,0.9767024,0.97593766,0.9837973,0.9826543,0.9771669,0.9799671,0.98446196,0.97440773,0.9751393,0.97960716,0.9837003,0.97832805,0.97697634,0.9794067,0.97802967,0.9820279,0.9739745,0.9730268,0.9818997,0.9818793,0.97791123,0.9753185,0.97353524,0.9767761,0.9729795,0.9749123,0.9776483,0.974264,0.9747933,0.97526217,0.98309314,0.98214877,0.9728948,0.9825953,0.97532344,0.9804133,0.97987103,0.9735783,0.9781204,0.97246045,0.9758779,0.9863064,0.9784024,0.97482854,0.9787307,0.9823184,0.9708338,0.9793069,0.9728528,0.9779656,0.972891,0.97989047,0.9803847,0.98211515,0.97396004,0.9759936,0.97487843,0.97786194,0.9712858,0.97985375,0.98354167,0.98454124,0.9837886,0.977492,0.9826525,0.98280597,0.97791237,0.97906494,0.9786161,0.9783632,0.98166215,0.9753784,0.9792514,0.9848662,0.98291564,0.9756632,0.97840637,0.98049194,0.9763181,0.97699916,0.98160064,0.9793138,0.98447156,0.98750526,0.98358524,0.9732487,0.9715687,0.9821387,0.98475015,0.9821155,0.97506124,0.97732836,0.98232484,0.9779821,0.9801239,0.978596,0.97582847,0.9790681,0.9712197,0.9792368,0.98256475,0.97798526,0.98244894,0.9790183,0.9848044,0.9796105,0.9746801,0.97344804,0.9778639,0.97244585,0.9831589,0.9707305,0.98251754,0.9735885,0.9791108,0.9765948,0.9753927,0.9761935,0.9775338,0.97929555,0.98039865,0.9780162,0.97689664,0.97965944,0.97527283,0.97997814,0.98177695,0.9772135,0.9768069,0.9774113,0.97739327,0.9797168,0.9778486,0.9724134,0.98075855,0.9716013,0.9809149,0.9774913,0.97390175,0.9761875,0.98100525,0.9811985,0.98088014,0.9771115,0.97230643,0.97375524,0.9838509,0.98175347,0.97533476,0.9742366
0.9641089,0.9658707,0.9640887,0.9654554,0.9695633,0.972101,0.9701544,0.9720682,0.97465116,0.9614057,0.97191757,0.9741665,0.96753967,0.9651942,0.96401966,0.9671669,0.97282314,0.97252953,0.9712333,0.9713861,0.96925646,0.9675101,0.972573,0.97658604,0.96849185,0.9616192,0.9645809,0.96487236,0.97216946,0.9741642,0.9655361,0.96989965,0.9664072,0.9718451,0.9618139,0.9636719,0.96931565,0.9670728,0.9722347,0.9710118,0.9659064,0.9778554,0.9715774,0.97608626,0.9614359,0.969731,0.9670945,0.9644502,0.96557325,0.9689651,0.9708725,0.96175736,0.9669471,0.9675237,0.9685879,0.9659647,0.9696785,0.97201496,0.96732765,0.96909726,0.9680048,0.97026545,0.9769338,0.96459305,0.9731613,0.9705187,0.97464633,0.96696323,0.9659577,0.96339,0.9674959,0.97281384,0.967997,0.9679694,0.96623445,0.97093564,0.9688003,0.97212857,0.9605513,0.97126526,0.98186505,0.9670142,0.9695812,0.9634413,0.96529865,0.96823853,0.97035515,0.96231294,0.97353494,0.9724606,0.9716814,0.97292554,0.9723941,0.97302085,0.96031994,0.9685471,0.9694508,0.9686006,0.97057205,0.96436095,0.9730407,0.9659111,0.9687535,0.9733544,0.9678729,0.9702044,0.9705201,0.9704228,0.9670938,0.9672771,0.9672415,0.97099775,0.9747644,0.9633693,0.95669943,0.97643834,0.9681741,0.9574081,0.96213466,0.95833826,0.9721252,0.9701508,0.9676976,0.9757554,0.96267724,0.9626246,0.9738377,0.977738,0.96299785,0.97105527,0.9691008,0.96678597,0.96404123,0.9677522,0.9696776,0.9722296,0.95981944,0.9626111,0.9686489,0.9770744,0.97219896,0.96817034,0.9658097,0.9700376,0.9616351,0.9735754,0.96525615,0.9683824,0.97012997,0.9702904,0.9734927,0.9702625,0.9702286,0.96738684,0.96658677,0.972697,0.97373295,0.97129285,0.97024214,0.9674235,0.9677816,0.96096057,0.96578383,0.9662177,0.974829,0.971413,0.97153056,0.97040236,0.96796113,0.96921235,0.9697751,0.9707762,0.9680582,0.97618544,0.96604997,0.96458477,0.9700065,0.97244334,0.96021307,0.9665806,0.96618617,0.96980965,0.97062916,0.9683765,0.97020304,0.9616868,0.97094196,0.9681213,0.96533465,0.9644037,0.97037053,0.96452665,0.9717589,0.9677987,0.96404576,0.96402377,0.96093845,0.96621954,0.9703393,0.9737966,0.9624863,0.96903133,0.97231275,0.9714902,0.9711629,0.97002137,0.9649556,0.96624005,0.9748121,0.9729251,0.96214145,0.96606076,0.9647091,0.96642995,0.97105956,0.96369886,0.97225523,0.9614015,0.95879006,0.9711157,0.9595308,0.9700578,0.9668301,0.9703624,0.96577054,0.9669976,0.9718711,0.9769282,0.97065336,0.9689589,0.968621,0.97149634,0.97276014,0.9708722,0.96435714,0.96841294,0.966113,0.9629795,0.96943516,0.96344775,0.96108305,0.96722484,0.97089565,0.9657771,0.9703525,0.9644401,0.9716579,0.97049975,0.9667151,0.96771723,0.9699685,0.9689921,0.9678241,0.966774,0.96401274,0.9721257,0.97101283,0.97298396,0.97107154,0.96026856,0.97317606,0.9748578,0.97119397,0.9642513,0.97627306,0.9678182,0.9682201,0.97087514,0.96908045,0.96667856,0.9677108,0.9660697,0.96841794,0.97104824,0.9722643,0.9773552,0.9602503,0.9673032,0.9669972,0.9631842,0.97291857,0.9689194,0.9714714,0.97197366,0.97087836,0.9657554,0.96330255,0.9582516,0.9645696,0.9676028,0.9713293,0.9765691,0.97071123,0.9768567,0.9737663,0.96055996,0.9671924,0.9717174,0.9600674,0.9695752,0.96983266,0.9618885,0.9678706,0.96692777,0.96850044,0.97442055,0.9622504,0.96899843,0.9689528,0.9602056,0.97040635,0.9609614,0.9696439,0.9694144,0.9659405,0.9645201,0.9652668,0.96377456,0.9696414,0.96475947,0.9683232,0.96774167,0.9659556,0.95654947,0.9665518,0.96186656,0.96675354,0.9611386,0.9701581,0.9714642,0.9731807,0.96704996,0.9690585,0.9717156,0.96053267,0.96962565,0.9683836,0.96715736,0.97139484,0.9667166,0.96413,0.9644465,0.9664424,0.97030234,0.97242683,0.9687688,0.9683803,0.9638691,0.9631598,0.9743879,0.9618092,0.9795965,0.9647075,0.9650732,0.973915,0.96783984,0.9731993,0.972354,0.9685568,0.97220254,0.9638716,0.9731612,0.96753556,0.96410024,0.9704848,0.96203536,0.9622942,0.96723807,0.96356386,0.96483797,0.9677615,0.966773,0.97309023,0.97218096,0.96948934,0.9698926,0.964464,0.9640914,0.96231574,0.9630428,0.9667069,0.9606819,0.9703802,0.9667948,0.9673666,0.9739665,0.97138953,0.96056575,0.96636176,0.968295,0.97446924,0.9742423,0.9673071,0.9653511,0.9697193,0.9599368,0.97084415,0.9626549,0.9651618,0.9748261,0.9699343,0.9608853,0.96861726,0.9733847,0.9637786,0.97323936,0.962337,0.966268,0.96768385,0.9711816,0.9713781,0.9721485,0.96292317,0.97117746,0.96733713,0.96628207,0.9757447,0.9737798,0.9757363,0.9690823,0.9670207,0.97081345,0.96502733,0.97333604,0.97312695,0.96477395,0.9675064,0.96367455,0.96676594,0.9737855,0.96399444,0.96593326,0.96774536,0.95992154,0.9713276,0.9627309,0.97448045,0.96651953,0.97417545,0.9765126,0.9708908,0.9684138,0.97077125,0.9673543,0.96426505,0.96058255,0.97184265,0.964635,0.965465,0.97894037,0.9650044,0.974501,0.96507853,0.9663246,0.96681136,0.9620242,0.9620185,0.96866083,0.9674809,0.9650289,0.9708864,0.9685922,0.97196126,0.96545225,0.9680607,0.97267413,0.9688944,0.96852666,0.96345127,0.9807247,0.9672384,0.96344113,0.9728578,0.97358775,0.973366,0.9698533,0.97257715,0.9649466,0.9645767,0.96234393,0.97203827,0.9675909,0.9649708,0.96126914,0.9641321,0.96979076,0.96891236,0.9716089,0.9644812,0.97145027,0.9695107,0.97115713,0.96616644,0.9679961,0.97881967,0.9637519,0.96813285,0.95819664,0.9601435,0.96881735,0.9688556,0.96526,0.9608464,0.9691621,0.9643396,0.96346337,0.9647259,0.9741771,0.9744413,0.9680589,0.9708441,0.9617859,0.96559423,0.976905,0.96525055,0.96556777,0.97329974,0.97086674,0.97097534,0.9696208,0.96833605,0.9698592,0.9607824,0.9697379,0.9650441,0.9677577,0.9698803,0.9733782,0.9644412,0.9683077,0.97774893,0.9708045,0.96287125,0.9753463,0.9666308,0.9586045,0.9669465,0.96451586,0.96400034,0.9688129,0.9694056,0.96725136,0.9668144,0.9687672,0.9633367,0.9735533,0.96429485,0.9653008,0.9617003,0.9672459,0.97366804,0.96688074,0.97388923,0.97052866,0.972841,0.968741,0.9722009,0.965666,0.96945316,0.9709854,0.97065413,0.9622645,0.96681964,0.9672521,0.970793,0.96403176,0.967065,0.96882975,0.96231145,0.9736249,0.9712865,0.9567404,0.9695029,0.9657874,0.9649656,0.96681434,0.9676567,0.97018164,0.96232826,0.96985745,0.9697453,0.9714662,0.96889424,0.959712,0.959271,0.96767837,0.96994704,0.96166587,0.9680219,0.969713,0.96435034,0.9651939,0.97127724,0.96825147,0.96699566,0.96927506,0.9707299,0.9767604,0.96210796,0.9662359,0.96981764,0.96788913,0.96496016,0.9612955,0.96770644,0.9737982,0.9717638,0.9758322,0.9724319,0.9659609,0.9714445,0.96076334,0.9767753,0.9641864,0.95753765,0.9743724,0.97336197,0.9690124,0.9796035,0.96559227,0.9637376,0.97050357,0.96429557,0.96885467,0.96158767,0.9662055,0.97385067,0.96596247,0.9648324,0.9691904,0.9692396,0.96596247,0.9661158,0.97045165,0.96398187,0.97035986,0.9692548,0.9628252,0.9647352,0.96407694,0.97073805,0.9631945,0.96565175,0.9723907,0.97124934,0.9688036,0.9686969,0.9681292,0.9672374,0.9680277,0.97561383,0.9651203,0.963135,0.97647727,0.97265244,0.9658952,0.9677795,0.9714569,0.96893865,0.9661581,0.96873087,0.9739804,0.97956836,0.9699719,0.9722614,0.9607162,0.960936,0.97831476,0.9642672,0.9589481,0.96354073,0.9675483,0.9606934,0.9656962,0.9704243,0.97222465,0.9688008,0.97050273,0.9652822,0.9631883,0.96813637,0.96676695,0.978891,0.9689427,0.9686533,0.97396976,0.96200895,0.97360003,0.962586,0.96503216,0.9763522,0.9679157,0.958839,0.96750987,0.97247297,0.97574335,0.9684962,0.9699375,0.969052,0.9676211,0.9673597,0.95940757,0.9690816,0.9611463,0.9750841,0.9641185,0.9668226,0.9613384,0.9665253,0.9632896,0.96641606,0.9678357,0.9767191,0.9632326,0.96785575,0.97216535,0.9657651,0.9747222,0.96326053,0.97205514,0.97675294,0.9629611,0.97398174,0.9649414,0.9667317,0.9659199,0.9680131,0.9594698,0.9727748,0.96324825,0.9719764,0.96868443,0.9634097,0.9683203,0.97240376,0.9705313,0.96978605,0.96514523,0.9696635,0.97600025,0.9686569,0.965573,0.9696111,0.9592241,0.9655732,0.96847653,0.9732893,0.97310346,0.97268707,0.96353155,0.9677218,0.9726267,0.9673527,0.968067,0.9660535,0.97604346,0.96828383,0.9602097,0.96308464,0.9757017,0.97448474,0.96971804,0.9675611,0.9656562,0.96317756,0.96462077,0.97060007,0.96911436,0.96240646,0.9662297,0.9689673,0.9658587,0.9614563,0.9778229,0.9706696,0.9713813,0.9659707,0.97159815,0.9679682,0.96854895,0.97161895,0.9704388,0.97474897,0.97255754,0.969589,0.9617726,0.9666585,0.97082627,0.96654016,0.9704729,0.9677633,0.96923685,0.96858793,0.967267,0.9687322,0.96859175,0.9771114,0.97016084,0.97334105,0.9601548,0.9650767,0.96732795,0.9708231,0.96740466,0.9642183,0.9717163,0.9747331,0.96181905,0.9687889,0.9698391,0.971095,0.96292967,0.9703818,0.9708023,0.9694204,0.974419,0.96803135,0.9692352,0.96874046,0.9700988,0.96434814,0.9638008,0.9671013,0.9720741,0.96970505,0.9669946,0.9606377,0.963689,0.9687925,0.9704272,0.9644722,0.9695836,0.96740943,0.9673367,0.97060645,0.9705874,0.9737246,0.97287726,0.97076076,0.96747726,0.9718028,0.9661422,0.96595305,0.9673088,0.96777654,0.9705804,0.9751951,0.97226334,0.9742601,0.96922106,0.9684511,0.9652672,0.9699916,0.97088957,0.9648733,0.9694888,0.96882,0.967007,0.9691757,0.9755205,0.96912706,0.96482337,0.96109134,0.96548885,0.97123814,0.9640229,0.9712559,0.9643882,0.97690076,0.97039443,0.96777254,0.9696627,0.9706457,0.9711805,0.971739,0.96696454,0.96733755,0.96647197,0.98008156,0.9638293,0.9702405,0.9638473,0.97134244,0.96704334,0.9658509,0.9693186,0.9747839,0.9722406,0.97302485,0.96633625,0.9696505,0.97339606,0.9601998,0.96778566,0.9712618,0.96573293,0.96799827,0.9743486,0.96718526,0.96837866,0.96357274,0.9681501,0.9728888,0.9662262,0.96727294,0.9693298,0.9710878,0.9677864,0.9641928,0.969626,0.97068256,0.9614309,0.9655298,0.9693236,0.9648392,0.97093636,0.97598165,0.9614933,0.9655314,0.9669771,0.9695248,0.9630852,0.9653181,0.9706665,0.9734509,0.96979713,0.963623,0.9629189,0.97011995,0.9650699,0.9761319,0.9725384,0.96413755,0.9713289,0.96809185,0.9678068,0.96212745,0.969471,0.9669467,0.97740656,0.96543485,0.9693586,0.96329534,0.9670132,0.97105634,0.96741897,0.97292525,0.9683519,0.9585414,0.9654364,0.9688745,0.9683858,0.969048,0.9655555,0.9721949,0.966781,0.9624414,0.9670045,0.9723863,0.96561444,0.96647525,0.9686084,0.9710441,0.9592196,0.97871244,0.9684538,0.9635121,0.9749094,0.9660645,0.9597328,0.9716685,0.958621,0.9658092,0.9681231,0.9665952,0.96661496,0.9711519,0.97531205,0.9706579,0.9716569,0.96857107,0.9662321,0.9608778,0.9673074,0.96957785,0.96417713,0.9677728,0.9650233,0.9534054,0.9722118,0.9646434,0.97293454,0.9633151,0.9698529,0.9730477,0.9722357,0.9596739,0.9671835,0.9728641,0.96787864
1.0560204,1.0519317,1.0462891,1.0467647,1.0555245,1.0514297,1.0541306,1.0571555,1.049562,1.048511,1.0528352,1.050414,1.0539836,1.0600685,1.0490091,1.0589886,1.053535,1.0547284,1.0531155,1.0543846,1.0502613,1.0494537,1.0557392,1.0504272,1.0458353,1.0564423,1.0472596,1.0524592,1.0528206,1.0567284,1.0588273,1.0505617,1.0476266,1.0465596,1.0489064,1.0441631,1.059064,1.0534652,1.0558649,1.0497886,1.0563258,1.0526874,1.0593394,1.0512767,1.0513206,1.0586685,1.058914,1.052576,1.0529581,1.0527955,1.0524706,1.0525076,1.0581126,1.0542494,1.0478172,1.0518514,1.0587208,1.0505862,1.0477196,1.0585247,1.0536172,1.0552967,1.0575292,1.0525517,1.050738,1.0548829,1.0509753,1.0485079,1.0552355,1.0505635,1.05171,1.0615216,1.0509366,1.0500469,1.049769,1.0516763,1.0510573,1.047891,1.0472465,1.0500131,1.0554289,1.0528811,1.0451769,1.048616,1.0552269,1.03941,1.0554063,1.0487485,1.0612227,1.0518261,1.054719,1.0512623,1.0537624,1.0493506,1.0571218,1.0493069,1.0552322,1.0558667,1.057192,1.0507061,1.056515,1.0526474,1.0601014,1.0504105,1.0567269,1.0607691,1.0498995,1.0522546,1.0480196,1.0517644,1.0539367,1.0494338,1.0488102,1.052115,1.0470151,1.0553848,1.0566474,1.0490428,1.0462726,1.0516766,1.0474219,1.0520817,1.0569386,1.0600268,1.0425613,1.0532264,1.0491614,1.0519263,1.0546098,1.0488755,1.0534915,1.0467061,1.045573,1.0554798,1.0465614,1.0512251,1.0520117,1.0512495,1.0570223,1.0598242,1.0484406,1.0554825,1.0541353,1.0574198,1.0521895,1.058114,1.0493507,1.0525359,1.0570791,1.0572344,1.0575533,1.0530646,1.059814,1.0496317,1.0549701,1.0552131,1.0486678,1.0510044,1.0534488,1.047,1.0491219,1.0441471,1.0476199,1.0411334,1.0535158,1.0569593,1.0448834,1.0446459,1.0587711,1.0580454,1.0557986,1.0564744,1.0494798,1.0511079,1.0453646,1.0502905,1.0515871,1.0533304,1.0473706,1.0504208,1.0483241,1.0451369,1.0532105,1.0502931,1.0567071,1.0552491,1.0514396,1.0534967,1.0509809,1.0453596,1.055067,1.0423628,1.0514916,1.056394,1.0566856,1.0430402,1.0451559,1.0548874,1.0505259,1.0537226,1.058487,1.0532908,1.0465966,1.0506938,1.0460043,1.0529754,1.0578203,1.0503349,1.0560318,1.0497165,1.0518155,1.0528828,1.0498761,1.0508782,1.0541439,1.0517765,1.0483898,1.0518968,1.0476737,1.059614,1.0453917,1.0508423,1.0528159,1.058403,1.0523019,1.0586387,1.0482552,1.0593178,1.0551664,1.0462404,1.0551512,1.0499734,1.0482786,1.0575589,1.0527024,1.0488536,1.0475255,1.0514989,1.0480765,1.0526379,1.0499963,1.0518557,1.046316,1.0522113,1.0493027,1.0450282,1.0478549,1.0505956,1.0483322,1.0478214,1.0588472,1.0515802,1.0538186,1.0524657,1.0557946,1.0530324,1.0467986,1.0554171,1.0543121,1.0543382,1.0563215,1.0492437,1.0510631,1.0470726,1.0526413,1.0519047,1.0476159,1.0552194,1.0544121,1.0504236,1.051397,1.0504593,1.0585864,1.0612181,1.0546623,1.052072,1.0519186,1.0566407,1.0482022,1.0586962,1.061596,1.0597112,1.0574994,1.0559224,1.0540284,1.0433491,1.0487598,1.0493803,1.0451068,1.0548342,1.047828,1.0541892,1.0494207,1.056665,1.045274,1.05589,1.0493213,1.0604881,1.0447415,1.0514488,1.0519488,1.0524325,1.0549808,1.0543864,1.0580581,1.051506,1.051799,1.0611585,1.0583178,1.0518574,1.0461701,1.0543743,1.0474324,1.0537087,1.0468222,1.0497957,1.055071,1.0531613,1.0547976,1.0556252,1.0524114,1.0490175,1.0477465,1.054381,1.0601958,1.0522867,1.055673,1.0604364,1.0530046,1.0580717,1.050417,1.0596657,1.051185,1.0597198,1.0545514,1.047209,1.0587496,1.0469339,1.0522448,1.049275,1.0525064,1.0517291,1.0401611,1.052049,1.0488434,1.0466756,1.0497628,1.0517834,1.0601124,1.0567117,1.0450791,1.051944,1.0546196,1.0539118,1.056587,1.0484129,1.0556144,1.0506955,1.0544003,1.0521357,1.0523645,1.0528316,1.0530431,1.0498923,1.0494967,1.0519819,1.0544125,1.0530628,1.0500889,1.0537724,1.059343,1.0519265,1.053355,1.0497891,1.04986,1.0553946,1.0537285,1.0518363,1.0552651,1.0538932,1.0538777,1.0561693,1.0590163,1.052957,1.0420595,1.051709,1.0530666,1.0470629,1.064249,1.0527945,1.0561754,1.0637884,1.0542283,1.0518043,1.0579039,1.0506028,1.0428832,1.0496265,1.0487756,1.0502337,1.0489706,1.0513437,1.05078,1.0580854,1.0476289,1.0601513,1.0550468,1.0486327,1.055683,1.0559224,1.0579586,1.0492468,1.0517251,1.0476518,1.0534118,1.0590404,1.0479215,1.0569185,1.0671555,1.0505856,1.0543435,1.054582,1.0491939,1.0631015,1.0534692,1.0499669,1.0515356,1.0480747,1.0573221,1.0505425,1.0542688,1.0568262,1.056058,1.0529603,1.0538324,1.0584161,1.0524187,1.0486526,1.0578498,1.0538785,1.053369,1.0591924,1.0528226,1.0582508,1.0568188,1.0503869,1.0517107,1.0488511,1.061882,1.054982,1.0498078,1.0532056,1.0416257,1.0498916,1.0551814,1.0586115,1.0512961,1.050228,1.0495679,1.0548344,1.0543761,1.0593073,1.0494347,1.0534036,1.0487084,1.0525951,1.0569102,1.0502912,1.048391,1.0609494,1.0547838,1.0585691,1.0493795,1.0490698,1.0472507,1.0546498,1.0569711,1.0471654,1.0528127,1.039864,1.0544224,1.0491931,1.0450171,1.0535506,1.0562059,1.0569304,1.0524306,1.0552824,1.0527558,1.0495204,1.0494753,1.050043,1.0489718,1.0557934,1.0519092,1.0585971,1.0514016,1.0567656,1.0449773,1.0528368,1.0520015,1.0519923,1.0490043,1.0584109,1.0512553,1.0515709,1.0555695,1.0556754,1.0565094,1.0527653,1.0569633,1.0487902,1.0524528,1.0501271,1.0532639,1.0478318,1.049091,1.0561612,1.0548377,1.0576514,1.0487206,1.0535915,1.0473809,1.055773,1.0497973,1.0506521,1.0570961,1.0600663,1.0446948,1.0442625,1.0494261,1.0440669,1.0470403,1.0533782,1.05763,1.0503914,1.0496968,1.0580112,1.0438881,1.0508802,1.0554796,1.0498707,1.0495472,1.0506636,1.0521954,1.046883,1.0413883,1.0576675,1.0531796,1.0490645,1.0596184,1.0491667,1.0547674,1.053765,1.0548837,1.0584044,1.0408614,1.0489012,1.0428488,1.0548362,1.0463504,1.0519948,1.0496677,1.0466373,1.0577091,1.0463208,1.0476708,1.0595627,1.0447636,1.0490818,1.0616938,1.0507864,1.0522274,1.0552067,1.056655,1.0496327,1.0565742,1.0453748,1.0458298,1.0584126,1.0524315,1.0461912,1.0602062,1.0527031,1.0485045,1.0518436,1.0553417,1.0518763,1.0536937,1.0570574,1.0423342,1.0516393,1.0540012,1.0549532,1.0547702,1.0514371,1.052116,1.0561829,1.054488,1.047182,1.0559322,1.0548359,1.0464371,1.0450338,1.0445474,1.0576669,1.042912,1.0522195,1.0533406,1.0491121,1.0571673,1.0577668,1.0554996,1.0433633,1.0595051,1.0523331,1.0482019,1.0480036,1.0555489,1.0559157,1.0520104,1.0533699,1.0503229,1.0530072,1.0559038,1.0503778,1.0610642,1.0533223,1.0521415,1.0542744,1.0477624,1.0608985,1.0558536,1.0452675,1.0489675,1.0515643,1.0640962,1.0513935,1.054973,1.0572357,1.0623361,1.0527017,1.0512636,1.0542517,1.0499922,1.0491083,1.0480224,1.0566587,1.0546508,1.0458597,1.0587543,1.058243,1.0565746,1.0611167,1.0543132,1.0439049,1.0551077,1.0549368,1.0474437,1.0513333,1.0578556,1.0478762,1.0511363,1.0421259,1.048895,1.0525686,1.062469,1.0529442,1.0503567,1.0494212,1.0556579,1.0574487,1.0549781,1.0480411,1.0517999,1.0542785,1.0512574,1.0486637,1.0581728,1.0529267,1.051707,1.0509965,1.0561374,1.0518606,1.0516508,1.0489697,1.0597312,1.0588057,1.0475488,1.05349,1.0555489,1.050287,1.0555081,1.0453101,1.0495843,1.0548629,1.0628477,1.0515031,1.0599347,1.0449837,1.0490823,1.0475084,1.0546509,1.0493172,1.0555543,1.0479696,1.0552597,1.0522372,1.050176,1.0513707,1.0432615,1.0534006,1.055995,1.0480834,1.0519338,1.0539527,1.0564697,1.0498505,1.058013,1.0546438,1.0558604,1.0551006,1.0546863,1.0533429,1.0517303,1.0482452,1.0474257,1.054861,1.0509133,1.0545509,1.0519283,1.0551438,1.051688,1.051172,1.0546778,1.0487636,1.0552496,1.048962,1.0619392,1.051164,1.050284,1.0469617,1.0612224,1.0546657,1.0536544,1.0558794,1.0534859,1.0514579,1.0602076,1.0503607,1.0497084,1.0518268,1.0450919,1.0476822,1.0537562,1.0523037,1.0494839,1.0540226,1.0527056,1.0552202,1.0535094,1.0533249,1.0519644,1.0550786,1.049663,1.0514706,1.0514176,1.0510793,1.0483592,1.0529689,1.0517075,1.0598073,1.0521494,1.0582918,1.0523181,1.053868,1.0575992,1.0465361,1.0536156,1.0534096,1.0494715,1.0467925,1.0472572,1.0535785,1.0547478,1.0485089,1.0598414,1.0451598,1.051174,1.0510309,1.046694,1.0547363,1.0548215,1.0585667,1.0534829,1.0523698,1.0500554,1.0436383,1.055928,1.0541109,1.0509713,1.0470111,1.0534132,1.0538161,1.0616927,1.0561574,1.051702,1.0549437,1.0507647,1.053701,1.0490294,1.0452235,1.0567155,1.0531583,1.052423,1.0451082,1.0465654,1.0501692,1.0493628,1.0539231,1.0473197,1.0553815,1.0588009,1.0586572,1.0543668,1.0478243,1.0489552,1.049161,1.0468746,1.0468365,1.0526882,1.048369,1.0516928,1.0521405,1.0541933,1.0572844,1.0563968,1.0558683,1.0607499,1.0498571,1.0561123,1.0503395,1.0559987,1.0465388,1.0577407,1.0526056,1.053455,1.0555427,1.0495446,1.041802,1.0561343,1.0546943,1.0480405,1.049715,1.0489999,1.0567747,1.0477722,1.0587655,1.0543786,1.0472779,1.046857,1.0564362,1.0514841,1.051572,1.0486671,1.0598415,1.0443155,1.0501009,1.052926,1.0599191,1.0505311,1.0559238,1.050412,1.0486844,1.0535814,1.0488533,1.0531582,1.047373,1.0540433,1.0541325,1.0536075,1.0545126,1.0523939,1.0390277,1.0560875,1.0574325,1.055384,1.0556083,1.0554501,1.0598394,1.0597669,1.0574436,1.0571334,1.0574626,1.0515178,1.0495858,1.0479608,1.0491184,1.0465127,1.0517765,1.0569383,1.0588418,1.060271,1.0506715,1.0618821,1.0484407,1.0415453,1.0597379,1.045578,1.0452619,1.0488803,1.0464841,1.0516511,1.0536371,1.0496215,1.0558883,1.051863,1.0502923,1.052506,1.0571381,1.0482246,1.0535164,1.052554,1.0539296,1.0574282,1.0548886,1.0526596,1.0481992,1.0541413,1.0557393,1.059565,1.0540541,1.0454305,1.0472118,1.0510861,1.0497519,1.044923,1.0468687,1.0578825,1.0620041,1.050888,1.044715,1.0496293,1.0513765,1.0523533,1.057101,1.0607716,1.0500643,1.0494449,1.0554243,1.0480973,1.0492367,1.046734,1.0545887,1.0531273,1.0510488,1.0538962,1.056532,1.0553315,1.0565925,1.0486109,1.051762,1.0493845,1.0530784,1.0513173,1.0500708,1.05585,1.0577222,1.0493187,1.0537668,1.0472748,1.0505176,1.0468453,1.0485436,1.0564476,1.0554539,1.051882,1.0531244,1.060807,1.0532483,1.0565575,1.0591815,1.0534269,1.0549387,1.0551043,1.0479044,1.0468003,1.052509,1.0546584,1.0548352,1.0452818,1.0579567,1.0559586,1.056823,1.0559394,1.0494936,1.0547448,1.0470552,1.0510397,1.0497233
0.3561251,0.3677396,0.37252066,0.3656691,0.37392506,0.37693238,0.3674974,0.36531225,0.37401688,0.3661782,0.37131268,0.37224284,0.36560735,0.36684063,0.37047526,0.36915147,0.36537915,0.3750381,0.37299028,0.3623969,0.37057167,0.36717892,0.3633,0.37041485,0.3630016,0.36634117,0.3692597,0.36821395,0.37365597,0.36294398,0.37026006,0.3639454,0.36467466,0.361612,0.36873305,0.37661082,0.37439662,0.37665763,0.37423724,0.36998668,0.3733374,0.373387,0.3661546,0.36856142,0.37049446,0.367615,0.37285736,0.37004417,0.360567,0.36444113,0.36807817,0.3761624,0.35983258,0.36623892,0.37269455,0.37061223,0.36500442,0.364876,0.36479715,0.37601,0.36454326,0.3628715,0.37292686,0.36933216,0.37092242,0.36821455,0.36089784,0.37427393,0.3656134,0.37058446,0.36118907,0.36528555,0.36776602,0.36267945,0.3718044,0.37330917,0.37287438,0.36603987,0.36645368,0.36323988,0.36660478,0.37529927,0.36854398,0.3705049,0.36664504,0.3734279,0.36725655,0.3656302,0.36917847,0.37204188,0.36917695,0.36918646,0.3621405,0.36332518,0.37017477,0.3678249,0.3720452,0.3635739,0.37374204,0.37712795,0.36828202,0.3649021,0.37016463,0.3687542,0.36534798,0.36542293,0.37064502,0.36595976,0.36824942,0.37335694,0.36276844,0.37296128,0.37199986,0.367262,0.3731745,0.37163064,0.36816606,0.3686334,0.3690176,0.3619035,0.37822193,0.371045,0.36611655,0.37276533,0.3663281,0.36407685,0.3739764,0.36772454,0.36715224,0.37745956,0.36410543,0.37732422,0.36491993,0.36151972,0.36833355,0.36948487,0.36688584,0.37546745,0.36850086,0.37552413,0.36982754,0.3672786,0.36465606,0.36551106,0.3640809,0.36761618,0.36776036,0.37062266,0.37044618,0.36220083,0.37008765,0.36630636,0.374974,0.37176907,0.36429158,0.36651868,0.36857402,0.37024328,0.36378133,0.37027422,0.36573863,0.36489412,0.36955008,0.374265,0.37359935,0.36836845,0.37641755,0.37451264,0.36818177,0.3710156,0.36675996,0.3694448,0.36993024,0.37093717,0.37859303,0.37335217,0.3628434,0.3586329,0.3711752,0.3661093,0.36775354,0.37532127,0.3644513,0.3696333,0.3763968,0.3683586,0.3651361,0.36982074,0.37243736,0.37368035,0.36825633,0.37452704,0.36733013,0.3668497,0.36403292,0.37589526,0.36602968,0.36427557,0.371876,0.37192217,0.3722044,0.36319748,0.37189874,0.37111396,0.36581913,0.36749947,0.36187434,0.36958367,0.3669354,0.36975646,0.37388346,0.37101,0.37005073,0.379952,0.37000132,0.3736514,0.36849174,0.36568868,0.36571637,0.3737944,0.37216556,0.37008908,0.3698406,0.36636397,0.36683097,0.36435094,0.37080276,0.36794087,0.37182003,0.37444037,0.36577457,0.3664253,0.37115932,0.36129376,0.3669509,0.36915746,0.36711848,0.36862034,0.37223342,0.37324888,0.37132797,0.36899182,0.37536088,0.36974818,0.36512086,0.3694157,0.37411267,0.3710576,0.37465975,0.37269142,0.37209105,0.36643118,0.37304285,0.36725718,0.365985,0.37357032,0.36362064,0.37215364,0.37576714,0.37099668,0.36250624,0.3688749,0.3694398,0.36607587,0.36979485,0.36341417,0.37476972,0.36938474,0.3700377,0.37228274,0.37014392,0.3695802,0.36916846,0.36432225,0.36356083,0.36662078,0.36977014,0.3575071,0.3609048,0.36789727,0.36721614,0.36833856,0.3611124,0.37447807,0.36688274,0.36684588,0.37058285,0.3664743,0.37298325,0.37538925,0.36901227,0.3734708,0.37260336,0.35784644,0.3696096,0.36939746,0.36319184,0.3722247,0.3714524,0.37032387,0.36031768,0.3687922,0.3696918,0.3633359,0.36177105,0.36983314,0.36781964,0.37103426,0.3632908,0.3667864,0.3771654,0.36819303,0.36908463,0.37317276,0.3655474,0.3664919,0.36606807,0.36584103,0.36228114,0.3634568,0.37606767,0.3686373,0.36645108,0.3735058,0.36268213,0.37129653,0.3645603,0.36884215,0.36426076,0.37601864,0.37156892,0.3709993,0.36800036,0.37024212,0.37315342,0.37562457,0.36857143,0.36815557,0.37167862,0.36710805,0.36671227,0.3638115,0.3681646,0.36639792,0.37082967,0.37078753,0.37029088,0.36460987,0.36553928,0.37082666,0.36495537,0.36836067,0.37300548,0.36850396,0.37187728,0.37033635,0.3706265,0.37463397,0.3663982,0.3672193,0.3619196,0.36351058,0.36936048,0.36693725,0.37168175,0.3693387,0.36884484,0.36825126,0.3707643,0.37074944,0.36457354,0.36848685,0.37517658,0.37779963,0.36627978,0.36962593,0.36960015,0.3681224,0.38045287,0.3660153,0.3688966,0.37605882,0.36538222,0.3690054,0.36976188,0.36986724,0.3709181,0.36658067,0.36999652,0.37065333,0.36975497,0.36636826,0.3693212,0.36785582,0.36453247,0.36239272,0.37309933,0.3714194,0.37017202,0.37332335,0.36540607,0.35822117,0.37448975,0.36533755,0.37203726,0.3651616,0.3714886,0.37173647,0.36667752,0.37159383,0.3716845,0.36897704,0.36796647,0.37393162,0.36792275,0.36661264,0.36564755,0.37226957,0.36396724,0.3686762,0.36862007,0.3671963,0.36871347,0.3662736,0.37151662,0.3655475,0.36542532,0.3688658,0.3704576,0.3705515,0.36412114,0.37235808,0.36371705,0.373117,0.36982793,0.362452,0.37003165,0.36482686,0.37180558,0.36787534,0.369894,0.36937046,0.36992377,0.36243206,0.36833572,0.36220807,0.37158093,0.37004682,0.36300156,0.37182495,0.37046722,0.37199605,0.37323382,0.3734029,0.36769432,0.36667827,0.36220834,0.37256885,0.3682279,0.36974275,0.37225562,0.3610764,0.36721608,0.37140203,0.36658227,0.36611673,0.36449403,0.3677586,0.37003255,0.36426696,0.37028462,0.36699933,0.36765376,0.3668572,0.37627852,0.36646873,0.36912832,0.36965954,0.36563915,0.36898383,0.36896658,0.36725813,0.37592915,0.37131184,0.36497194,0.3724899,0.36332467,0.36843944,0.36986083,0.3747232,0.3688543,0.3632287,0.3637239,0.37125272,0.37464234,0.35951823,0.36805102,0.36328748,0.37033153,0.36380288,0.37358814,0.37222368,0.37153575,0.37212113,0.37389168,0.37054217,0.3641911,0.37278247,0.3626905,0.37051582,0.36575976,0.36892018,0.37056988,0.37622923,0.36597776,0.36952794,0.3660402,0.37204576,0.36905926,0.363284,0.37685087,0.36804488,0.3634435,0.37411192,0.36555862,0.36915684,0.37563595,0.36975935,0.3788263,0.3676521,0.37175503,0.3705305,0.37562066,0.36879528,0.36205766,0.3664296,0.37031627,0.36876464,0.36937663,0.3695611,0.36848935,0.37048727,0.36102322,0.37208456,0.36698884,0.36686754,0.376742,0.36950397,0.37304303,0.37775627,0.37020642,0.36798614,0.36328536,0.37371802,0.36579084,0.36848533,0.37730598,0.37366405,0.365468,0.3681582,0.36853653,0.3636924,0.37022913,0.37236518,0.3638223,0.3687773,0.37700567,0.36457267,0.37937373,0.36640292,0.37088412,0.37336317,0.37603685,0.36860618,0.36782056,0.3651085,0.36196405,0.36831874,0.36098376,0.37331313,0.37454283,0.36526078,0.36960617,0.36426073,0.3737699,0.36571714,0.3593592,0.35866606,0.36925972,0.36145964,0.3740158,0.3688566,0.36682096,0.37061802,0.3648411,0.37453318,0.3568819,0.36641487,0.37126005,0.36752588,0.36940262,0.36945128,0.36896855,0.36801973,0.37147707,0.36467084,0.3675694,0.36304006,0.3632223,0.3717155,0.36811164,0.3707008,0.37346095,0.36831108,0.37578946,0.36897478,0.3680281,0.3791602,0.37218112,0.36964318,0.37491712,0.36515513,0.3671138,0.36901677,0.35962406,0.37679458,0.36316168,0.3587493,0.36863965,0.36884516,0.3684975,0.36617428,0.3729763,0.3710554,0.36756042,0.3674279,0.36952645,0.36179626,0.3709348,0.36439255,0.36592472,0.3712016,0.37052178,0.36930674,0.37438235,0.37090942,0.36768007,0.3688505,0.37654373,0.37400305,0.36994886,0.36589682,0.368658,0.3615444,0.36699548,0.37509,0.3665218,0.36330348,0.37515193,0.37049088,0.36785778,0.37340814,0.3701191,0.37197876,0.37375993,0.36765465,0.35691983,0.3683803,0.37136623,0.37678713,0.36687967,0.36680806,0.37076798,0.3699598,0.36891058,0.37439385,0.36554104,0.36889842,0.36946055,0.3718798,0.3714603,0.3684173,0.373148,0.36737937,0.37079224,0.38121322,0.3618834,0.36876938,0.36591375,0.3657019,0.37388054,0.36801982,0.36519015,0.36827892,0.36298,0.3641689,0.37177324,0.3672363,0.37215737,0.364569,0.36651155,0.37265733,0.37190676,0.36551693,0.3721203,0.36433622,0.37429306,0.3584482,0.36865315,0.3696077,0.37154058,0.36335582,0.36239174,0.37938353,0.3640651,0.37382442,0.3729259,0.3663882,0.36623153,0.37705955,0.36346906,0.37873745,0.37189993,0.37293798,0.36676234,0.37332436,0.37522277,0.37067372,0.3648497,0.3730861,0.36689404,0.37030864,0.36501926,0.3589997,0.36683267,0.3676789,0.3651989,0.36750934,0.36760285,0.36906627,0.36858118,0.37029895,0.3735944,0.3637993,0.368958,0.3743591,0.36317548,0.37182215,0.3649189,0.35736245,0.37310594,0.36849815,0.37190634,0.364171,0.3714057,0.3628466,0.3690748,0.36920866,0.3687562,0.36350697,0.37238812,0.3658561,0.3684805,0.3576944,0.37162104,0.36937875,0.36878064,0.36663434,0.3743432,0.3652678,0.37029433,0.36438864,0.36257115,0.366602,0.36729392,0.36593977,0.36630517,0.3693658,0.36960804,0.36722857,0.37221625,0.37595063,0.37643784,0.3705433,0.3712083,0.37163278,0.37470996,0.3673388,0.36448494,0.37182996,0.3735418,0.3683712,0.3649643,0.36716658,0.36401618,0.37641236,0.36237234,0.37914073,0.36812776,0.36526564,0.37315944,0.37324753,0.3604626,0.37598518,0.3688377,0.37242132,0.36565915,0.36506665,0.36621138,0.37072158,0.36796305,0.3715794,0.36298305,0.36776453,0.3688472,0.37970442,0.36786607,0.37214047,0.3684513,0.3706028,0.37260038,0.3645865,0.3680543,0.36599752,0.36288053,0.36945117,0.36808527,0.36768198,0.3719468,0.37100482,0.3704594,0.3721944,0.37210083,0.36805463,0.37052009,0.36921233,0.37369478,0.36830416,0.36660463,0.37184832,0.3641078,0.36884317,0.3681789,0.36783046,0.37513563,0.3650573,0.37631106,0.36654112,0.3770521,0.37098852,0.3666406,0.36329228,0.3683707,0.37073165,0.37158668,0.3638117,0.37069455,0.36617902,0.36806744,0.36753327,0.37306055,0.36731592,0.36399272,0.37547016,0.3695423,0.37625876,0.37455344,0.37039226,0.3673173,0.37368453,0.3725,0.36807227,0.36736205,0.36889824,0.37158117,0.3704092,0.3743128,0.3711433,0.37431479,0.36447823,0.36796626,0.37699512,0.3674871,0.36766955,0.3627451,0.36471382,0.37108073,0.36764047,0.3657327,0.36829448,0.3688739,0.3686427,0.36393824,0.36825746,0.3659258,0.36244512,0.37933478,0.3676523,0.3714928,0.37211603,0.37538803,0.36154062,0.36535126,0.3660524,0.3756832,0.37640175,0.37794948,0.36522022,0.36982363,0.37263298,0.37269273,0.37004325,0.36987814,0.36324257,0.36967352,0.36731198,0.3659456,0.3657601,0.36721522,0.37214664,0.36699405,0.36772722,0.3594583,0.36812463,0.36790687,0.37671113,0.36953646,0.36678255,0.3741156,0.36946324,0.36298656,0.37234083,0.36844876,0.3719914,0.3696947,0.36583585,0.37668985,0.36435175,0.36955768,0.37311324,0.36875546,0.36474276,0.36930123,0.3596131,0.35872403,0.37137818,0.36934686,0.3689834,0.36809972,0.3690372,0.37318307,0.36922318,0.37189493,0.36661214,0.37472785,0.36784482,0.3668469,0.361637,0.36691043,0.36446923,0.36788145,0.36629474,0.37816936,0.37004396,0.36876127,0.3662556,0.36080426,0.36709476,0.3665748,0.36989558,0.36817187,0.36308083,0.3748833,0.36525464,0.36788616,0.36524385,0.37336648,0.36978966,0.37371525,0.36926782,0.37027353,0.366269,0.37352273,0.36805016,0.36846593,0.37368417,0.36667335,0.36989096,0.36741248,0.37599316,0.36790258,0.36192623,0.36858088,0.36978078,0.36687356,0.36447483,0.36517662,0.37058985,0.37136838,0.3677847
