0.5628035,0.5593437,0.54986,0.5437947,0.5568801,0.5540464,0.5508481,0.5403218,0.55102015,0.53882027,0.55610543,0.54413587,0.54651356,0.54329216,0.5555924,0.5592409,0.53436375,0.5555435,0.53744596,0.5452868,0.55180275,0.5422594,0.55381155,0.55358243,0.5525582,0.5418741,0.55136704,0.55943304,0.5419569,0.54788494,0.558139,0.55389357,0.5533499,0.54955375,0.55794287,0.57445234,0.54114527,0.5453015,0.5629218,0.5609236,0.56141335,0.5454794,0.5543741,0.5328587,0.5507741,0.55442923,0.55801064,0.54580474,0.5624887,0.5449146,0.5343817,0.56312215,0.56679755,0.5713475,0.5372268,0.5516865,0.5359007,0.5601914,0.56207967,0.5366086,0.5364741,0.55694324,0.54609996,0.53933257,0.5427491,0.5459048,0.55492157,0.53611684,0.54196924,0.5510361,0.54637754,0.55160975,0.54983294,0.5388009,0.56004554,0.53522295,0.54661167,0.54776174,0.55301327,0.5394722,0.5645778,0.5529341,0.57119596,0.5588159,0.5550732,0.5663762,0.5587752,0.54988146,0.5415032,0.55215275,0.5443583,0.5559657,0.5614006,0.5349412,0.58072656,0.5328902,0.560557,0.5552762,0.56267416,0.5627991,0.56036484,0.55813444,0.5515031,0.54169196,0.54803383,0.5358292,0.5530598,0.5557527,0.5625324,0.5499116,0.53398526,0.55403805,0.56562036,0.52540475,0.5342651,0.54857594,0.5637559,0.56154794,0.54339653,0.5439022,0.5447746,0.5392884,0.5653202,0.5697584,0.5623254,0.5577927,0.5637128,0.5381763,0.55703115,0.5425981,0.54644084,0.5594046,0.55071664,0.54647666,0.5581137,0.5539777,0.55717057,0.5499135,0.56196487,0.53221196,0.55507296,0.5371823,0.55113333,0.549956,0.554504,0.53301346,0.5619509,0.57466865,0.5585028,0.54233414,0.5396793,0.56545824,0.5513281,0.5324401,0.54870015,0.5334972,0.5601817,0.55611044,0.5663742,0.57326126,0.560033,0.55673945,0.55048645,0.562755,0.56322205,0.5589479,0.54345876,0.5562046,0.54863256,0.528351,0.53750414,0.56910974,0.5410578,0.5519721,0.55524564,0.56774795,0.5384096,0.5414919,0.54581964,0.54480904,0.58987206,0.52937627,0.54975533,0.5619438,0.5491847,0.56344473,0.5387873,0.54249084,0.5330893,0.5504222,0.5521007,0.5440901,0.56699497,0.5377907,0.5475844,0.54798234,0.56228364,0.5373408,0.555964,0.5494112,0.5204938,0.5679212,0.5458742,0.53603077,0.5574648,0.55385816,0.55613095,0.54262316,0.5660105,0.54055154,0.54670435,0.5495068,0.5423449,0.5549492,0.5510512,0.54614025,0.5748044,0.5644937,0.55473757,0.56407446,0.55571586,0.5528547,0.5595846,0.5704169,0.5464383,0.54089427,0.5373663,0.53512836,0.5378993,0.5464814,0.5475362,0.5597492,0.5661761,0.56805366,0.5625493,0.5667017,0.5460572,0.55846995,0.5534801,0.5420132,0.553851,0.54328245,0.5381874,0.5552476,0.5692939,0.5246313,0.543784,0.56158084,0.55598354,0.54778254,0.5259663,0.5527874,0.5437859,0.561395,0.54550904,0.56602216,0.56925684,0.5570809,0.5538252,0.54056376,0.55941236,0.54626286,0.5513551,0.5444452,0.5495278,0.5545685,0.5437852,0.5524369,0.53483224,0.5590734,0.56587195,0.5708931,0.56297547,0.5436993,0.5454494,0.5581962,0.565056,0.5607831,0.5551963,0.5594692,0.54739994,0.55488944,0.5647146,0.54242784,0.5477351,0.55408615,0.5407031,0.5409233,0.54337,0.5504987,0.5362091,0.5466895,0.55686766,0.5451693,0.54595375,0.5481658,0.55588746,0.5459144,0.5662095,0.5603416,0.5520626,0.56170887,0.5536823,0.56905586,0.53744864,0.52936,0.5534364,0.558142,0.5640752,0.5491663,0.5568432,0.55689853,0.5589695,0.5522388,0.540369,0.552004,0.5604712,0.53424203,0.5681337,0.55086684,0.5484101,0.54485655,0.5481484,0.54977137,0.5582022,0.5478025,0.55588,0.55990165,0.5506178,0.5417692,0.5557479,0.55911946,0.55315506,0.5434653,0.54888326,0.5451757,0.5586823,0.55846334,0.54542136,0.5544231,0.5379576,0.5560748,0.55832016,0.5497136,0.5531805,0.5441406,0.56239057,0.5394,0.5369985,0.53594035,0.55704075,0.5579459,0.5436948,0.5588813,0.5585528,0.5582434,0.5528595,0.5548044,0.54253685,0.5484831,0.5476513,0.56125945,0.552746,0.5404569,0.56090444,0.550478,0.5563986,0.5465124,0.5490689,0.5479061,0.5692532,0.5644668,0.5589446,0.55384415,0.5400866,0.52845484,0.5413678,0.56141996,0.54817665,0.5410765,0.55566573,0.57182497,0.5726607,0.5563222,0.55980325,0.53349894,0.5433815,0.5371727,0.5411331,0.55874497,0.5470472,0.5616496,0.5520281,0.5612388,0.5523551,0.55848414,0.5571059,0.5509406,0.5619893,0.56484026,0.54718596,0.5539968,0.5526675,0.54034156,0.5461416,0.5534887,0.54811174,0.5384362,0.5533341,0.5462456,0.5505606,0.5536354,0.57121176,0.5600376,0.55880576,0.54737806,0.54555136,0.5580211,0.55504555,0.54013956,0.5374397,0.5569508,0.54739195,0.560489,0.5496435,0.54807884,0.5551161,0.5570098,0.53938,0.53483516,0.5494538,0.55682033,0.5614271,0.56273407,0.54594207,0.5407862,0.545033,0.5532584,0.53291416,0.56341326,0.54942775,0.5611984,0.5386924,0.53633505,0.56809163,0.5466468,0.5598948,0.5412062,0.55998677,0.55523425,0.5453003,0.54136634,0.58258224,0.56909686,0.534778,0.55201423,0.53958166,0.53009075,0.5443182,0.5617158,0.56089556,0.5317516,0.52762437,0.55412203,0.55570126,0.5670955,0.5496904,0.54775304,0.56912065,0.54561466,0.54595685,0.56190467,0.54114056,0.56106734,0.5618626,0.5511842,0.5633078,0.5456507,0.5568711,0.58296937,0.53712195,0.53521574,0.5370893,0.5640862,0.5579104,0.55556846,0.5522382,0.57491463,0.539884,0.55070937,0.5500024,0.55813706,0.5483924,0.5620217,0.5341527,0.54993534,0.5474173,0.55749327,0.54431516,0.5559795,0.56227094,0.56396806,0.54938745,0.55556136,0.56603193,0.53666145,0.5598926,0.54442847,0.56393504,0.5316756,0.5347966,0.5436234,0.54706293,0.5460885,0.53801274,0.57092613,0.5571105,0.5624095,0.54946023,0.54751563,0.5600773,0.55537754,0.56054884,0.5528653,0.57761693,0.5455741,0.5641704,0.5631337,0.53300685,0.5508261,0.5618994,0.5315977,0.5460505,0.53608394,0.55582464,0.5513231,0.55653274,0.54788023,0.5428565,0.5396119,0.5517487,0.5527603,0.5424405,0.5571215,0.55059654,0.53599143,0.5387002,0.562885,0.55183226,0.5578122,0.5516077,0.56944597,0.56114215,0.5721254,0.552164,0.5585444,0.5310841,0.5520682,0.537749,0.54976493,0.5624115,0.555094,0.5506106,0.5428483,0.5508358,0.54757893,0.5462521,0.54771394,0.5760401,0.57061905,0.5450869,0.5481424,0.5764132,0.53005373,0.5583543,0.5281184,0.55796033,0.54375863,0.5522397,0.55406606,0.56155187,0.5585356,0.54068506,0.5699915,0.57156503,0.54227173,0.5530868,0.5550531,0.54246044,0.56217587,0.55170906,0.55683804,0.5563063,0.5465356,0.55976886,0.5608133,0.5602189,0.5357951,0.5592653,0.5555231,0.55558246,0.56917787,0.5379928,0.5423864,0.5472991,0.55313,0.5607847,0.5399691,0.5601092,0.55847836,0.5443742,0.5408869,0.54323304,0.54115784,0.5624952,0.5498707,0.54369336,0.5545664,0.55723417,0.5473376,0.55265987,0.53771085,0.55951554,0.5564142,0.5425685,0.5513224,0.5471572,0.5422451,0.5640008,0.5593079,0.5365508,0.55503464,0.5482405,0.55659604,0.55484974,0.5736714,0.55442727,0.548228,0.5505119,0.5568996,0.561323,0.5518556,0.56036484,0.557514,0.5426486,0.5188523,0.5450318,0.55263376,0.54917586,0.53816426,0.5492998,0.55351704,0.555549,0.56198937,0.56677186,0.55510896,0.54958975,0.5684837,0.54791176,0.5562427,0.5460359,0.5507296,0.541114,0.5498914,0.5341502,0.53424454,0.5601946,0.5414226,0.5637655,0.55739015,0.5580298,0.5438557,0.5575329,0.553575,0.5546316,0.5564543,0.5646735,0.55901486,0.5465179,0.5381083,0.55334073,0.5821129,0.55184543,0.56350195,0.55323446,0.5420989,0.5676174,0.53984874,0.5596542,0.54932934,0.55101687,0.56692445,0.5562222,0.54202455,0.55977446,0.54464805,0.5596445,0.5561788,0.5384017,0.56633306,0.5517846,0.5527077,0.5398611,0.5462169,0.54653955,0.52993864,0.5655629,0.5462067,0.5502028,0.58642673,0.54636616,0.55551594,0.5569016,0.565144,0.5597233,0.57029504,0.54365474,0.5473041,0.55583256,0.55159473,0.56525815,0.5587697,0.56778926,0.56130373,0.5559263,0.536469,0.54471475,0.5517066,0.5597927,0.5577826,0.55556625,0.5508722,0.569233,0.5355801,0.5317834,0.5557551,0.5505422,0.5478378,0.5505276,0.5490383,0.5654219,0.556588,0.5577725,0.54147005,0.5488266,0.5492132,0.544095,0.5562846,0.54051584,0.5211542,0.5425757,0.5689979,0.5478426,0.5463255,0.553737,0.53924114,0.5506502,0.5471705,0.54707956,0.5572502,0.5528347,0.5536695,0.55201805,0.5597598,0.55229795,0.55077314,0.5719054,0.5767497,0.5570276,0.5696525,0.5471184,0.5457508,0.5673183,0.5589618,0.5726482,0.55219334,0.54796034,0.55629045,0.56106293,0.5489989,0.5450358,0.5361625,0.5445795,0.54686314,0.563525,0.5546388,0.5423151,0.54400295,0.54250413,0.56230557,0.559604,0.54248077,0.54336905,0.5558469,0.5537993,0.55361897,0.5660479,0.5238016,0.5679917,0.5588132,0.55040747,0.5611285,0.5735826,0.55223036,0.5455805,0.55193174,0.5508699,0.53900665,0.55336666,0.56850183,0.5547325,0.54373,0.538978,0.5595845,0.5441519,0.55750483,0.56175196,0.5563283,0.56740487,0.5582784,0.54298043,0.56191146,0.5452398,0.54738027,0.5570251,0.53889465,0.56243885,0.549659,0.5651453,0.55798566,0.54855996,0.5608163,0.55755526,0.5419824,0.53888947,0.5554267,0.57524794,0.5478166,0.5423338,0.55968744,0.55526936,0.57087684,0.5428481,0.5514184,0.54783934,0.5292496,0.5429164,0.5474734,0.56435573,0.53532445,0.5510008,0.5411356,0.5498147,0.5484544,0.5455079,0.5519722,0.5612139,0.548807,0.5421889,0.552959,0.5502227,0.54842836,0.5487623,0.5451599,0.5563789,0.5362415,0.5586799,0.5493102,0.5485398,0.563663,0.5195581,0.553455,0.55766594,0.56341183,0.5622206,0.5487423,0.54717743,0.5401982,0.548599,0.5352357,0.5470574,0.5715882,0.5526573,0.5450396,0.55390275,0.5573852,0.55830985,0.575825,0.57164353,0.5461885,0.5575583,0.560256,0.5566453,0.55722654,0.5435907,0.551678,0.58149385,0.5302857,0.5651147,0.543197,0.5327854,0.5543172,0.5616553,0.5446684,0.5705426,0.5659112,0.54332787,0.5470328,0.5413556,0.5589548,0.5600445,0.5521492,0.5682523,0.564128,0.53243655,0.5318336,0.5429617,0.55321515,0.53911716,0.5543185,0.535094,0.54506487,0.54274106,0.5410785,0.5541905,0.55557954,0.537417,0.5598236,0.55021596,0.53555244,0.5634105,0.5534742,0.553962,0.5589528,0.5529706,0.5508428,0.5546717,0.5487515,0.54839635,0.5598263,0.55844396,0.5427841,0.54925954,0.5527039,0.5507338,0.55196846,0.54307216,0.5614248,0.54752237,0.54415894,0.55375344,0.5563035,0.5511261,0.5360144,0.556494,0.5705749,0.54783356,0.5290814,0.5542063,0.53493065,0.55763954,0.5426611,0.55808073,0.5720779,0.5350265,0.5319643,0.5521868,0.5677982,0.55103505,0.5631411,0.52391094,0.5575204,0.5478496,0.5551823,0.548901,0.55397826,0.5471437,0.55039954,0.52753305,0.5479803,0.5657241,0.54912674,0.53265816,0.55191493,0.5509344,0.5654059,0.54145586,0.56639564,0.57582825,0.5598991,0.576016,0.5244603,0.548456,0.55262107,0.56020224,0.5674274,0.5542413,0.561209,0.56684524,0.5382449
0.5777431,0.563596,0.5856599,0.560433,0.58218354,0.5801665,0.57481784,0.57586765,0.59699655,0.58046937,0.579716,0.5596932,0.5707486,0.5734165,0.56709796,0.57227993,0.55835086,0.5567825,0.56547153,0.5636524,0.56444395,0.56881326,0.58312285,0.5648587,0.5673627,0.5615962,0.5618819,0.5767153,0.57061553,0.5628285,0.58002937,0.5828004,0.56779015,0.5729503,0.57289803,0.5689263,0.5842762,0.5649249,0.57141656,0.5617919,0.57560116,0.5771009,0.57506615,0.56594723,0.56964076,0.5912041,0.5729211,0.5536529,0.57061756,0.58301306,0.57559353,0.56878865,0.56864136,0.5739153,0.56850356,0.572085,0.5736826,0.572026,0.60045433,0.5537545,0.5597429,0.57265204,0.571102,0.5664573,0.572892,0.56968486,0.57174325,0.5697525,0.55839646,0.5850923,0.56204414,0.5732014,0.58689207,0.56476295,0.5789503,0.56258196,0.56046474,0.55868435,0.56608903,0.57563835,0.57813084,0.5608345,0.5630019,0.57198995,0.5598344,0.58809286,0.5984566,0.57982594,0.5835609,0.57882345,0.571912,0.56832117,0.572292,0.56068194,0.5838879,0.573069,0.5697465,0.58626056,0.568648,0.5822259,0.57431626,0.5761818,0.56327635,0.5695336,0.57625705,0.5711377,0.5724906,0.5640079,0.5661686,0.5698911,0.57332265,0.56802756,0.57394135,0.5659418,0.551447,0.57652843,0.5830347,0.56441957,0.57935995,0.5822725,0.57428694,0.5780331,0.5776259,0.5799356,0.57833344,0.58343446,0.57002383,0.5584941,0.5624378,0.56266356,0.56843334,0.5833167,0.56246656,0.59537506,0.57263005,0.5817596,0.5707828,0.5748741,0.5758974,0.5602605,0.56067556,0.5713099,0.5696466,0.57374424,0.5726215,0.5754568,0.58428276,0.5685015,0.56289744,0.57929426,0.581511,0.5800845,0.5856971,0.54945624,0.57143897,0.55326647,0.5807353,0.5872484,0.5716735,0.5768579,0.57846266,0.57435036,0.57921284,0.5819935,0.58281237,0.57794815,0.5836084,0.56655073,0.54612714,0.57341194,0.55096865,0.57755035,0.58422405,0.5733986,0.579796,0.5821417,0.5535476,0.5582865,0.56783134,0.56627816,0.5833168,0.56218356,0.5667171,0.5749314,0.5579094,0.58960015,0.57187915,0.5714097,0.56712884,0.55294424,0.58416355,0.5797554,0.57341903,0.57378554,0.5682159,0.5615864,0.57173723,0.5696984,0.57037807,0.56615835,0.56229496,0.56262326,0.5599188,0.5686025,0.5764462,0.57276845,0.5731309,0.5644431,0.56537807,0.57105637,0.574871,0.5774466,0.5774752,0.58350796,0.5703979,0.56683975,0.58594555,0.5820834,0.58807474,0.5806605,0.578167,0.5688728,0.5785635,0.5637625,0.58181924,0.56735235,0.5699143,0.5638338,0.5717793,0.56688046,0.5807283,0.57263833,0.5641388,0.5728403,0.5702094,0.5840513,0.55536145,0.577127,0.565089,0.5822795,0.5919744,0.5575712,0.5762858,0.5589739,0.5690584,0.5463996,0.5636219,0.5738336,0.56833434,0.5758848,0.57062656,0.577894,0.5837828,0.561568,0.5749628,0.5868033,0.59038913,0.58120275,0.5624314,0.59793586,0.5873999,0.58532345,0.577539,0.5528524,0.5592192,0.5781139,0.5549877,0.5986294,0.56131905,0.5717409,0.56983846,0.56482494,0.5720925,0.5607476,0.54786205,0.58003855,0.5629,0.5760356,0.5676612,0.584374,0.5670784,0.575828,0.5716515,0.56133133,0.5673935,0.5742078,0.56147337,0.5660692,0.5583155,0.56776875,0.5739788,0.57320416,0.55793947,0.5512205,0.5627643,0.54925054,0.5784336,0.5584721,0.58139294,0.5766131,0.55935484,0.57484466,0.5795846,0.56409407,0.5870797,0.5638109,0.580048,0.56738514,0.57776004,0.57808954,0.57147884,0.56335336,0.5794135,0.55727595,0.5562069,0.5769852,0.5591464,0.5721428,0.56855077,0.57064325,0.56418574,0.59017336,0.56806606,0.581468,0.59293675,0.57072663,0.57592845,0.5730075,0.5591501,0.57316256,0.5753028,0.57195723,0.5707496,0.58777446,0.57221663,0.56755537,0.57188535,0.57214797,0.573119,0.571054,0.5539844,0.5678211,0.5578232,0.56189454,0.5753311,0.5730894,0.57732755,0.56751996,0.5581724,0.5750196,0.5683653,0.5727692,0.5751895,0.57151574,0.57830125,0.57137483,0.55626655,0.5756388,0.5560779,0.5910007,0.5746901,0.5767816,0.5692435,0.56796306,0.5832091,0.5664117,0.578141,0.56302965,0.57313067,0.54748297,0.5661224,0.5799586,0.5708941,0.56099,0.5623331,0.58018684,0.5671339,0.5825725,0.55899423,0.58725977,0.5859623,0.5788135,0.5797252,0.56856424,0.58215004,0.5623445,0.5578773,0.56392217,0.55159014,0.5673202,0.5645754,0.5807829,0.55766505,0.5766818,0.5732953,0.5851716,0.5777497,0.5661108,0.57666814,0.57612294,0.5692377,0.5728691,0.57178664,0.5745153,0.5730797,0.56971836,0.5665183,0.57657665,0.5654813,0.57914823,0.56853366,0.58431846,0.5691918,0.56000024,0.59247905,0.57923836,0.5626348,0.5774347,0.5693528,0.55258185,0.5792045,0.5652165,0.569961,0.55821246,0.56496537,0.56433994,0.5805407,0.57044363,0.56764305,0.5711751,0.5536504,0.5705514,0.55718195,0.5765675,0.5637867,0.5867127,0.57669353,0.57625455,0.57328093,0.5785593,0.5809009,0.58255786,0.57562256,0.557897,0.57428396,0.57679707,0.5768404,0.57875216,0.5705954,0.577939,0.5667125,0.5787322,0.57575095,0.5760121,0.57166165,0.5891431,0.58053505,0.545849,0.5651431,0.5725759,0.5734577,0.5490328,0.5762884,0.56904554,0.5850795,0.5870098,0.5634749,0.58419955,0.5748617,0.5758749,0.5682793,0.5824432,0.5812653,0.56614435,0.57480955,0.5526078,0.5819668,0.5659311,0.5684922,0.57528216,0.56535417,0.57267094,0.57444364,0.57542884,0.5670669,0.5827195,0.5777763,0.58271277,0.5656954,0.57213575,0.57902133,0.5628116,0.5559531,0.57522076,0.56253326,0.5915452,0.57346076,0.5665566,0.58109653,0.57665306,0.5830727,0.5717659,0.56437826,0.5681144,0.5850236,0.572697,0.5866659,0.5660671,0.57525057,0.5841737,0.5689726,0.57265466,0.5914244,0.5727556,0.57067126,0.575194,0.5608226,0.562848,0.57150185,0.56949216,0.57260823,0.5562322,0.5665199,0.5583874,0.58434916,0.58857954,0.59660095,0.58881,0.57441634,0.5663813,0.5642364,0.57569325,0.5766581,0.57638246,0.5635737,0.5790668,0.57191604,0.5684076,0.5624794,0.5747876,0.5596164,0.57349247,0.58658856,0.57116264,0.57915986,0.55467105,0.57137775,0.5563304,0.5651426,0.5684956,0.57373184,0.57467526,0.57079715,0.579678,0.57566804,0.57685626,0.56570756,0.56837213,0.5761995,0.5676105,0.57723963,0.5780347,0.56262577,0.5748748,0.5781959,0.5712178,0.56832594,0.56029296,0.5804925,0.5602795,0.5590086,0.5605648,0.57344085,0.5547531,0.5779344,0.5724716,0.5584802,0.56115544,0.5771146,0.58109266,0.5652612,0.57513547,0.5739787,0.5615143,0.5615954,0.5818554,0.5742645,0.57105446,0.5742228,0.5722199,0.5658823,0.56284606,0.58008695,0.57328695,0.57343215,0.575751,0.5523268,0.5736079,0.5759,0.57778627,0.5684359,0.59525985,0.57068,0.579489,0.57236564,0.5726527,0.58118826,0.56710404,0.5914212,0.5653107,0.5825525,0.5459362,0.5710321,0.5711981,0.5553018,0.56485885,0.5794687,0.555455,0.5773632,0.57036823,0.568439,0.551422,0.5795621,0.5791375,0.5621128,0.5718676,0.57606316,0.57610035,0.56405914,0.56288034,0.56633157,0.560307,0.5713942,0.56584877,0.57695514,0.58692884,0.58904994,0.5650896,0.5648738,0.56065047,0.5838735,0.58510286,0.5748863,0.56368065,0.5689489,0.5676158,0.5702453,0.57007027,0.5672678,0.57080144,0.5796605,0.5718096,0.5586292,0.5841524,0.56750864,0.56337357,0.5685237,0.5841971,0.571615,0.57266057,0.57143605,0.57363826,0.5749798,0.5725617,0.55930966,0.5716642,0.5804215,0.554613,0.57677114,0.5876044,0.57769185,0.5821954,0.57479036,0.56209135,0.5859789,0.57488364,0.5740218,0.57054335,0.5653926,0.5680063,0.5659354,0.5735798,0.5684812,0.5659894,0.58693343,0.55915564,0.5913803,0.58128273,0.5776597,0.5626415,0.58324856,0.5661379,0.57646155,0.58938974,0.58687496,0.5689331,0.57138026,0.57669413,0.5653638,0.57207364,0.5816272,0.5620914,0.570941,0.55704397,0.57595634,0.55429924,0.5444821,0.5806205,0.59156257,0.5914271,0.5597561,0.56719965,0.55990505,0.5714494,0.5770692,0.5783236,0.57185215,0.5766068,0.58251464,0.5632207,0.5641278,0.5806106,0.58289653,0.5849058,0.5543223,0.57560194,0.57676375,0.5703361,0.5723614,0.5933746,0.59457594,0.56574386,0.5697266,0.57082266,0.57100433,0.5558957,0.57764685,0.5595028,0.5783493,0.56738603,0.56271464,0.58110493,0.57209235,0.5806359,0.5688887,0.5760839,0.5640872,0.55491734,0.5707711,0.55998117,0.5662189,0.579265,0.5681172,0.5662053,0.57965904,0.557402,0.5643217,0.5781996,0.57969743,0.5620155,0.581896,0.5682487,0.5717135,0.5748904,0.5773752,0.57152516,0.56494,0.5698837,0.58155316,0.5920071,0.554959,0.5731502,0.5832656,0.5909013,0.5646474,0.5827138,0.56930584,0.55353075,0.56125426,0.5492947,0.5830879,0.5676072,0.564667,0.5706835,0.58565134,0.5857136,0.58785623,0.57467717,0.5770139,0.59913063,0.5653514,0.57674587,0.56631213,0.5788813,0.5700975,0.58125186,0.58120114,0.5726571,0.57933944,0.57157004,0.5523957,0.579707,0.5660986,0.5772828,0.57272613,0.5553941,0.5543829,0.58453095,0.57041717,0.573879,0.5776361,0.5597657,0.55113196,0.58840257,0.56146526,0.5766996,0.57170516,0.5773208,0.57915837,0.5840107,0.5644611,0.5774666,0.5577215,0.561596,0.5622973,0.5766279,0.57604635,0.5699344,0.5689763,0.5908819,0.5609071,0.5706135,0.55518067,0.5676296,0.58015776,0.5824258,0.5751045,0.5590714,0.564249,0.5692004,0.5714702,0.55734617,0.5897846,0.5729743,0.5728414,0.57257897,0.5621662,0.57519996,0.57610977,0.57687074,0.57466996,0.563714,0.5598637,0.5739681,0.58431566,0.5721793,0.59253013,0.5491155,0.57656014,0.5675221,0.55832875,0.5810834,0.5777616,0.5607123,0.57742876,0.5664624,0.5732759,0.5797617,0.5640523,0.57391423,0.5441484,0.5577547,0.56292385,0.57037836,0.5624041,0.56892926,0.5727292,0.57101375,0.5781845,0.5724333,0.57363987,0.5669391,0.56580776,0.57907724,0.5841135,0.568079,0.58314264,0.57009554,0.5664586,0.5660574,0.55730265,0.5782323,0.5740331,0.57898265,0.57957196,0.56630844,0.57086116,0.56048846,0.56804496,0.57023513,0.5601931,0.572859,0.57952625,0.5751388,0.58352,0.57451385,0.57090646,0.57183725,0.55818135,0.5737186,0.5701224,0.5612638,0.5772737,0.56866556,0.56063265,0.5722902,0.5548257,0.5876714,0.5643925,0.5613131,0.57391995,0.55470264,0.5602318,0.5707944,0.5670856,0.5761079,0.56519586,0.5568372,0.5624502,0.5556591,0.5747432,0.5779895,0.5766283,0.5894705,0.58109957,0.56377554,0.57154644,0.56210077,0.5619594,0.5852844,0.55899423,0.5658378,0.57508296,0.58277416,0.5634757,0.5789665,0.5821693,0.5863193,0.568021,0.57445735,0.57349503,0.56354535,0.57939553,0.5785889,0.5666298,0.5669494,0.55565345,0.566465,0.57129914,0.5558367,0.5667441,0.5506776,0.5687194,0.5721065,0.5698607,0.5593926,0.58594006,0.58539975,0.55276716,0.577835,0.54563147,0.58667785,0.57168543,0.57461506,0.5709787,0.57437843,0.56351155,0.5805162,0.5710679,0.5811787,0.5709145,0.5703988,0.5561353,0.5674297,0.5786996,0.57114315,0.55898887,0.5731674,0.5638671,0.5759203,0.569966,0.56956804,0.5504396,0.5826116,0.5915684,0.5776506,0.57053626,0.5619736,0.5703114,0.55844194
0.725813,0.71807796,0.709843,0.7264857,0.71140337,0.71855325,0.72013456,0.7096992,0.731689,0.72760797,0.7156734,0.71715087,0.72855467,0.709023,0.72668445,0.7218205,0.7132231,0.70365506,0.70900244,0.7157953,0.7087594,0.72054946,0.7127861,0.71695143,0.71924555,0.7129227,0.71199024,0.7260219,0.7178839,0.71235085,0.71337986,0.71474653,0.70429015,0.72118235,0.7204907,0.7255153,0.7323566,0.70375097,0.72727543,0.718561,0.72816616,0.73395723,0.7307125,0.71019197,0.7129747,0.7425563,0.7283458,0.70506924,0.72478366,0.72032446,0.7301417,0.71207905,0.71384364,0.7201696,0.7263338,0.7352733,0.7287625,0.73217183,0.7287174,0.707392,0.6989137,0.70955473,0.7137791,0.7161216,0.7259415,0.72616124,0.7273247,0.72017854,0.70831805,0.71280885,0.71376646,0.7191249,0.7125972,0.7054311,0.7154173,0.712491,0.71037215,0.6962024,0.7095871,0.7224025,0.7317681,0.7109056,0.7250992,0.7310432,0.71920335,0.7234918,0.7350447,0.73052853,0.71932966,0.7216108,0.7153635,0.71258104,0.7157411,0.71093386,0.7176027,0.70198166,0.73103666,0.738621,0.7086205,0.7183181,0.718695,0.71103567,0.71441245,0.71059054,0.73019576,0.71794975,0.72249264,0.7136858,0.72961843,0.72816885,0.72424394,0.7165665,0.719301,0.70894575,0.71447146,0.7282722,0.7320785,0.72341394,0.71511114,0.72896206,0.71045935,0.7295637,0.7368753,0.7398433,0.7210997,0.7325699,0.7145899,0.6952116,0.718462,0.7072926,0.72444034,0.7174143,0.7102357,0.7170694,0.7117147,0.72234917,0.706223,0.7193162,0.72484493,0.70773214,0.7124528,0.71006864,0.71380496,0.7115217,0.7171669,0.71015847,0.72715163,0.71698874,0.7279665,0.70512795,0.71028984,0.73392487,0.71882886,0.7115236,0.71814686,0.71255744,0.71598756,0.72438383,0.725515,0.72723657,0.72688353,0.7050326,0.71538365,0.7263473,0.7171489,0.7353879,0.7149778,0.7159023,0.7181123,0.7223179,0.7150053,0.7190122,0.70900255,0.718163,0.7361846,0.73001856,0.7111829,0.7057347,0.7190029,0.70894766,0.72820735,0.70145816,0.71975946,0.7239197,0.7141455,0.7194405,0.7042306,0.7094947,0.72156674,0.7105444,0.73226124,0.7143651,0.7126515,0.70940375,0.7222894,0.7147068,0.7223525,0.71555233,0.7239193,0.7072455,0.71946454,0.7100789,0.72454375,0.71895486,0.7203803,0.718758,0.7266138,0.72254354,0.7190524,0.725897,0.7197102,0.71933216,0.7098529,0.73495483,0.7263494,0.70699596,0.7283184,0.725616,0.7173238,0.72965926,0.7347627,0.7258199,0.7292312,0.70569277,0.72097015,0.7180775,0.71145797,0.72035056,0.70846725,0.7163847,0.71384305,0.7199355,0.70968133,0.72447217,0.72673464,0.72753185,0.7210993,0.7152585,0.7180228,0.72297615,0.72794586,0.70668316,0.7263533,0.72005737,0.72122455,0.6972048,0.7214118,0.7104162,0.7140314,0.7260194,0.7111394,0.72706825,0.7243053,0.72847736,0.72586507,0.7232454,0.73531127,0.7256088,0.7063645,0.72651964,0.72784984,0.7249995,0.7199171,0.70119137,0.71388674,0.71869344,0.7105741,0.7211008,0.7049695,0.7145228,0.70766073,0.72913474,0.72030616,0.7096133,0.7153445,0.73215866,0.70866203,0.72688675,0.7182221,0.721968,0.71203727,0.72762835,0.7096798,0.73219424,0.7173452,0.71084094,0.72792864,0.7259036,0.71286786,0.7124276,0.71670204,0.71286327,0.7046204,0.70596623,0.70801675,0.7063197,0.71546084,0.70467746,0.7150577,0.729369,0.7123171,0.7200711,0.73120034,0.72902346,0.7148565,0.7119232,0.72819155,0.7129025,0.71864796,0.7028515,0.7296417,0.71078795,0.7167712,0.72892076,0.71555674,0.7345622,0.71526444,0.7274948,0.7191704,0.7294344,0.7139151,0.721841,0.71568036,0.722851,0.72246647,0.7256869,0.7137351,0.71694964,0.72363734,0.7215496,0.71737564,0.71919847,0.73125124,0.71852326,0.7144639,0.7209464,0.7241327,0.7269058,0.7132909,0.7065382,0.70804185,0.72804904,0.71698934,0.7121005,0.72340053,0.71530443,0.71071845,0.7186624,0.7122304,0.71763235,0.7123152,0.7132543,0.7221267,0.71725315,0.7236365,0.71279675,0.7224703,0.7150281,0.71620435,0.73514,0.7157008,0.71602255,0.7149695,0.7106464,0.71114427,0.71105784,0.7131311,0.7104351,0.7147593,0.69748884,0.7199566,0.727277,0.7121612,0.72519433,0.70574874,0.7181689,0.7128923,0.73219454,0.6990735,0.73380625,0.72900724,0.72612447,0.72335297,0.71554756,0.71196616,0.72002935,0.70569056,0.7064982,0.7114377,0.70771366,0.718193,0.72959113,0.7175328,0.7066744,0.7086516,0.7397092,0.72187024,0.71466005,0.71851563,0.7287462,0.7051585,0.71851027,0.72043407,0.7190316,0.7285436,0.7135144,0.7146314,0.7164013,0.71246165,0.72061443,0.69889796,0.72022986,0.72445595,0.72474957,0.72990423,0.73123986,0.7215608,0.7212178,0.7194042,0.71252054,0.738194,0.72175235,0.7052925,0.7175519,0.7186555,0.7037139,0.716748,0.7347454,0.7148039,0.7095023,0.7045231,0.7136354,0.70671946,0.72590446,0.70638055,0.727544,0.71618265,0.72577655,0.715284,0.7270108,0.7072511,0.72322476,0.7183574,0.7235503,0.7316059,0.71702236,0.723196,0.71712923,0.71075135,0.7287906,0.718347,0.70245343,0.72605926,0.7268457,0.71408427,0.7319372,0.7224358,0.7207165,0.70953226,0.7270694,0.7184394,0.71201694,0.7263191,0.72934806,0.72947025,0.73254865,0.7111139,0.7168166,0.73533946,0.71480054,0.7146485,0.7264304,0.7181036,0.71739936,0.715654,0.7052306,0.7255756,0.72606397,0.71712255,0.73371357,0.72107345,0.71861905,0.7274901,0.7215585,0.7176029,0.7060166,0.73214734,0.733068,0.7064208,0.71522915,0.7038604,0.7181807,0.72073984,0.7318627,0.7022807,0.73497677,0.72433954,0.70940596,0.71856433,0.72326905,0.73157,0.72225463,0.73216283,0.7076463,0.72066236,0.71105504,0.7369471,0.71282303,0.71326447,0.7021759,0.71854395,0.72897065,0.73929054,0.7129512,0.70835805,0.73838884,0.7156774,0.7195332,0.7277997,0.72766495,0.7191114,0.71498364,0.7166445,0.6961257,0.72774494,0.72412467,0.72552127,0.7208189,0.7178974,0.72807616,0.7203744,0.69863063,0.72858745,0.7244705,0.72159976,0.72724086,0.7209978,0.717174,0.7153486,0.7228055,0.73256177,0.73081744,0.7256671,0.7320775,0.7295566,0.7231585,0.7171852,0.71894014,0.73338264,0.7186009,0.7243715,0.71489936,0.7245728,0.74178535,0.7170462,0.7081994,0.7062132,0.7240441,0.729913,0.71970654,0.71267676,0.72294486,0.69952434,0.72747874,0.7191063,0.7254937,0.7234141,0.7114442,0.72970164,0.7322149,0.7330358,0.7222195,0.73717344,0.7113237,0.7083745,0.7087723,0.7164783,0.71933854,0.7087057,0.71562463,0.7165138,0.7142106,0.7206073,0.72252107,0.7295308,0.71972203,0.7161286,0.7224692,0.72217584,0.7302936,0.70980066,0.7161604,0.7314318,0.7220444,0.71339864,0.71456206,0.71403545,0.7147694,0.72251284,0.7224686,0.7279154,0.72324955,0.7210959,0.7228907,0.708615,0.7144665,0.7289751,0.71263546,0.7416569,0.729445,0.71336615,0.70367694,0.7113568,0.7093347,0.72525287,0.72274476,0.7165217,0.71244204,0.727608,0.71520966,0.7282509,0.71640533,0.7033481,0.71495265,0.714617,0.70632446,0.7251176,0.71579623,0.7181759,0.71573055,0.7051668,0.71126527,0.721119,0.7209127,0.71951556,0.7451305,0.7338348,0.7081735,0.7112603,0.7150527,0.7258082,0.71853834,0.7284886,0.7206991,0.7041764,0.71259767,0.71280116,0.7107503,0.7214153,0.7069139,0.7230452,0.7268493,0.7023283,0.732437,0.71879596,0.7093276,0.71915686,0.7331473,0.71981776,0.7238787,0.7158979,0.7181548,0.70785767,0.70575005,0.71660095,0.7048994,0.7334272,0.71046835,0.7257835,0.73206824,0.72838235,0.70335865,0.73469657,0.7146307,0.7238458,0.73598605,0.72614413,0.7283661,0.718884,0.7110214,0.7163809,0.72722524,0.7234298,0.7210444,0.7301442,0.7129659,0.7334348,0.7183756,0.725333,0.7222512,0.72858334,0.71475077,0.71361506,0.7236815,0.7129854,0.70266837,0.71888196,0.7257778,0.7195249,0.7255575,0.71777695,0.7162168,0.7171643,0.72405976,0.6996305,0.7034297,0.7199069,0.7156542,0.7243276,0.7313345,0.70618296,0.7233177,0.70708776,0.72468776,0.72956073,0.7263697,0.7187707,0.70916575,0.7247979,0.7126157,0.7225927,0.72373843,0.73032236,0.7346395,0.71382445,0.7158458,0.71894884,0.72690743,0.7173681,0.7199956,0.735234,0.7105585,0.7232585,0.71580577,0.71702266,0.72114414,0.7315838,0.71556544,0.731799,0.7183923,0.72471845,0.7246721,0.7206389,0.7214368,0.71137166,0.7156705,0.7072469,0.710101,0.7184661,0.7015091,0.718688,0.7143893,0.7236783,0.7196838,0.7287803,0.71399957,0.7191903,0.7221073,0.7099988,0.7276859,0.7256166,0.71740496,0.7196268,0.70663005,0.71127355,0.71116376,0.7083478,0.7344297,0.71282655,0.72232395,0.7037661,0.71352917,0.7136009,0.7291591,0.72906965,0.7212332,0.71651375,0.7215758,0.7096925,0.7231177,0.7214588,0.7223385,0.7103267,0.71268386,0.72151107,0.73707616,0.7265884,0.71276635,0.714751,0.72733325,0.72250074,0.7137057,0.7202711,0.7192222,0.70932084,0.7225548,0.72685534,0.7104733,0.73589826,0.72951746,0.7077796,0.71382153,0.71984476,0.7064537,0.7233872,0.7133534,0.7170499,0.70996934,0.70813566,0.732487,0.72679293,0.7114565,0.70855737,0.72661597,0.69949895,0.73711234,0.7240236,0.72870344,0.73142356,0.7237575,0.728347,0.7417119,0.7196016,0.7139607,0.7053581,0.7224472,0.71854645,0.71384305,0.7089994,0.73262596,0.71820116,0.72263074,0.7245649,0.70999527,0.71619016,0.7203065,0.72863156,0.69833696,0.72698104,0.71324146,0.7113843,0.7276637,0.7232723,0.7165321,0.7273187,0.71718097,0.7110598,0.705689,0.72801596,0.71559113,0.70339537,0.716169,0.70962197,0.71527714,0.73075956,0.7256738,0.72327894,0.71392834,0.7162452,0.72496855,0.7265661,0.7119225,0.7285539,0.71834916,0.7151577,0.7222974,0.72043175,0.7141114,0.7339002,0.72979933,0.6926342,0.7291635,0.71795964,0.7211467,0.73100513,0.7255756,0.7252078,0.715194,0.7179499,0.7259718,0.7222345,0.7299476,0.72290254,0.72744656,0.71917826,0.71634305,0.72189134,0.72776866,0.7282867,0.70693326,0.7164129,0.71969455,0.71381485,0.7255087,0.7149215,0.72567755,0.7047329,0.72088706,0.72548294,0.7190234,0.71583235,0.7223219,0.72115487,0.70235467,0.7266279,0.73488003,0.71537125,0.72199994,0.7198852,0.7295084,0.7104889,0.7167099,0.7307316,0.7267496,0.7087948,0.70895594,0.7124014,0.72627413,0.71797913,0.7244252,0.72158355,0.7157534,0.7153334,0.71371615,0.719059,0.71224624,0.7138085,0.71862113,0.70866,0.71557426,0.73001367,0.72665274,0.724505,0.72084194,0.73333967,0.7077106,0.72169393,0.7218216,0.70911247,0.7348868,0.7166825,0.7026313,0.72151256,0.73459053,0.727403,0.7309272,0.72164977,0.72956043,0.716706,0.7167365,0.7132801,0.7259828,0.7215323,0.721084,0.7323747,0.7203692,0.7159591,0.7225908,0.72159827,0.70705986,0.7192992,0.7048498,0.7309053,0.7199022,0.71274996,0.7255037,0.7206692,0.7245669,0.7116424,0.7288308,0.6999805,0.72095066,0.70918876,0.72260374,0.72132546,0.7233892,0.7172163,0.71543694,0.731102,0.72762895,0.728289,0.71913797,0.70390606,0.718598,0.7193447,0.7196578,0.71833754,0.7036771,0.7175267,0.719702,0.72278976,0.69815636,0.7127768,0.7134399,0.72586554,0.72810227,0.7107442,0.72543997,0.71673375,0.7044727
0.74250996,0.7524032,0.73789066,0.7326774,0.748422,0.74517685,0.7297507,0.7412718,0.73815167,0.7600137,0.7294314,0.7342428,0.747908,0.74480975,0.7396773,0.74897313,0.7485768,0.73865414,0.73611534,0.748046,0.7504157,0.7392943,0.7446494,0.741345,0.7398755,0.7300269,0.75092614,0.74210024,0.7406885,0.73821974,0.7536983,0.7351662,0.7397083,0.7327217,0.7441891,0.75914246,0.7511102,0.74149483,0.7513432,0.74003434,0.7390221,0.7338141,0.76282203,0.73932135,0.7444671,0.7479106,0.7273571,0.7434771,0.7398785,0.73769176,0.74321026,0.73684585,0.74428827,0.7454929,0.74452084,0.7303684,0.73951226,0.7640468,0.7611885,0.7349817,0.7346584,0.7500822,0.7333862,0.73911685,0.7315761,0.7592522,0.7362512,0.74321723,0.73925185,0.74075884,0.75654185,0.75935674,0.74455196,0.736237,0.7271749,0.74123573,0.739691,0.7339527,0.74995255,0.7423125,0.759012,0.7512548,0.7572836,0.7625236,0.73173076,0.7508176,0.72829,0.7476052,0.7533378,0.7300259,0.73286825,0.751424,0.7486268,0.7502128,0.75003326,0.7420248,0.7542115,0.7448714,0.7474847,0.74376637,0.76117396,0.74802864,0.73453414,0.74795276,0.7565506,0.7427779,0.7510106,0.74277955,0.74116045,0.7533764,0.7458291,0.74162686,0.7650872,0.73908377,0.74282587,0.734328,0.7513589,0.75361335,0.73772866,0.7406215,0.738758,0.7340009,0.7505593,0.7433913,0.73785275,0.7447149,0.75833005,0.72427064,0.7438273,0.7380784,0.75850534,0.7504001,0.7435877,0.74235505,0.749972,0.74421567,0.73562896,0.7314554,0.7472178,0.73223144,0.7440928,0.74779356,0.7421748,0.72449565,0.7441386,0.7473271,0.7299744,0.7453215,0.7428411,0.73652035,0.7341212,0.7487436,0.74230975,0.74251246,0.7399256,0.744568,0.7467289,0.7487863,0.74773085,0.733326,0.7519015,0.7327735,0.74982816,0.73664325,0.7340667,0.7435547,0.7467749,0.76390195,0.7520785,0.72874814,0.7468127,0.7549538,0.7426799,0.75140786,0.7425716,0.76525307,0.75841415,0.7322142,0.75115377,0.73770934,0.7317069,0.7377723,0.73630714,0.7371677,0.7404403,0.74283737,0.75192523,0.73545676,0.73693883,0.74708647,0.7366732,0.75277185,0.74644136,0.7354887,0.7471321,0.73647463,0.7553082,0.75271267,0.73406255,0.7460225,0.7291028,0.7522075,0.75088835,0.74572074,0.75389516,0.7471156,0.7408068,0.7305875,0.7472661,0.750359,0.7391803,0.745858,0.72634137,0.7402077,0.74469686,0.7273129,0.744111,0.7402018,0.74059653,0.7399307,0.7476366,0.7610143,0.72056955,0.7469061,0.7419869,0.74193287,0.73570573,0.7472308,0.7376543,0.7538087,0.7393193,0.7300921,0.72833735,0.74373966,0.7427054,0.7306579,0.7463676,0.74333704,0.7434186,0.7498322,0.74537003,0.7435805,0.7514983,0.74608886,0.76448727,0.7359321,0.7446355,0.74901736,0.74092007,0.73458016,0.73838377,0.73158145,0.7496957,0.76419806,0.73480695,0.73928595,0.75035894,0.7541131,0.7431198,0.7403221,0.7355543,0.74435943,0.74170804,0.75199056,0.7625832,0.724679,0.7335649,0.7448384,0.74874544,0.73831093,0.7514039,0.75024885,0.74714965,0.7455837,0.74558294,0.7427653,0.7508198,0.740317,0.7442711,0.73904616,0.7471454,0.74616635,0.7349992,0.74590653,0.7412541,0.7314252,0.75140023,0.72683966,0.7400966,0.74426496,0.74227864,0.7421085,0.7532491,0.7434519,0.72725946,0.7299873,0.736531,0.7626379,0.74110395,0.74027246,0.7381038,0.7391195,0.76383317,0.7493094,0.73969203,0.7294283,0.73241526,0.74966747,0.74901354,0.7317121,0.7522433,0.7429143,0.73172987,0.74298215,0.75100565,0.72837955,0.74073344,0.7441616,0.7234117,0.7427447,0.7384158,0.7477962,0.75545514,0.7419134,0.73444605,0.72599673,0.74405545,0.75681794,0.7395479,0.7387353,0.7398807,0.7528048,0.75062996,0.74275285,0.7464633,0.7342765,0.7468458,0.74680626,0.74692523,0.7417654,0.75677377,0.75312597,0.75030077,0.7403542,0.74705803,0.74993765,0.73550296,0.7466675,0.740532,0.7264009,0.74769783,0.7419898,0.7487101,0.7432517,0.7535257,0.74680495,0.73625886,0.73412246,0.74671197,0.73790723,0.74604404,0.7506697,0.7426093,0.7409317,0.7385492,0.72023857,0.733181,0.745522,0.7432164,0.7400184,0.7566481,0.7401515,0.74596834,0.74992377,0.75374794,0.73966163,0.75488746,0.740145,0.74887097,0.7452364,0.7354295,0.7529701,0.73864615,0.7471206,0.75095886,0.7429007,0.75029373,0.7372128,0.7339356,0.7433298,0.7475541,0.74764466,0.74696475,0.74819285,0.7580225,0.74686277,0.74374765,0.73760426,0.7415117,0.7509435,0.7447619,0.74559,0.7547216,0.7467292,0.74312186,0.74296534,0.7431627,0.742975,0.7463003,0.7424521,0.73549414,0.73796606,0.7477786,0.7456216,0.7362756,0.74895245,0.76031315,0.73633957,0.75087875,0.7445142,0.74562573,0.74342513,0.75283444,0.7398909,0.73465514,0.7269006,0.74596816,0.7466191,0.73326916,0.7446219,0.74124146,0.73942035,0.7416363,0.74788284,0.7433892,0.7395882,0.7457604,0.7564259,0.7462794,0.75038105,0.74359506,0.74418193,0.74966794,0.7427717,0.7441848,0.7443887,0.7462228,0.7414691,0.7422805,0.74599123,0.7376076,0.73462564,0.7639774,0.7535983,0.74254507,0.75273746,0.7546273,0.72653383,0.7379548,0.73204523,0.74689305,0.73205787,0.7376889,0.73236346,0.7467894,0.7451826,0.74590623,0.7376476,0.7491939,0.7511513,0.74446225,0.7672401,0.74590194,0.75387025,0.7485163,0.74436843,0.7460873,0.7434416,0.76024693,0.74075,0.73673993,0.7523937,0.74380887,0.7480895,0.73862034,0.73258495,0.75103635,0.7794343,0.7379504,0.7476008,0.74841243,0.76268387,0.7548705,0.7446253,0.75371754,0.7264224,0.74957836,0.7381195,0.7413485,0.74944276,0.74540377,0.7443362,0.7434048,0.75510716,0.7488484,0.7421972,0.74830383,0.7426603,0.74584293,0.7385273,0.74949384,0.74061686,0.7310144,0.7343899,0.72747624,0.7461553,0.74236274,0.75202525,0.7414914,0.73725635,0.7531991,0.75069875,0.74079746,0.7351418,0.7520281,0.74529964,0.73869276,0.740267,0.7444193,0.75830215,0.741719,0.73279107,0.74238235,0.7213644,0.75991076,0.7280144,0.7507348,0.7553587,0.73390484,0.7405006,0.75114477,0.7417552,0.7294782,0.7427186,0.7473622,0.74209666,0.7365933,0.73797834,0.7528142,0.741819,0.724173,0.73556644,0.77076817,0.75072086,0.7451398,0.75042206,0.72023124,0.74985874,0.7268289,0.748714,0.7446645,0.74258167,0.7435789,0.7446212,0.7440962,0.7362256,0.74444044,0.75154877,0.75074846,0.74791795,0.7415021,0.7444142,0.74294674,0.75533485,0.74402106,0.73346406,0.74451417,0.7371906,0.74081784,0.76569015,0.73669016,0.751595,0.7502232,0.7574022,0.7503604,0.74524343,0.7351101,0.7257972,0.7384581,0.75223583,0.7459608,0.75293905,0.75085413,0.7551876,0.7412684,0.734473,0.7434458,0.74562585,0.75156933,0.744296,0.750219,0.735085,0.7542742,0.73908865,0.7499784,0.73590875,0.76589483,0.75717866,0.74249125,0.7473548,0.74955535,0.73687243,0.74993443,0.75471115,0.7489706,0.73458874,0.7440536,0.74470454,0.7359865,0.74490184,0.74034035,0.74077195,0.752024,0.7438978,0.7456911,0.74913734,0.7438164,0.737218,0.7561368,0.7416945,0.7324008,0.7474331,0.7500466,0.7464354,0.7475355,0.74545634,0.74318564,0.75691456,0.7539229,0.74611396,0.73803717,0.7568752,0.74615437,0.7399466,0.73069984,0.73361146,0.73790586,0.75460666,0.7500677,0.74320346,0.7534491,0.749027,0.7322002,0.75029796,0.7561726,0.74463755,0.74254555,0.7443239,0.74829566,0.73752487,0.7420732,0.7563289,0.7353718,0.75247395,0.7355987,0.73485214,0.7557097,0.73593843,0.74572754,0.74207395,0.7609807,0.753631,0.73451996,0.7328696,0.7532464,0.74566394,0.74011064,0.740044,0.75625473,0.72154784,0.7480562,0.74219316,0.75559896,0.74628216,0.75277686,0.73276097,0.7433219,0.7484871,0.75706685,0.73689204,0.73554593,0.7486998,0.747205,0.7550264,0.74009144,0.7350167,0.7499466,0.735686,0.7278895,0.74164736,0.7398071,0.7532803,0.74089193,0.751443,0.7313893,0.74342614,0.75291586,0.7476997,0.72667646,0.7542207,0.7447044,0.746854,0.7602223,0.73647803,0.7504808,0.7446947,0.7347624,0.7369885,0.7370834,0.74909717,0.7461202,0.7385186,0.7580668,0.74300456,0.75057054,0.74103534,0.7269894,0.73548776,0.7424749,0.75246745,0.74769104,0.75034666,0.7440262,0.73970634,0.74576175,0.74108315,0.7566756,0.7426333,0.751412,0.7317119,0.7379174,0.75098443,0.74311185,0.72933745,0.72766435,0.73595095,0.72922546,0.7398174,0.7313641,0.7471673,0.7455747,0.7559457,0.73473465,0.74951917,0.74562025,0.7335707,0.7401815,0.75658035,0.7354056,0.75502133,0.745659,0.7386396,0.7379619,0.74836385,0.7384639,0.74992824,0.757589,0.75618315,0.7389293,0.7429997,0.74570864,0.7341874,0.74243385,0.7369814,0.74348783,0.7475391,0.75409263,0.7540222,0.74874157,0.75186026,0.74581313,0.7375808,0.74198776,0.7480053,0.74170375,0.76017016,0.7578248,0.73871857,0.7515166,0.750357,0.7571983,0.7424853,0.7318809,0.7406568,0.73314357,0.741336,0.75444,0.72667325,0.74226105,0.7574431,0.7492827,0.73983103,0.74081206,0.74251395,0.72743976,0.7444445,0.7335436,0.72260135,0.7505132,0.7542976,0.7361951,0.7378479,0.7437099,0.7397356,0.7397948,0.7538542,0.7384904,0.73202175,0.74946487,0.7421588,0.74947256,0.7540589,0.75153416,0.7519639,0.74165595,0.75091994,0.7478621,0.7461579,0.74286354,0.74069786,0.74247354,0.7558164,0.7475761,0.74284834,0.7380962,0.7532212,0.7730992,0.74660015,0.7417285,0.7625425,0.736605,0.7499958,0.73918957,0.74109864,0.7588333,0.7401496,0.7427883,0.740828,0.7424625,0.7426722,0.7402026,0.74011976,0.73618245,0.74600154,0.7399559,0.7475244,0.73866653,0.7397133,0.74107665,0.7431644,0.7384685,0.7385011,0.7503456,0.7283743,0.74307704,0.7373481,0.7506614,0.7333985,0.7554375,0.74413824,0.7413647,0.7624522,0.7369634,0.7439863,0.7423017,0.73100203,0.74669,0.7298112,0.7349216,0.74369323,0.7408042,0.7418717,0.7387992,0.7574044,0.7394473,0.7520014,0.74780536,0.7576117,0.74769074,0.74372,0.7592114,0.7497072,0.7578448,0.7523041,0.7341899,0.73613757,0.758244,0.72997,0.75747067,0.7559975,0.73120326,0.7418165,0.74109405,0.7389447,0.743728,0.737191,0.7312181,0.738172,0.7348371,0.74703974,0.7492144,0.73141533,0.7415252,0.75513893,0.73497665,0.74121153,0.7471395,0.74510276,0.7271036,0.7436859,0.7428122,0.75849664,0.7485435,0.7461139,0.7407283,0.74438375,0.73690677,0.7250994,0.73450065,0.74474853,0.74389666,0.7499642,0.7446237,0.7452682,0.74073124,0.7508502,0.75490975,0.74033177,0.7384111,0.74073225,0.74492794,0.7362036,0.7456822,0.7597352,0.73616475,0.75438744,0.7468481,0.7569782,0.734151,0.7437076,0.74899185,0.74237037,0.73435956,0.75316656,0.75891376,0.7515779,0.74985904,0.75521094,0.744284,0.74221915,0.7252896,0.72188723,0.74234927,0.76338017,0.7490433,0.7437562,0.73200214,0.74170285,0.7451289,0.73943394,0.7390465,0.7412226,0.7585361,0.7413568,0.7419475,0.7426636,0.7541775,0.75169915,0.7307492,0.73944694,0.7478678,0.74584,0.7544298,0.7409408,0.7483864,0.7480434,0.7329035,0.75134075,0.73608994,0.7642233,0.7397761,0.7409503,0.74758875,0.7474726,0.73228306,0.7413231,0.7398107,0.7487209,0.7533102,0.74609745
0.6197996,0.60872275,0.620638,0.6261146,0.6156433,0.6348995,0.6280366,0.61971766,0.6158208,0.6140632,0.61548084,0.60618746,0.6244719,0.62638116,0.6192805,0.6203017,0.6330841,0.623994,0.61887085,0.63783157,0.616782,0.604722,0.62575233,0.61364603,0.6221589,0.6178932,0.61898136,0.62290454,0.6155914,0.6228896,0.61037767,0.62003696,0.61795366,0.61965007,0.6225969,0.62278014,0.6317916,0.6275505,0.6236554,0.6185862,0.602811,0.6261127,0.6272744,0.6199422,0.63342065,0.6207579,0.60221744,0.64171624,0.61936194,0.62256175,0.6163587,0.6295068,0.61493623,0.6235657,0.61617714,0.6156964,0.62094086,0.62575144,0.6368917,0.61632645,0.617435,0.61524636,0.6220312,0.6217467,0.6168903,0.6349528,0.6062661,0.62024784,0.6184635,0.6163413,0.6289319,0.633009,0.62225664,0.6191667,0.6123603,0.6170121,0.62083757,0.5955457,0.6286673,0.6040381,0.6314277,0.62126803,0.6222901,0.63035226,0.61732286,0.61667603,0.626368,0.62415653,0.62265974,0.61798775,0.62139815,0.6138539,0.6295646,0.6273558,0.6179724,0.61451894,0.6362464,0.6408902,0.60730577,0.62674314,0.6246673,0.6256381,0.6178392,0.62868005,0.6170695,0.6189366,0.6186087,0.61746097,0.62341315,0.626937,0.61902845,0.6126131,0.6271195,0.60947573,0.61987036,0.6112517,0.6218352,0.63202775,0.6247309,0.61974776,0.6245577,0.6144463,0.62773305,0.6394921,0.6063307,0.6131194,0.6254968,0.6124966,0.61379576,0.6271758,0.62168676,0.6128803,0.6180211,0.61439675,0.62606335,0.6139849,0.61869544,0.6197549,0.6172838,0.6180748,0.63842845,0.6098874,0.6238771,0.61632186,0.62379,0.6181858,0.61327213,0.63152,0.616347,0.6199703,0.6120085,0.63325244,0.6116019,0.60970986,0.6190211,0.61985564,0.6252549,0.6204422,0.6289377,0.62210006,0.6234199,0.6165217,0.61689186,0.62693286,0.6261017,0.62526745,0.6100979,0.6274999,0.6351686,0.6169078,0.6287032,0.62939906,0.61028844,0.6224878,0.6173756,0.6156945,0.6221552,0.62082946,0.62610966,0.6126079,0.6212464,0.6135374,0.6147367,0.621814,0.6168432,0.60944015,0.6224265,0.61966926,0.61191773,0.6296347,0.6223471,0.63140315,0.6391248,0.6155187,0.6223132,0.6226627,0.6299399,0.6121538,0.61837995,0.6148249,0.61611193,0.62808186,0.6380002,0.6275407,0.62548614,0.6195922,0.6189504,0.61284435,0.6306599,0.6289395,0.6136016,0.6272173,0.601047,0.6125609,0.6250826,0.6217556,0.6113694,0.62782425,0.61934406,0.621294,0.6159642,0.63529193,0.6192709,0.629614,0.6127566,0.6176958,0.61054975,0.6245495,0.62522334,0.61380875,0.6179027,0.6159573,0.608977,0.6245969,0.6220445,0.609802,0.634857,0.62389666,0.6129715,0.62635314,0.61441576,0.62178725,0.63042116,0.62080806,0.63987577,0.62497884,0.6235378,0.62303317,0.61488163,0.6185287,0.6128489,0.6176216,0.6372545,0.6354082,0.614685,0.62064004,0.62102413,0.6296038,0.6157705,0.6228295,0.61221737,0.62344664,0.63428813,0.629311,0.6306249,0.60693127,0.6127794,0.6210748,0.6226197,0.6304479,0.61322016,0.63733375,0.62432796,0.6370113,0.63349074,0.6242871,0.6312656,0.6213375,0.60932463,0.62307024,0.62360203,0.6083447,0.625046,0.6137361,0.6109267,0.6183754,0.6249233,0.60357976,0.61335045,0.63132185,0.6210884,0.6243538,0.61993164,0.6165063,0.61804163,0.6223468,0.61818194,0.6166254,0.63070166,0.6233117,0.62269115,0.6030583,0.6330923,0.63622916,0.6118169,0.61994404,0.6247003,0.6179423,0.61553377,0.607852,0.6373691,0.6285397,0.61908174,0.62084866,0.6218502,0.61297613,0.6169444,0.62256736,0.6174424,0.6285157,0.60656303,0.63114536,0.6359268,0.6071353,0.620177,0.61447614,0.62801963,0.6219566,0.61092144,0.62640727,0.61925477,0.6211426,0.6252239,0.6168162,0.62152183,0.6177506,0.6228788,0.6137413,0.61281174,0.6189513,0.6217839,0.6298964,0.6229159,0.62718225,0.6216389,0.62870944,0.6123384,0.61477274,0.61598766,0.6152988,0.6192258,0.6162545,0.61725664,0.6212436,0.6283692,0.6121567,0.62362564,0.6066863,0.6258904,0.6187874,0.61555237,0.6304151,0.62732404,0.6098325,0.6168947,0.6098143,0.6110154,0.6142392,0.6242881,0.60952145,0.64714175,0.62610316,0.6233342,0.619997,0.62541145,0.61932445,0.6326007,0.61721784,0.6185804,0.61765045,0.6291343,0.6412108,0.62963456,0.613537,0.6145901,0.61241823,0.62454146,0.6173392,0.61873317,0.6102432,0.6127033,0.62912023,0.6178749,0.62938595,0.61252564,0.6396123,0.6225955,0.61878276,0.6205552,0.60908663,0.61164814,0.6305233,0.6228088,0.6237003,0.6250214,0.61581117,0.6188686,0.6115242,0.62562513,0.6150646,0.609067,0.60778946,0.61854327,0.6260151,0.6205366,0.6243552,0.61799407,0.61817706,0.62161285,0.6317093,0.62515306,0.62471104,0.62921387,0.61841804,0.6256309,0.6095021,0.61501896,0.6134278,0.61141634,0.624893,0.6163889,0.6192435,0.6216269,0.6203941,0.6212401,0.61427194,0.6135538,0.62503314,0.6101663,0.6314414,0.6056974,0.6426778,0.62307376,0.6110332,0.6335172,0.61600596,0.6331523,0.6317939,0.61645174,0.6197265,0.62135917,0.61533123,0.6304065,0.6153302,0.6143614,0.6225108,0.635907,0.61843807,0.62270343,0.6088037,0.6192504,0.62592584,0.61384916,0.61737263,0.6313893,0.6376849,0.6125579,0.61821705,0.6246776,0.612919,0.617337,0.64120716,0.618118,0.61233914,0.61205393,0.62206185,0.6174171,0.62520933,0.6241874,0.61946756,0.6270498,0.62995183,0.61639494,0.6168711,0.6181827,0.6166275,0.64208513,0.6437571,0.6129333,0.62112373,0.6229456,0.6355208,0.64194643,0.6284069,0.61937267,0.61969984,0.6246411,0.62290305,0.61070263,0.6204104,0.62887716,0.6326485,0.6206851,0.6274015,0.63295174,0.6110397,0.6188807,0.6228964,0.6153435,0.61426437,0.6203686,0.6186667,0.61355966,0.6155565,0.6092082,0.6271965,0.6232967,0.62797314,0.60324657,0.6240656,0.62896943,0.63418883,0.6270694,0.61962813,0.6306262,0.6288756,0.6267979,0.62511885,0.6189858,0.63703537,0.61758626,0.6185457,0.6145116,0.6137702,0.6228655,0.6108272,0.60992575,0.62104696,0.6191273,0.6279429,0.6167449,0.62806374,0.6226297,0.6117345,0.623146,0.6201483,0.61863464,0.6206589,0.6216255,0.62076944,0.62165296,0.61979926,0.6352951,0.62775147,0.6224939,0.6131671,0.60531837,0.6281012,0.6152768,0.6305749,0.627459,0.61570555,0.62136245,0.6117788,0.60875475,0.62338245,0.63855696,0.62942266,0.6332108,0.62724906,0.6117367,0.6290657,0.6231307,0.6380047,0.6335421,0.6134028,0.6135412,0.6202797,0.6126878,0.6124896,0.61540335,0.61861587,0.63531834,0.63288164,0.6257741,0.6174295,0.62322795,0.60894084,0.62704796,0.6417191,0.61787856,0.61993605,0.6145426,0.62104744,0.6267857,0.6116281,0.6135629,0.61511225,0.61330116,0.62698096,0.6272038,0.61794394,0.6240667,0.6335572,0.6169218,0.6171472,0.6171749,0.62663835,0.6200999,0.6201593,0.6207786,0.61556184,0.6309362,0.6211279,0.6303784,0.6180163,0.6227755,0.6354382,0.6140741,0.62937945,0.61931247,0.60532814,0.61516404,0.61758167,0.6226407,0.6279439,0.60682833,0.6151825,0.62220037,0.6119409,0.61763513,0.62914205,0.62088436,0.61261517,0.6259018,0.6319744,0.61320835,0.62149405,0.6195713,0.63402617,0.6154488,0.6342596,0.6199951,0.61881083,0.6145122,0.61368215,0.6153107,0.62075084,0.61873645,0.6161537,0.62306106,0.6196119,0.62098485,0.6184713,0.62465745,0.63162094,0.6259413,0.5973791,0.61483586,0.62088233,0.60921466,0.6278144,0.6036378,0.6122142,0.63792086,0.61692816,0.6281694,0.6136962,0.6251329,0.61638975,0.6400122,0.6106101,0.62800103,0.6155439,0.6244869,0.6159927,0.61209947,0.6215274,0.6214259,0.6049691,0.6240323,0.60799396,0.6202112,0.6182933,0.61144626,0.61236966,0.62687033,0.61734986,0.61869776,0.61934847,0.61463946,0.62622523,0.6129538,0.61611533,0.6101485,0.6155687,0.6291559,0.62890166,0.6130019,0.62763596,0.62169427,0.62283164,0.6173081,0.63173985,0.6162008,0.6106634,0.6161272,0.6264766,0.6013146,0.6290759,0.6197003,0.609614,0.6263358,0.6258887,0.6277128,0.6284903,0.6033448,0.6181501,0.6155726,0.61995816,0.62663007,0.612064,0.62653345,0.6301273,0.6356356,0.62334,0.60555345,0.6214581,0.6237107,0.6121818,0.6277097,0.6111947,0.62048584,0.61872023,0.63230366,0.6284652,0.62569296,0.6218991,0.62030286,0.6012656,0.60630727,0.62706906,0.62484735,0.6086833,0.60706604,0.62199104,0.60752803,0.62180173,0.62328464,0.6243579,0.6073006,0.6249312,0.62335896,0.6317167,0.6270496,0.6202173,0.61030304,0.6210286,0.6145485,0.6275565,0.6233923,0.6108023,0.60363036,0.61535525,0.63868934,0.62688214,0.62077045,0.6373181,0.61686796,0.62126213,0.6425357,0.6166484,0.6178263,0.62808555,0.61765504,0.61975753,0.61520684,0.6275445,0.6244307,0.6314456,0.6173559,0.6062341,0.62809217,0.6179936,0.61018276,0.6220351,0.62426704,0.606184,0.6245246,0.63798493,0.6238168,0.6257451,0.61213017,0.61689913,0.6233735,0.6078467,0.6093907,0.6101789,0.6189975,0.62115526,0.61973554,0.6243107,0.6248828,0.6224822,0.6154464,0.6312268,0.60596985,0.60719943,0.6285244,0.6220651,0.6221491,0.6286647,0.61736006,0.62330866,0.6090461,0.6275221,0.626764,0.6141917,0.630024,0.62420696,0.62744284,0.6256552,0.6270727,0.6343866,0.6320907,0.6164859,0.6131293,0.6238575,0.6209443,0.612883,0.6212383,0.6291867,0.61974853,0.6103002,0.607973,0.6249251,0.6252071,0.62062544,0.62673336,0.6269697,0.6296413,0.6114343,0.61577636,0.6273628,0.63110596,0.6132899,0.60724086,0.61329323,0.61581945,0.6150142,0.63016546,0.6195965,0.61222434,0.615833,0.62281525,0.6274089,0.6174127,0.6269491,0.6268733,0.6121475,0.62837034,0.6208347,0.629259,0.6133736,0.6265279,0.60918176,0.6258954,0.61356527,0.6197046,0.6235795,0.6349524,0.62888813,0.61817896,0.61814356,0.632354,0.6109552,0.6032962,0.6093351,0.6237567,0.6185166,0.6256535,0.6204731,0.621562,0.6210353,0.62474495,0.6321744,0.62580055,0.6255424,0.63495666,0.617888,0.63028294,0.6242959,0.62310034,0.6247366,0.6220676,0.610804,0.62236416,0.6153092,0.6403226,0.62606716,0.61065114,0.6270124,0.6307771,0.6219516,0.61162245,0.6356274,0.61743015,0.6449409,0.6210216,0.63743716,0.60322344,0.604241,0.62907255,0.6291782,0.62341654,0.634558,0.6303375,0.6276554,0.6138942,0.6211195,0.61401933,0.6173743,0.6160207,0.62256694,0.6202835,0.625306,0.61518425,0.61204505,0.6302454,0.6158363,0.62467045,0.6177631,0.6129049,0.6211403,0.6248199,0.62785816,0.63138807,0.62161857,0.6280847,0.63048446,0.6230127,0.62176025,0.6208453,0.63244706,0.6207384,0.6423831,0.61233795,0.63175136,0.60932136,0.62453294,0.62413335,0.6244317,0.62725985,0.6180371,0.6204379,0.6189484,0.6351137,0.62380457,0.6175046,0.6138427,0.6132346,0.5953726,0.6276131,0.6329226,0.63184196,0.620532,0.6194279,0.62482095,0.6310128,0.6313111,0.6246788,0.62231684,0.62081766,0.6342945,0.6247139,0.6257246,0.6377245,0.6220874,0.621523,0.62203825,0.61635673,0.6102748,0.6271943,0.628017,0.6200153,0.62999845,0.6057527,0.61215323,0.61461806,0.6411148,0.6166333,0.61599505,0.6156678,0.63117164,0.61169684,0.6388432,0.59967417,0.6258612,0.6179414,0.61783946
0.10340774,0.105787314,0.110957295,0.11315655,0.09349267,0.10273019,0.11200082,0.0975065,0.11431878,0.10608591,0.11114113,0.11785744,0.1231044,0.11788781,0.116202116,0.11326365,0.1076604,0.098767586,0.099926576,0.116240025,0.10479051,0.10224403,0.09715927,0.09599188,0.10988748,0.09876353,0.10381532,0.12114624,0.10917512,0.10921985,0.11072596,0.112946086,0.09890963,0.11046544,0.109648444,0.10938579,0.118535876,0.10466775,0.09862459,0.104792915,0.109288804,0.13564803,0.11491137,0.11168605,0.098459676,0.11213657,0.12573591,0.11708459,0.11595838,0.1237479,0.11972828,0.09975367,0.09399806,0.106303714,0.11836733,0.116393745,0.12071346,0.10607754,0.10727702,0.10304792,0.09410299,0.09410675,0.10900306,0.11428918,0.112612836,0.1097908,0.111376084,0.1051967,0.107261464,0.10976879,0.107555434,0.10414191,0.10226217,0.1079876,0.11231651,0.104664415,0.08271145,0.09417547,0.095071465,0.10817436,0.112499475,0.10399463,0.104038015,0.10335916,0.1055968,0.1094487,0.12489255,0.11681062,0.10416747,0.106621124,0.11352301,0.10495371,0.11468931,0.104243755,0.1083667,0.08396826,0.11154206,0.12008998,0.10248171,0.11567388,0.106205836,0.10192215,0.08741001,0.09394277,0.10899907,0.10576818,0.12584123,0.10661325,0.116748154,0.10699704,0.1086383,0.11268061,0.10338438,0.109550625,0.1045121,0.10363098,0.11685286,0.11656453,0.11121066,0.10685248,0.10358699,0.115600064,0.11419538,0.118355185,0.11162133,0.11269973,0.10289198,0.09270087,0.10494584,0.094633415,0.115266666,0.10478618,0.113054834,0.113890775,0.091866225,0.12560926,0.105547324,0.11246118,0.11548567,0.10439794,0.10454036,0.11068811,0.1103139,0.11263137,0.10547126,0.10590344,0.105574176,0.10200386,0.11357586,0.11385531,0.108010724,0.117505126,0.10970531,0.11011833,0.1095249,0.10267687,0.110845745,0.107546754,0.11676155,0.11267088,0.097420275,0.10258952,0.10339763,0.12171533,0.09302627,0.1196534,0.11100443,0.10845236,0.10823789,0.12441269,0.10066065,0.10322535,0.10295725,0.10109425,0.11942631,0.115256354,0.09819222,0.11897302,0.11428536,0.10412818,0.1162998,0.11024789,0.10255813,0.114504114,0.10838673,0.117206186,0.11341652,0.101281516,0.11162402,0.10140843,0.122560605,0.10886997,0.10126395,0.10007914,0.114440866,0.11088369,0.107655756,0.09036046,0.11719847,0.108971745,0.111088626,0.08772004,0.120531484,0.11212307,0.11309388,0.11387866,0.108555034,0.113560915,0.098159656,0.11484498,0.10457084,0.11913041,0.09612123,0.11729945,0.117332704,0.10928233,0.10850399,0.10313034,0.10556844,0.116385624,0.104145505,0.12376476,0.116775095,0.10820158,0.10784449,0.101865895,0.102427125,0.109203726,0.10526136,0.110321164,0.107196555,0.11394624,0.10936409,0.10703504,0.10591435,0.10681781,0.11333958,0.116182625,0.10757647,0.11478775,0.09948926,0.1027332,0.11057602,0.11054222,0.10820628,0.1049227,0.12337057,0.0952224,0.100535035,0.1280155,0.104378946,0.10774288,0.120139115,0.11263135,0.11352281,0.110553145,0.10846926,0.11401244,0.11430531,0.11022008,0.11617739,0.10746768,0.111337274,0.10225468,0.10412748,0.11836992,0.11982463,0.09528763,0.09933062,0.104502946,0.09325045,0.11051875,0.10683489,0.11134603,0.11620578,0.1020439,0.09976794,0.11808176,0.090991534,0.10487841,0.103411004,0.107765734,0.111621544,0.11789917,0.10704626,0.107739106,0.09731872,0.107219696,0.10531464,0.10278692,0.10579608,0.113718666,0.10097389,0.10552361,0.10791775,0.10136491,0.12025674,0.078675345,0.11059813,0.12087663,0.117384925,0.106409796,0.113731325,0.11320113,0.100600846,0.1277954,0.11086232,0.09658395,0.09893519,0.10236356,0.10099724,0.112159066,0.10414281,0.10691686,0.11596492,0.12053705,0.105261445,0.109684475,0.121379405,0.117100164,0.10713355,0.11816036,0.11720203,0.10990142,0.10541283,0.111771636,0.11938983,0.09407823,0.09670051,0.10975004,0.10837115,0.10248656,0.12187726,0.11276324,0.107868835,0.12667534,0.12062521,0.103956416,0.105125815,0.09648862,0.102475435,0.124053374,0.11671637,0.11391012,0.09817873,0.118949644,0.10383001,0.10980896,0.107056126,0.10684462,0.09414017,0.12627265,0.11254697,0.1145207,0.1022972,0.09224686,0.11621513,0.118759006,0.101751156,0.11110095,0.097086206,0.09596593,0.12076441,0.11277438,0.10081837,0.11210759,0.100970075,0.10693048,0.11186603,0.10104278,0.10856001,0.10719173,0.09472044,0.093354054,0.107032835,0.11202388,0.10717125,0.10908023,0.103239655,0.1270983,0.12248073,0.10486941,0.11150919,0.09690297,0.1073266,0.10666467,0.103920795,0.10618953,0.1108087,0.09209326,0.111721635,0.1182104,0.09652868,0.10384112,0.092385985,0.12458758,0.09763988,0.09956213,0.11039841,0.10069598,0.106384136,0.13790086,0.107856885,0.10817201,0.12121013,0.106162764,0.09278217,0.09823318,0.0977344,0.116653666,0.08941737,0.10537118,0.11288315,0.112090364,0.11011454,0.11708848,0.09918904,0.12316566,0.107637756,0.115534075,0.11237307,0.11466618,0.09153227,0.1037493,0.10815701,0.094688654,0.095390186,0.11449338,0.10654248,0.1096431,0.10922667,0.10194433,0.09484244,0.11930073,0.10833124,0.118523225,0.10322814,0.111740984,0.109238125,0.13151781,0.09143449,0.12195385,0.108802624,0.11055755,0.12948981,0.10766046,0.12344716,0.11589508,0.10879505,0.108908914,0.09690195,0.100154236,0.10576601,0.11324471,0.10350057,0.105652824,0.10980134,0.118411414,0.106779784,0.114030994,0.092329465,0.114651635,0.12056008,0.117260724,0.11798326,0.108492196,0.098353416,0.104760095,0.11852302,0.098182425,0.11580643,0.10211949,0.1133533,0.1109184,0.10638705,0.10501736,0.11905885,0.124829434,0.1035811,0.11725941,0.109744474,0.119745344,0.10586383,0.1081354,0.11294864,0.09057442,0.101820916,0.102934405,0.10723996,0.10433693,0.09872935,0.11652793,0.11840692,0.10948217,0.10918545,0.11976999,0.12183339,0.10750133,0.10634497,0.10881156,0.11474897,0.11787884,0.11281532,0.09855258,0.10158844,0.10986779,0.11771601,0.12155418,0.10884321,0.118207194,0.1228106,0.108371906,0.13009578,0.092063405,0.10788931,0.13166592,0.10111856,0.12052409,0.11253755,0.12415413,0.10935149,0.1119482,0.09246519,0.09800939,0.11033934,0.10988248,0.105586514,0.10378726,0.105155684,0.122553065,0.100887164,0.107377365,0.12433733,0.11174897,0.10537734,0.10007746,0.10330938,0.10957441,0.123459116,0.119289175,0.10705056,0.12598968,0.12759523,0.11893777,0.11779637,0.11526709,0.116460085,0.11039223,0.118227564,0.107640386,0.10991348,0.10316565,0.10169831,0.11967601,0.09993859,0.103192724,0.08896189,0.108857974,0.11496365,0.11573962,0.09871508,0.1023819,0.10251229,0.10666581,0.10249041,0.106575385,0.1237841,0.09591554,0.11660178,0.10395393,0.114816785,0.11410576,0.1104912,0.10284733,0.11583581,0.10442,0.10179116,0.13591635,0.11519451,0.09588134,0.09892103,0.09127005,0.11410794,0.11376164,0.109868094,0.100007005,0.10391501,0.11854567,0.1132202,0.10443904,0.10290244,0.12015551,0.10998644,0.110440806,0.1079307,0.103001855,0.108709194,0.11293591,0.11158682,0.1103191,0.11075944,0.11087654,0.10924121,0.11948685,0.10611892,0.104281776,0.09488323,0.10033958,0.12173066,0.11290324,0.1029697,0.10987446,0.11781636,0.10284121,0.10499575,0.11765965,0.10314283,0.09831877,0.12547384,0.109333254,0.11530386,0.11495394,0.0941658,0.099403396,0.10575443,0.104692414,0.115823455,0.12259777,0.112827085,0.10522014,0.096834,0.10938263,0.10732666,0.11469108,0.10483766,0.12015092,0.11864675,0.111829154,0.10646507,0.10702339,0.106670655,0.113093175,0.11067104,0.09435217,0.10499225,0.11284343,0.09930381,0.11844972,0.114419356,0.11764443,0.11346458,0.10794277,0.09199035,0.112727806,0.103108995,0.11130589,0.106524825,0.114757545,0.12974818,0.115337886,0.09900482,0.11215378,0.10152204,0.098569416,0.09963481,0.12261151,0.10340068,0.11757219,0.12411758,0.10992949,0.11054998,0.10265224,0.119018264,0.105767295,0.09668059,0.10950694,0.12049838,0.12008846,0.09204312,0.11565482,0.11648003,0.09928353,0.1011703,0.1076357,0.10641344,0.11143862,0.111521214,0.11801402,0.11550976,0.119377024,0.11662664,0.09950602,0.08958833,0.1125557,0.09520763,0.1099547,0.10043165,0.104876235,0.12147048,0.10509862,0.100028336,0.10976754,0.1074496,0.11222183,0.11382659,0.10089647,0.10897885,0.10420523,0.13077626,0.11648357,0.096884735,0.12442227,0.105815634,0.10662046,0.10786072,0.11164115,0.114387125,0.10214967,0.110178106,0.091060035,0.11902526,0.09416014,0.107811905,0.12595165,0.0996786,0.11800051,0.10235807,0.121210955,0.10152461,0.10249681,0.11729553,0.09479829,0.11813755,0.09690913,0.10703115,0.10276465,0.104264244,0.10719764,0.106585965,0.111606136,0.11305608,0.118264854,0.1033896,0.11497466,0.100710556,0.10701789,0.10130909,0.08640315,0.10308465,0.09054546,0.1001212,0.10245612,0.114425525,0.10681583,0.11089095,0.11636767,0.112536974,0.10256655,0.09553668,0.10298708,0.11474581,0.10571933,0.10491202,0.0868045,0.10511061,0.12003054,0.093944535,0.11509481,0.11653546,0.11627256,0.109659895,0.12231304,0.11628037,0.117126845,0.10749239,0.12158046,0.101849675,0.09460686,0.10051588,0.09800007,0.105861545,0.106157094,0.10886608,0.109848104,0.11153284,0.11443485,0.11728505,0.098865815,0.10396078,0.10715376,0.10524519,0.11936094,0.09943777,0.095320426,0.10303289,0.11719787,0.10509124,0.108293205,0.11527284,0.110208824,0.092645764,0.11940911,0.117208846,0.11359506,0.11405574,0.1062368,0.10546512,0.11013851,0.10294698,0.117109165,0.11665414,0.116514966,0.105370246,0.10290024,0.095120214,0.118753314,0.10424216,0.13039517,0.11829577,0.106922865,0.120018095,0.12049041,0.11019224,0.10699588,0.09597752,0.09852274,0.09377596,0.11735751,0.101311386,0.10821358,0.110008605,0.08843346,0.11055062,0.09793316,0.10336977,0.11955749,0.11338798,0.11389794,0.11253862,0.10612409,0.1059073,0.109487295,0.109300606,0.1018363,0.11108324,0.10469064,0.104923755,0.10564619,0.10327068,0.102256306,0.101664826,0.10815349,0.11063889,0.103489876,0.11516568,0.096918084,0.10464618,0.13197356,0.11105699,0.111318305,0.11032975,0.09867659,0.13243753,0.110817514,0.1194941,0.12454135,0.122050636,0.101629235,0.11920627,0.11352955,0.099406675,0.11934316,0.10472093,0.111462936,0.1141711,0.10947553,0.11592549,0.10130914,0.11757009,0.12545903,0.122615516,0.10372245,0.113187656,0.11070903,0.11318339,0.10394026,0.10047293,0.109384865,0.11619863,0.10086964,0.115033045,0.10238864,0.10279528,0.10189858,0.10482959,0.10397605,0.08664947,0.11657703,0.1186291,0.09292564,0.11560672,0.115825064,0.11940693,0.10767642,0.106690526,0.10103178,0.10796398,0.11841101,0.12205554,0.11317375,0.09763846,0.11473572,0.10856162,0.11155383,0.10873429,0.10945746,0.11596402,0.111243114,0.11244716,0.12217669,0.11358633,0.117630824,0.1074472,0.11655562,0.120147355,0.1014463,0.09494613,0.11472138,0.12086178,0.12045559,0.112072766,0.121375754,0.11905478,0.10951451,0.11913966,0.10808821,0.10540972,0.097828165,0.10338536,0.11516307,0.09920049,0.11659042,0.10884536,0.11513228,0.12494367,0.11702722,0.10599207,0.108422115,0.102303214,0.11932676,0.11332085,0.11343895,0.12242111,0.10536076,0.10852183,0.105731264,0.106986724,0.113823906,0.098946996,0.11372182,0.10642326,0.09288147,0.1239505,0.119103506,0.11002526,0.10995349,0.10124251,0.113557436,0.10523328,0.12341799,0.108880095,0.108397596,0.09860303,0.12291388,0.1200914,0.11617574,0.10643074,0.10414525,0.103798635,0.102572486,0.10603082,0.10487722,0.091795325,0.10844224,0.1154097,0.09488697,0.122010574,0.10681526,0.10684981,0.11203883,0.11175474,0.09726231,0.10493247,0.10365212,0.11359293,0.11348333,0.10026915,0.10946414,0.11329139,0.1087697
0.78888136,0.77073616,0.7827762,0.7729991,0.78912675,0.78111905,0.79169416,0.7947476,0.78579545,0.7752992,0.77717316,0.7777208,0.77960616,0.7916228,0.7839432,0.7692702,0.79509556,0.7871338,0.7921999,0.79604715,0.76686215,0.7879209,0.7862657,0.77182317,0.78083545,0.7823947,0.78190494,0.79253155,0.7853831,0.7911554,0.78283066,0.78536123,0.77200353,0.77268744,0.77376467,0.77924716,0.7934747,0.7873353,0.79322124,0.7842087,0.7734451,0.7835756,0.78657025,0.78784925,0.7826584,0.78034705,0.7745861,0.79810715,0.79208726,0.7903827,0.78687197,0.78238016,0.7826721,0.7745058,0.7894387,0.78039265,0.78507775,0.77558565,0.80069923,0.7781719,0.78149915,0.7844171,0.78446406,0.79671276,0.7752223,0.79826456,0.77736336,0.77523905,0.79710186,0.79043597,0.79254717,0.78997296,0.78903735,0.7879383,0.78629416,0.7862856,0.7759192,0.793509,0.78175074,0.77487886,0.7898476,0.7822955,0.7873934,0.7996953,0.77026474,0.7803154,0.7865274,0.77636135,0.7881627,0.7752611,0.77935445,0.79525024,0.7767517,0.7984562,0.7940165,0.78127813,0.7807157,0.78646237,0.77728796,0.7641845,0.78226954,0.7846905,0.78855413,0.78622705,0.77031344,0.76711506,0.77112806,0.78516954,0.78051347,0.78288186,0.77423334,0.76375437,0.78122693,0.7790062,0.79061484,0.7695771,0.79579693,0.7789658,0.7852547,0.7949939,0.79034144,0.7635616,0.78439593,0.77817035,0.7838707,0.770386,0.77657264,0.77192056,0.7864554,0.79008627,0.778604,0.7754642,0.77261794,0.7877375,0.79575163,0.7691991,0.7928689,0.79218656,0.7768019,0.7710137,0.79814464,0.7717215,0.77706164,0.77173597,0.77322173,0.7737544,0.77860916,0.77950394,0.7885241,0.7768953,0.77925134,0.79038566,0.7683005,0.789839,0.77855915,0.7884899,0.7871511,0.7878177,0.78467864,0.7745851,0.7857784,0.7819558,0.7782562,0.7796935,0.7855694,0.7756691,0.78616077,0.7811735,0.7842428,0.787467,0.782605,0.7780891,0.78770083,0.7750473,0.7769454,0.785584,0.78666943,0.780664,0.77926046,0.7731452,0.7785867,0.79330355,0.7903635,0.7680516,0.77857816,0.7772261,0.7951617,0.78592163,0.7816893,0.7902819,0.7768407,0.7715784,0.7716822,0.783212,0.7781034,0.7810094,0.7952158,0.79124844,0.77997315,0.78404063,0.77737385,0.7885701,0.7848914,0.78388375,0.7907674,0.77842915,0.7932021,0.7701405,0.7886909,0.7943785,0.7666173,0.7790294,0.7668017,0.7850461,0.7945205,0.77646047,0.7840302,0.79323375,0.7824551,0.78740114,0.7757048,0.7845036,0.7667841,0.78489953,0.79827124,0.78729343,0.77252674,0.78714955,0.7758005,0.78747046,0.7881941,0.7919545,0.77501255,0.78260636,0.78359133,0.7710294,0.7847721,0.7765518,0.7764767,0.7796397,0.779291,0.77886885,0.78989154,0.7824493,0.7799451,0.79011434,0.77472085,0.78872824,0.78163517,0.7778207,0.7818396,0.7915032,0.79164934,0.78703016,0.7733543,0.78493124,0.77272236,0.7699553,0.7833784,0.78082985,0.7770599,0.7889277,0.78992504,0.78199285,0.7886894,0.76785547,0.7986066,0.77590525,0.78800595,0.7828616,0.7821871,0.7872016,0.7914902,0.7827235,0.78763443,0.77187043,0.78955,0.77050596,0.7837805,0.7768888,0.795699,0.7594795,0.7738669,0.78352106,0.78790313,0.77347195,0.77760696,0.78245234,0.78459984,0.7949437,0.7887663,0.7919971,0.78305924,0.77924335,0.7768029,0.7873119,0.78689677,0.8082805,0.7889294,0.78844297,0.7835691,0.7750883,0.77734965,0.7835991,0.7813483,0.77783334,0.7811887,0.7879742,0.7927709,0.7806344,0.79953927,0.7864189,0.78720134,0.7811839,0.79471225,0.78813785,0.783802,0.7784752,0.7722413,0.78042203,0.77714366,0.7852798,0.78355926,0.78601533,0.7716329,0.7899205,0.784575,0.7858375,0.7754196,0.7834125,0.7853405,0.78946066,0.77660096,0.7724614,0.7756926,0.7706579,0.7832848,0.7783612,0.7870492,0.7767334,0.7884746,0.77417165,0.7855585,0.7800791,0.78212893,0.7812008,0.7814155,0.7788814,0.7908294,0.7856714,0.7988118,0.78470874,0.7797925,0.7776602,0.79228044,0.78023136,0.7792836,0.77137357,0.8055559,0.77476734,0.7823732,0.79921424,0.7862328,0.7856772,0.7873466,0.7841082,0.77869874,0.7783004,0.7814668,0.78740877,0.77276933,0.7705671,0.7950413,0.7773401,0.8106369,0.78446805,0.7898495,0.7870175,0.78732204,0.7697016,0.7793641,0.7841543,0.7854195,0.78029567,0.7874847,0.78789353,0.77802175,0.78728664,0.792136,0.7857993,0.77491885,0.7828614,0.77694553,0.78625464,0.7818925,0.7839142,0.786322,0.77931654,0.7773214,0.7699001,0.78458524,0.78395605,0.77139,0.79180175,0.7795016,0.7831587,0.7931077,0.7802671,0.78098476,0.7765374,0.7758866,0.778865,0.76957566,0.78266096,0.7734037,0.7842281,0.7821335,0.7660618,0.77862984,0.78705746,0.78301734,0.7832865,0.78154796,0.77227503,0.7854424,0.775736,0.7838483,0.7681826,0.7762719,0.77596235,0.7843845,0.78004444,0.77563196,0.78071964,0.79043555,0.7745433,0.77974874,0.7987232,0.78316975,0.77798176,0.7934305,0.79966116,0.79139555,0.7814428,0.7933284,0.77135175,0.77432287,0.7802275,0.7846044,0.78340477,0.7894848,0.78631115,0.774566,0.7736528,0.7793032,0.76975775,0.7861468,0.78979224,0.77023876,0.78824914,0.79097825,0.7886429,0.77614516,0.77832866,0.7845283,0.79222167,0.77287054,0.79143655,0.773799,0.79404896,0.7873121,0.79051054,0.7931472,0.7772751,0.78529865,0.7823621,0.7750738,0.79246926,0.76993245,0.78265077,0.771438,0.7607086,0.7853029,0.77688473,0.7770558,0.7928387,0.7897542,0.79056585,0.7682928,0.781376,0.78044534,0.7994722,0.7788672,0.7923503,0.78536654,0.783021,0.7766082,0.78014386,0.7832706,0.7935054,0.77780366,0.7883089,0.79043424,0.78387237,0.78937936,0.7915223,0.77733797,0.78669983,0.77670676,0.766822,0.78269106,0.7926098,0.77286804,0.7980028,0.78215027,0.7791766,0.7866326,0.7861669,0.7788026,0.76781213,0.7945188,0.7957315,0.7880635,0.7683788,0.7784363,0.77389926,0.7764608,0.78053725,0.7909211,0.7861728,0.76953876,0.76651525,0.78972495,0.7810772,0.779628,0.77362245,0.7745696,0.78370714,0.78246987,0.784926,0.77370816,0.78553265,0.79257584,0.7732782,0.7760329,0.7803658,0.78226686,0.7817639,0.78560644,0.7651051,0.7893375,0.7765516,0.7819874,0.7713456,0.80032015,0.7822548,0.77067375,0.77677953,0.7742237,0.79020846,0.76307505,0.7918707,0.7819898,0.77735394,0.7745294,0.7862439,0.79204196,0.79584754,0.7850377,0.79055774,0.8037605,0.7881117,0.77484745,0.7942685,0.78581804,0.79199386,0.7818957,0.79831666,0.7772761,0.7922487,0.78378373,0.7750622,0.7873424,0.77033716,0.793226,0.7916553,0.7819905,0.7720908,0.7764316,0.77348787,0.77990264,0.7788635,0.7873371,0.7867159,0.78297937,0.76809543,0.7853897,0.7827195,0.78731436,0.7900581,0.7838489,0.7805839,0.7871068,0.77717155,0.79606205,0.77632093,0.7788181,0.7957905,0.7904532,0.78134495,0.7856098,0.76856834,0.77612925,0.77685636,0.78739387,0.7705448,0.78959394,0.7887681,0.77854544,0.7805601,0.78827816,0.77270454,0.7865709,0.78065884,0.7978828,0.7943689,0.7755172,0.7873884,0.79171795,0.780623,0.7796903,0.78897345,0.789556,0.78093547,0.7814673,0.7864956,0.7814937,0.7963392,0.7861811,0.786548,0.7887327,0.79076964,0.77325255,0.78998023,0.7765717,0.7822439,0.7869219,0.7840584,0.7710731,0.7810947,0.79311913,0.77406985,0.77892375,0.78203475,0.7852816,0.78159714,0.76480633,0.77073795,0.7921046,0.7706976,0.78796893,0.7863367,0.77375656,0.7842392,0.78854823,0.7792275,0.78130955,0.77171695,0.7816707,0.7680535,0.7794053,0.7744616,0.7904448,0.7862829,0.7747739,0.76817334,0.78089076,0.77156585,0.7867215,0.7769803,0.78498405,0.7753718,0.7827151,0.7953432,0.78862727,0.77579737,0.7739572,0.7833853,0.7942307,0.7714038,0.7604519,0.76944715,0.7840612,0.783955,0.7675443,0.78109413,0.7761311,0.79105693,0.7808803,0.79886484,0.7900252,0.78673387,0.7753595,0.7937908,0.78102684,0.7787174,0.78409564,0.76974905,0.7756492,0.780422,0.78756607,0.7785447,0.7832226,0.78949255,0.7809667,0.78598595,0.77420485,0.78563356,0.7711231,0.7821367,0.7803655,0.761958,0.8057578,0.7782372,0.7928426,0.7894852,0.782813,0.7692456,0.7898676,0.7791675,0.7821967,0.80787235,0.7859066,0.7832358,0.79491585,0.7886543,0.77728194,0.7764319,0.79391766,0.76352906,0.76488936,0.78029054,0.80242044,0.7832201,0.77652097,0.7745255,0.77529305,0.77302617,0.78157175,0.7875415,0.7746574,0.78289235,0.76620066,0.7851749,0.77519506,0.782755,0.7764198,0.78600264,0.7880848,0.7713802,0.78880423,0.77496755,0.76863545,0.77871263,0.78617483,0.7760614,0.7816794,0.7758816,0.78651154,0.7849568,0.79583174,0.77440375,0.7699799,0.7770685,0.79051733,0.77532125,0.7865614,0.79694444,0.78218466,0.78246164,0.7916452,0.77055144,0.76725155,0.77002865,0.77658564,0.79048914,0.78445184,0.78453666,0.7748953,0.7792572,0.7753223,0.7705507,0.7862354,0.7787154,0.7731148,0.78423214,0.7803042,0.7782009,0.77756554,0.7686883,0.7903588,0.7879733,0.79230595,0.79386836,0.7660414,0.79511213,0.7690886,0.77515996,0.7788978,0.78517926,0.7780431,0.7895279,0.77844787,0.78306824,0.79535466,0.7735262,0.769703,0.76772493,0.7711147,0.7870002,0.7780157,0.78552157,0.7822786,0.7952117,0.7879922,0.77507335,0.78198016,0.7882601,0.7921103,0.7792981,0.79452366,0.78747016,0.78679603,0.76850146,0.7798164,0.77982557,0.7899035,0.794318,0.7760991,0.7801431,0.78636646,0.76883405,0.7824135,0.7915568,0.78926945,0.77626395,0.78434926,0.768168,0.7845643,0.7834992,0.7803686,0.7816007,0.78234845,0.78474665,0.7744493,0.78249305,0.7833634,0.78509974,0.78462195,0.7812309,0.79738575,0.79089546,0.7753477,0.75822234,0.78817147,0.791873,0.782044,0.79114693,0.77023906,0.78643054,0.79570127,0.7841453,0.79125434,0.7841109,0.78127563,0.7735239,0.7783907,0.7751705,0.7742112,0.7751362,0.7836273,0.7887381,0.78544354,0.7986374,0.785757,0.7938631,0.78879076,0.783937,0.7780335,0.7880325,0.77556103,0.7981781,0.7845017,0.7882822,0.79347485,0.7838028,0.7916101,0.7758768,0.7833787,0.798813,0.77583635,0.77977985,0.7721504,0.7769313,0.7752524,0.7825317,0.78287536,0.7773749,0.789679,0.79988754,0.7813326,0.77844816,0.78914446,0.79705274,0.78254956,0.79453266,0.78081506,0.78461134,0.7857755,0.7968981,0.7845707,0.7768145,0.7934231,0.79557496,0.76955414,0.7858331,0.7654683,0.78841144,0.79118913,0.77701455,0.78201795,0.77216655,0.79159176,0.79169613,0.78971356,0.78145075,0.79560435,0.7858388,0.79742604,0.7800048,0.7849501,0.77113897,0.7898889,0.7957162,0.78120506,0.78772086,0.77928966,0.7795192,0.7999058,0.785681,0.78394353,0.7917947,0.7624462,0.7843547,0.7952541,0.77797884,0.78748405,0.7976933,0.7844631,0.78567183,0.77751774,0.77464676,0.77801895,0.7859219,0.79167974,0.7795487,0.77221864,0.7851372,0.78118074,0.7802772,0.791218,0.77534527,0.77925044,0.77815425,0.78013,0.7891374,0.79821646,0.78152364,0.7781498,0.7979582,0.7789574,0.7884621,0.79381686,0.77710074,0.78835154,0.77696997,0.77080643,0.77102697,0.78070164,0.7995574,0.7788024,0.78180283,0.79186195,0.793175,0.7819224,0.77434665,0.7781888,0.79461706,0.7873365,0.7891938
0.7703482,0.77779025,0.76502794,0.77707624,0.76614136,0.7789424,0.7707052,0.78140366,0.759636,0.77367485,0.76566046,0.7672059,0.76661265,0.7659349,0.77398986,0.75206375,0.7780169,0.7683875,0.7743569,0.7530144,0.7570237,0.77871305,0.77044237,0.76970404,0.76513535,0.7558159,0.78308785,0.74909383,0.7826071,0.7773676,0.77879953,0.7678641,0.7534113,0.76024055,0.76513875,0.77566653,0.76756066,0.7725431,0.76739824,0.7730694,0.7496796,0.7578482,0.7822521,0.76632434,0.76525044,0.77177584,0.77427655,0.7889781,0.7717635,0.7639111,0.75985295,0.75485235,0.78089535,0.74968004,0.770362,0.7641407,0.7582296,0.7635443,0.7863826,0.7832132,0.75444597,0.78191745,0.76447564,0.7757228,0.76035756,0.7592777,0.7590662,0.7667942,0.7844143,0.77050966,0.7782751,0.76237655,0.75974005,0.7614225,0.78452885,0.77139145,0.77775085,0.7836483,0.77988034,0.7642107,0.77782536,0.7728425,0.7743264,0.78768045,0.761504,0.78098994,0.7627729,0.7494164,0.7768393,0.7546159,0.74494064,0.78081036,0.77312946,0.7852787,0.76832473,0.7872416,0.75896406,0.7525106,0.76918733,0.7612011,0.776133,0.7732859,0.77213746,0.76276666,0.7685369,0.7607048,0.7765849,0.7668856,0.763029,0.7775102,0.7749168,0.75791913,0.7813205,0.770293,0.7891907,0.76748276,0.7717448,0.7744542,0.7564332,0.77625316,0.7831379,0.7533607,0.75898427,0.7732941,0.7567293,0.7712379,0.7728746,0.7646297,0.7712106,0.77815205,0.77584463,0.7786129,0.76894766,0.7565907,0.77942526,0.77232754,0.7910785,0.7833412,0.7497305,0.75191885,0.7707664,0.76841974,0.76243865,0.74325454,0.7632434,0.7618094,0.76333493,0.76609576,0.76416045,0.7617242,0.77157456,0.76376504,0.74529755,0.7911974,0.7607948,0.7652493,0.7616336,0.7613131,0.773379,0.77475345,0.7754964,0.7587234,0.7761267,0.75037676,0.7600724,0.76429534,0.7776565,0.77432466,0.76665527,0.77122843,0.7728269,0.76999134,0.79165936,0.7508914,0.77102524,0.76774174,0.7785097,0.7610293,0.7535276,0.76179856,0.7601728,0.7823051,0.7710316,0.76566964,0.7674749,0.7625204,0.775612,0.7619451,0.7687986,0.7710095,0.75993824,0.77445036,0.7415679,0.77891016,0.7668041,0.7763815,0.77776414,0.78483367,0.76194537,0.77515787,0.76903015,0.78852403,0.7690574,0.7775435,0.78131175,0.762955,0.7750033,0.76255655,0.7772672,0.77055424,0.7669045,0.76010865,0.7613192,0.7552814,0.75872797,0.7540954,0.76278687,0.7594417,0.7759531,0.7706397,0.7671598,0.77296185,0.74409586,0.7617726,0.7739262,0.7712475,0.77033633,0.778166,0.76057285,0.7821451,0.7715591,0.7689564,0.7605443,0.7609155,0.75354785,0.77054036,0.76603204,0.7577571,0.77594167,0.7667794,0.758576,0.7665498,0.7663238,0.7711806,0.77402765,0.7759047,0.77505696,0.77323794,0.7594591,0.7717838,0.7805405,0.769184,0.7628808,0.7641674,0.7566394,0.78079236,0.7565073,0.76198953,0.76970106,0.76042205,0.7758652,0.7689698,0.7722972,0.7606852,0.75885653,0.75207907,0.77434665,0.7808651,0.78236985,0.7628442,0.772894,0.764365,0.7712818,0.76865286,0.7805201,0.7594529,0.7655797,0.7578991,0.7855815,0.7645766,0.7794478,0.75089645,0.76583415,0.76956254,0.76781815,0.75796276,0.7766114,0.76602983,0.7730584,0.7707741,0.77869105,0.7704012,0.7642426,0.75593317,0.75991875,0.77173257,0.78139573,0.7836207,0.753586,0.77179474,0.7677149,0.7609705,0.7608805,0.75745755,0.7780936,0.77052766,0.7521065,0.78177685,0.76980275,0.7808459,0.78518283,0.77277267,0.77358353,0.7702343,0.77164894,0.7604413,0.7681639,0.75914127,0.73651034,0.75565577,0.77098763,0.75429004,0.7882403,0.7619416,0.7553017,0.7646763,0.75779706,0.78547144,0.76587987,0.75938255,0.7708601,0.7828859,0.7543413,0.7582737,0.7799228,0.75137717,0.7597561,0.77217305,0.7772091,0.76937526,0.78540385,0.7659495,0.77463216,0.7845356,0.76786846,0.76484334,0.7784454,0.7814608,0.7808189,0.7701658,0.76480716,0.77922225,0.7714552,0.76645446,0.7823225,0.7724698,0.7670097,0.75531054,0.78771615,0.760754,0.76819175,0.7762568,0.77476865,0.77064556,0.77144676,0.7557281,0.7571165,0.7778345,0.76691604,0.78587323,0.7645996,0.76710016,0.7770521,0.77544117,0.7871544,0.7788658,0.7733495,0.760696,0.76402974,0.7656427,0.7625967,0.75680923,0.75508124,0.7622613,0.76828235,0.77104574,0.7661273,0.780828,0.76153445,0.7632764,0.7646925,0.76048154,0.76094514,0.7713989,0.788171,0.7809399,0.7586681,0.76777315,0.77661484,0.7577598,0.776,0.7778067,0.78173023,0.7754358,0.75189286,0.7640095,0.77066576,0.768468,0.7556397,0.7665595,0.7610394,0.7752984,0.76480997,0.76544195,0.75657487,0.7672311,0.78419304,0.7541506,0.7887325,0.7731832,0.7736216,0.75318956,0.7574055,0.7780549,0.774066,0.76216906,0.7738328,0.7615195,0.77725637,0.76262844,0.7682668,0.7834794,0.76932293,0.7611991,0.77201134,0.75217915,0.77325505,0.7744926,0.77346915,0.76249826,0.7723132,0.7677534,0.7736095,0.7704845,0.7623809,0.76859885,0.7591852,0.75739604,0.7709617,0.76930344,0.76413125,0.7820491,0.7660509,0.7546469,0.77000284,0.7631987,0.7678881,0.7761684,0.77241933,0.7618501,0.7752761,0.75639915,0.77337265,0.74842066,0.7616728,0.7731561,0.76661175,0.75822127,0.7638786,0.77177167,0.7634249,0.7734289,0.77306205,0.7708519,0.7843682,0.7756852,0.77132714,0.7583687,0.7665972,0.7642434,0.75089645,0.7594308,0.780927,0.7606428,0.74819565,0.76828194,0.75915164,0.7687114,0.7734741,0.77353954,0.7702718,0.77372026,0.77465653,0.7722974,0.77307093,0.74069357,0.7683791,0.7549698,0.7864399,0.77150977,0.7603234,0.7516856,0.78252804,0.7662877,0.7733597,0.77915215,0.75372994,0.77700645,0.7540395,0.7608611,0.7636121,0.76999474,0.7557416,0.7811543,0.76174766,0.75320923,0.76769656,0.7665921,0.76977766,0.736573,0.7721844,0.767844,0.7810398,0.76613176,0.772738,0.7587028,0.7552259,0.758956,0.77220786,0.7719232,0.75768,0.7796654,0.7666513,0.7440918,0.7634135,0.7798449,0.7664285,0.7697163,0.7593034,0.7586026,0.77461946,0.75123245,0.76511866,0.7559702,0.7562188,0.7649107,0.75883865,0.7711517,0.78239906,0.7605646,0.75639534,0.7701162,0.7606129,0.7636314,0.77953315,0.7734753,0.7581453,0.7634321,0.757419,0.78129286,0.76378053,0.76288486,0.7879986,0.76561165,0.7564377,0.7539845,0.7682486,0.7739564,0.76530683,0.7663227,0.7642342,0.7626661,0.7603309,0.78903025,0.76743156,0.7661429,0.7768485,0.7582901,0.76892596,0.79283917,0.7715552,0.7552735,0.76884663,0.7639287,0.76762307,0.7761173,0.7666671,0.758163,0.76018465,0.76615775,0.7638959,0.7606846,0.76876295,0.77056545,0.7638372,0.7657882,0.7729792,0.7630916,0.7552617,0.7694949,0.75753045,0.7603754,0.77428883,0.755688,0.7630408,0.7639901,0.7805105,0.7808325,0.78128034,0.7719114,0.7852152,0.75606287,0.76319486,0.7599851,0.76383084,0.7348551,0.780128,0.78326607,0.7648894,0.76516694,0.7767498,0.7637204,0.7772293,0.7667267,0.78298855,0.76178145,0.77146083,0.7639637,0.76623034,0.766468,0.7638044,0.76047266,0.78204,0.75853884,0.7694239,0.7601773,0.7797115,0.7744382,0.77478564,0.76613086,0.76033956,0.76888096,0.7634684,0.7740544,0.7771996,0.7801237,0.7744141,0.76304185,0.76108044,0.76527363,0.78047854,0.76363164,0.7576824,0.7759704,0.77587205,0.7700283,0.7515177,0.7686187,0.75339854,0.75721383,0.7776537,0.7706344,0.7754829,0.7899688,0.76286274,0.7705191,0.7810017,0.7746289,0.75800455,0.7550896,0.75992215,0.7831043,0.765339,0.7704018,0.78291196,0.7495743,0.7780659,0.7456717,0.7948635,0.77328646,0.78064924,0.7598007,0.77465415,0.7760345,0.78431463,0.76211536,0.7502803,0.7779564,0.7778395,0.75625294,0.7468976,0.7641198,0.770662,0.77860504,0.76779395,0.7788873,0.76396483,0.77426684,0.7584577,0.7671104,0.7595481,0.7753149,0.7650486,0.7688039,0.767141,0.76299924,0.77373457,0.7735296,0.732406,0.76222897,0.77779454,0.75453347,0.76949465,0.7694781,0.754455,0.7672336,0.7661966,0.7579056,0.75930613,0.7783096,0.76483244,0.74926764,0.78443456,0.7557055,0.77708185,0.7743256,0.76351124,0.75744903,0.75992775,0.7691848,0.7773614,0.7839648,0.7625555,0.76995957,0.7811049,0.78012085,0.76880985,0.7713933,0.76894116,0.76009613,0.7493625,0.75529003,0.76992637,0.76440287,0.77450585,0.74237275,0.76525146,0.774747,0.76090205,0.79494977,0.77412635,0.76642966,0.7666542,0.76173407,0.7790409,0.767499,0.7680923,0.77557427,0.7724176,0.7654914,0.7662273,0.7673333,0.7654014,0.75995773,0.76015836,0.755389,0.7760316,0.7521026,0.7606053,0.764166,0.7681943,0.76668245,0.7625756,0.7626198,0.76940197,0.7519886,0.77786773,0.78242385,0.76473224,0.7681239,0.77093995,0.7535227,0.7602057,0.77625704,0.7566027,0.7755507,0.7744355,0.7696846,0.762321,0.76301235,0.7604372,0.7515502,0.7641983,0.7717999,0.7716309,0.7670219,0.7694824,0.7655696,0.760092,0.75496095,0.7678061,0.7664351,0.7571017,0.7735491,0.7620318,0.7866148,0.7657583,0.77066404,0.7666391,0.73503387,0.76351357,0.7550461,0.78679585,0.77059567,0.7712896,0.7673526,0.75645316,0.74467075,0.7701056,0.78525436,0.7582123,0.76342374,0.77903223,0.7883364,0.7710756,0.76856405,0.77626324,0.76089215,0.78126204,0.76929086,0.76001567,0.7692949,0.758021,0.7621952,0.7604427,0.7695129,0.7762367,0.77261615,0.75948507,0.76252574,0.76052237,0.7595643,0.77434075,0.7747536,0.7752182,0.75047207,0.77616256,0.7717583,0.76453876,0.76468885,0.76416343,0.7765854,0.7625394,0.75933594,0.777258,0.7839528,0.7634842,0.760016,0.7722954,0.76109725,0.76341045,0.7732899,0.7538825,0.7562279,0.75848925,0.76339626,0.757848,0.766492,0.7678426,0.7700555,0.7757224,0.7643665,0.7737472,0.7614394,0.7624719,0.77143586,0.76687264,0.7701359,0.7551883,0.76305425,0.7588668,0.7655266,0.751701,0.77534324,0.7500062,0.7719053,0.76839566,0.7689976,0.7484227,0.765944,0.76955694,0.7770709,0.7701963,0.77103657,0.77155256,0.77143055,0.7740437,0.7596967,0.7570063,0.7794149,0.7573542,0.7537761,0.74798477,0.76924056,0.75493234,0.7726775,0.7585905,0.756136,0.76255333,0.77844363,0.7788355,0.7757541,0.75936663,0.78738385,0.75804853,0.7771473,0.76129836,0.77443236,0.7667005,0.7708656,0.7659903,0.7786201,0.7531556,0.77366656,0.7589078,0.7588757,0.7637179,0.7632878,0.7600193,0.75970757,0.78119934,0.7587131,0.77022576,0.7813757,0.7760108,0.7664941,0.7681428,0.76240414,0.768647,0.74780244,0.7928891,0.7589706,0.77550495,0.7715154,0.7656388,0.7656025,0.7686759,0.7658528,0.7758158,0.7691217,0.76232547,0.77083564,0.75960666,0.7803771,0.77479297,0.7498413,0.7712973,0.77799815,0.7685017,0.76187617,0.76160455,0.7711047,0.7573429,0.777332,0.77228814,0.76668566,0.7518344,0.76321507,0.7602724,0.7668633,0.77190673,0.7762754,0.7797056,0.76583123,0.7611849,0.76472384,0.7758923,0.7777769,0.7746561,0.77747375,0.76284254,0.78324175,0.7788579,0.7721646,0.76989555,0.7645396,0.7519244,0.75464976,0.7557166,0.78433776,0.7672224,0.7797683,0.7741575,0.762372,0.7528202,0.76357025,0.7734648,0.7645259,0.76600575,0.78038746
0.8368819,0.8152954,0.82502127,0.83847904,0.8433113,0.8500339,0.8245869,0.8423039,0.82009935,0.8121326,0.81885487,0.81906056,0.82654107,0.8287714,0.81816256,0.82261574,0.8107302,0.8363023,0.8240957,0.811622,0.80530554,0.81984276,0.82707435,0.8292798,0.8122293,0.81825346,0.8068477,0.8141911,0.83134323,0.83234763,0.8075741,0.82789207,0.8195856,0.80465543,0.8216438,0.8448661,0.82294416,0.8145105,0.8239506,0.8047953,0.8173351,0.8111732,0.82146704,0.8315287,0.8257668,0.8216827,0.81201446,0.8353653,0.8135485,0.81851125,0.8124291,0.8236656,0.8194154,0.8159723,0.8266308,0.8312951,0.81147426,0.81295687,0.8249783,0.80891514,0.8148963,0.831792,0.8286629,0.7995863,0.8298941,0.83091617,0.8087848,0.81688833,0.82799435,0.82291067,0.82888037,0.81597346,0.8304157,0.8252833,0.82217646,0.8105962,0.82650715,0.8189028,0.82681435,0.8174118,0.83303255,0.82136613,0.82257384,0.83991915,0.8166261,0.8369755,0.8314481,0.8226286,0.83185714,0.8194158,0.81297404,0.8161824,0.81618637,0.81192005,0.8043644,0.83649033,0.8222647,0.81210524,0.83215404,0.81999475,0.8225516,0.8233128,0.8299307,0.82545453,0.82861835,0.8028887,0.8098747,0.820381,0.8210927,0.83456045,0.8306326,0.80694515,0.8325237,0.8201018,0.83995444,0.8230341,0.82590616,0.83148676,0.8088286,0.82071924,0.8221475,0.8201322,0.82150537,0.8304572,0.8065482,0.8179267,0.8172004,0.8196088,0.81943744,0.8272943,0.82074004,0.81026226,0.8219978,0.8176905,0.8226145,0.8196771,0.8146419,0.82499754,0.8231951,0.8256039,0.8216627,0.8209596,0.82717115,0.81665945,0.81413436,0.8195939,0.8258953,0.8318591,0.8229741,0.8159629,0.8046848,0.83137846,0.82005805,0.8211385,0.8218534,0.8247037,0.79874176,0.8263168,0.8234317,0.8291221,0.83039886,0.83265626,0.8284187,0.82016134,0.8214722,0.82410413,0.8168173,0.81946754,0.83352894,0.8321203,0.8146103,0.8165901,0.8195726,0.8193324,0.8162679,0.828374,0.8339805,0.8087456,0.8216143,0.7979274,0.81956184,0.8267894,0.8396153,0.8114956,0.8211042,0.8348033,0.83048385,0.81865007,0.8266141,0.8201771,0.8158654,0.81899774,0.83067155,0.826424,0.82444453,0.823107,0.8281389,0.8304998,0.8220023,0.8230031,0.8272817,0.8356944,0.83340275,0.81642306,0.8269574,0.8196708,0.834898,0.8262115,0.8347906,0.81211776,0.818709,0.8193145,0.8252402,0.8142542,0.85594183,0.81445307,0.82490563,0.8351147,0.82904947,0.82309157,0.8420861,0.8208532,0.8228894,0.8300395,0.8279365,0.8364588,0.8225029,0.8241908,0.82204497,0.8183587,0.8399368,0.8156263,0.8248546,0.8296739,0.8176284,0.82419604,0.8156141,0.82496184,0.8256191,0.8087859,0.8272543,0.8140442,0.8283072,0.8124916,0.83737963,0.8248192,0.8222891,0.81935596,0.81713176,0.825531,0.8138896,0.80820334,0.827479,0.83058137,0.8229121,0.8300223,0.81916803,0.8251894,0.81895256,0.8234407,0.8043891,0.82877773,0.81368667,0.83304435,0.8371712,0.8291614,0.82781935,0.8328526,0.8211381,0.82320875,0.82690185,0.83047265,0.8083243,0.82795495,0.8333206,0.8154351,0.825544,0.812234,0.8311251,0.82606924,0.8297548,0.8176292,0.8399619,0.8205164,0.82869387,0.81992555,0.84589815,0.8191894,0.8128979,0.82501143,0.8201142,0.8150725,0.8175279,0.8151532,0.8214724,0.8305798,0.8226001,0.8169818,0.82191557,0.83456796,0.8187477,0.80919063,0.82614523,0.828514,0.8284114,0.8281013,0.83744067,0.8156925,0.8346032,0.8265276,0.843943,0.8167019,0.8273632,0.8140754,0.8179224,0.8281143,0.8289792,0.8190993,0.8213563,0.83177847,0.8261491,0.83457583,0.80953854,0.8258773,0.8196609,0.82585156,0.82374024,0.8170577,0.8259863,0.81687737,0.8219859,0.8405414,0.8282485,0.82003284,0.81095845,0.8104217,0.81774056,0.8195642,0.829985,0.82308704,0.82006425,0.8137943,0.8281014,0.81940746,0.83629704,0.82030237,0.8258998,0.82875806,0.83103377,0.82004565,0.81263226,0.8275723,0.8199741,0.8237954,0.82879716,0.82876116,0.8228802,0.8292757,0.8308479,0.8242031,0.83900076,0.82149535,0.81987166,0.8149126,0.8322821,0.8242985,0.8208527,0.8269526,0.8184622,0.8300284,0.8273662,0.8193803,0.8355634,0.8228005,0.82736486,0.8166706,0.82273495,0.8312421,0.8189844,0.8221425,0.81489915,0.8303038,0.8119058,0.82818556,0.8267002,0.8285455,0.8242804,0.8230651,0.8249916,0.8288897,0.8244294,0.81265587,0.8340851,0.83300626,0.81973726,0.8297036,0.8299426,0.82249093,0.82216406,0.8143583,0.8105204,0.8268273,0.8256234,0.81883615,0.81392187,0.82575303,0.8289166,0.8094163,0.82496893,0.819225,0.8185862,0.81499845,0.8167083,0.8343416,0.8278154,0.8102565,0.822046,0.81301534,0.81433487,0.82462037,0.82461977,0.82497734,0.81261015,0.8263,0.81974936,0.815133,0.817296,0.81065905,0.8229261,0.8351558,0.8238601,0.8159792,0.8279057,0.81988764,0.82393,0.82157344,0.8195838,0.82095605,0.82669485,0.8147761,0.82647884,0.827354,0.8182483,0.8208857,0.81908643,0.8132933,0.8042216,0.8272945,0.82270515,0.8251164,0.8240379,0.8090779,0.8235235,0.82348543,0.81882256,0.8257234,0.8179227,0.81195354,0.82953566,0.8241302,0.8346291,0.8322162,0.82650274,0.82180274,0.81793934,0.82894677,0.8266178,0.8247271,0.8126565,0.82941484,0.8083565,0.8402568,0.81969774,0.81459385,0.82173127,0.82202286,0.816139,0.82852536,0.8213289,0.8192444,0.82798094,0.81887096,0.8129213,0.8217691,0.8195718,0.82836634,0.82525015,0.8249512,0.81503016,0.81181204,0.82873607,0.82545334,0.8215958,0.8249468,0.8372806,0.8249692,0.82460266,0.826151,0.8121561,0.8146405,0.82289916,0.82094306,0.8211854,0.8277995,0.8404683,0.81450003,0.8187109,0.8324891,0.8120819,0.81090873,0.80792916,0.8161848,0.822914,0.83056855,0.8273398,0.8196849,0.8247405,0.8274434,0.80712205,0.821017,0.8271851,0.8221535,0.8372858,0.8276379,0.82246906,0.8244494,0.8401831,0.8317859,0.8319754,0.81175286,0.83252305,0.80149025,0.82822025,0.8194265,0.8233154,0.8215019,0.810267,0.8197573,0.814022,0.8113231,0.8249865,0.82201177,0.8218385,0.82916117,0.815853,0.8244086,0.8235407,0.82524467,0.82709837,0.82619196,0.8105756,0.81581336,0.8446254,0.8299277,0.8269017,0.8203311,0.8236757,0.8164429,0.81787467,0.8325317,0.81776345,0.8283288,0.8174648,0.8198236,0.8195984,0.8371293,0.8221379,0.83094406,0.82571375,0.82686514,0.8309847,0.8235793,0.8343972,0.8420217,0.8333134,0.8283947,0.8178665,0.8229608,0.82955605,0.82063895,0.81635725,0.8316168,0.81421685,0.8219282,0.82225376,0.8249657,0.8378295,0.81361187,0.8309933,0.8256868,0.811569,0.81417465,0.82151026,0.83099073,0.8177429,0.8109692,0.83484185,0.8353631,0.82170606,0.8197447,0.82484746,0.8054294,0.8327963,0.82789236,0.81593555,0.8208834,0.80946237,0.81202906,0.82910556,0.8242421,0.8246888,0.8110791,0.8194426,0.81704736,0.83384025,0.81460285,0.8170771,0.8292939,0.82139516,0.8130536,0.8227272,0.82899207,0.82601,0.8093031,0.83661366,0.8336241,0.8213715,0.8116509,0.8150329,0.8357287,0.8387615,0.8177852,0.82460886,0.81685174,0.81663907,0.8160577,0.8168006,0.81878436,0.82492465,0.8291044,0.8164982,0.82207036,0.82207245,0.83353853,0.82964015,0.83304733,0.81737447,0.8191766,0.81982195,0.813127,0.828409,0.8211047,0.8213076,0.82324475,0.8227835,0.8343014,0.8180964,0.80635244,0.81197053,0.8234055,0.8207253,0.80591315,0.8248825,0.83146256,0.8327139,0.80174404,0.8287718,0.8223356,0.8198507,0.8329875,0.8328872,0.83236194,0.83319384,0.80804884,0.82895005,0.8176319,0.8139517,0.8076257,0.8220709,0.8148753,0.82543534,0.81730604,0.820593,0.82270324,0.8275382,0.8225034,0.8301138,0.81841046,0.80951935,0.8197708,0.8197423,0.815109,0.83661777,0.8398381,0.80853534,0.8139532,0.82426673,0.8254031,0.81038463,0.822103,0.8390499,0.8262731,0.8219002,0.8204921,0.83369696,0.80530006,0.8200648,0.8255113,0.80949336,0.8099737,0.83167636,0.81546646,0.8309818,0.8302844,0.81711984,0.811765,0.82694525,0.8192111,0.82395947,0.82212406,0.81384516,0.83257633,0.84868777,0.82170403,0.821931,0.8308866,0.81440026,0.81711257,0.8372319,0.82472306,0.8147219,0.82710797,0.8250128,0.82537454,0.8184685,0.82734513,0.8329387,0.8194584,0.8233171,0.8079276,0.8041236,0.8230549,0.83567667,0.8131866,0.81853753,0.81889445,0.80142003,0.83605015,0.8207589,0.8217802,0.80256957,0.8347493,0.81217337,0.8431852,0.8328178,0.82512355,0.8089144,0.82321537,0.8291098,0.8198248,0.82117724,0.8279234,0.8231227,0.8260591,0.8217558,0.80653316,0.8246456,0.811832,0.82311213,0.8269986,0.8205522,0.8185332,0.81330854,0.8315434,0.82561684,0.81414413,0.82280314,0.8394942,0.83594084,0.8176044,0.8334731,0.81242186,0.81525224,0.83506215,0.8184844,0.8218254,0.8117443,0.8344194,0.8414125,0.8409209,0.8142188,0.8179069,0.8140032,0.81900567,0.83556235,0.8273781,0.81856006,0.81896013,0.8370669,0.8075983,0.82672226,0.8260945,0.8282047,0.8132275,0.8142869,0.8264218,0.8269465,0.8178996,0.81695014,0.822211,0.8176007,0.8201045,0.8249839,0.82617396,0.82997406,0.81755203,0.8251159,0.82201904,0.81658536,0.8179265,0.8397855,0.8221024,0.83220416,0.8280276,0.8294071,0.8189184,0.83067876,0.81314796,0.81946087,0.83274835,0.82638365,0.8314002,0.81479555,0.8326455,0.8258006,0.8127573,0.8329593,0.8220436,0.8258451,0.8257018,0.81904215,0.81527823,0.8223499,0.823778,0.8351054,0.8187796,0.82483995,0.8142762,0.8202084,0.8236838,0.819836,0.827573,0.81714046,0.8138503,0.80797833,0.8341038,0.82344365,0.8205481,0.82448846,0.8122455,0.8174002,0.8146864,0.8165821,0.8285359,0.81801164,0.8210854,0.80652374,0.8341323,0.8090043,0.82299995,0.83002645,0.82371515,0.8223225,0.81439906,0.834264,0.83362305,0.8224524,0.82850844,0.8237775,0.8127365,0.82401836,0.81672436,0.81849265,0.8283528,0.8172531,0.83674425,0.83065474,0.8228217,0.81380737,0.8202063,0.83199775,0.81962895,0.83075285,0.8245469,0.822712,0.847405,0.82588804,0.8103066,0.81955725,0.83480984,0.82467896,0.82723784,0.8254197,0.8145136,0.8185968,0.84497327,0.8074411,0.83138627,0.81786376,0.8192607,0.8228609,0.8207224,0.83769983,0.82417876,0.8276617,0.83265865,0.8065165,0.83301777,0.8216664,0.824932,0.8149722,0.824551,0.82957184,0.8261994,0.81450003,0.8280275,0.8226914,0.8310044,0.82843065,0.82386684,0.8350149,0.8228958,0.8184652,0.81858265,0.8186492,0.8247482,0.8319873,0.8132617,0.8113954,0.82433134,0.82973844,0.8190587,0.807072,0.8328191,0.80937654,0.8221418,0.8127384,0.8189343,0.83140135,0.823273,0.83290905,0.82650685,0.8161405,0.8217702,0.8245059,0.8033163,0.8290516,0.8258685,0.84053534,0.8167787,0.8164381,0.8172057,0.83025444,0.8200798,0.83125883,0.8129628,0.81909084,0.81772906,0.830483,0.81694865,0.82712936,0.82056594,0.81963813,0.8214419,0.8205255,0.8329137,0.8179671,0.83413726,0.8361651,0.82217956,0.8171766,0.82778895,0.8263447,0.831117,0.82242066,0.8389205,0.80252475,0.82865083,0.8166828,0.8320703,0.8183413,0.82878244,0.8178066,0.8242684,0.82110864,0.81829756,0.8171719,0.8309483,0.823663,0.8309098
0.31260884,0.3356778,0.29855418,0.31318384,0.28553867,0.30566147,0.31799024,0.303264,0.30969176,0.31995586,0.3064657,0.30299783,0.3286116,0.30307752,0.3301589,0.3284319,0.3147757,0.3098231,0.3040943,0.30350235,0.3131028,0.3028563,0.307366,0.3077442,0.3067019,0.29802477,0.32552412,0.30862075,0.31152707,0.29689026,0.3320385,0.32358617,0.3158836,0.32361162,0.31937283,0.3040839,0.31277174,0.32050928,0.3136111,0.32380176,0.31234297,0.31690598,0.3216264,0.2926489,0.30461967,0.3232176,0.32577664,0.3081189,0.32067865,0.31153828,0.30916998,0.311677,0.30535474,0.3092449,0.31087136,0.31492522,0.30828726,0.32622993,0.32361355,0.32160294,0.30149254,0.30094847,0.30027208,0.32910204,0.30235088,0.32436013,0.32245192,0.30841425,0.29801527,0.30661395,0.31983304,0.31475365,0.2981492,0.29822066,0.31096658,0.30931026,0.30163112,0.3066011,0.30885702,0.308517,0.34279513,0.31460333,0.3301555,0.3208798,0.3051983,0.30798674,0.30141306,0.3307595,0.31965706,0.29814017,0.30152386,0.31737807,0.31076285,0.32540685,0.33328268,0.29705423,0.30451524,0.32820132,0.31929812,0.3164664,0.30455452,0.31882352,0.30020434,0.30533716,0.30873328,0.31154528,0.32286626,0.3093106,0.31029838,0.3294131,0.31712848,0.3216786,0.3203487,0.31378138,0.31088316,0.3004597,0.3165549,0.31901333,0.29406512,0.30751517,0.30408475,0.3046136,0.309835,0.3214737,0.32699323,0.31218824,0.30680564,0.30342257,0.30792972,0.30725947,0.32441777,0.30558655,0.3143426,0.302988,0.31812453,0.31840438,0.32547513,0.3057222,0.31375918,0.29799914,0.30376154,0.2951853,0.3182729,0.31942984,0.32363233,0.30622876,0.30700386,0.30571276,0.31174424,0.30421522,0.31913003,0.30961788,0.29728246,0.31874183,0.3010024,0.31182992,0.31962392,0.32449162,0.3118117,0.31815895,0.30945265,0.29506928,0.3067626,0.31918067,0.31099725,0.30782244,0.32278132,0.32382962,0.31587416,0.3029333,0.32006362,0.32303852,0.30420724,0.3082358,0.32076672,0.32271078,0.30748856,0.30841643,0.320342,0.31307954,0.3159723,0.3203956,0.29565564,0.3140583,0.30783528,0.3024237,0.31952322,0.30546436,0.29977942,0.31275716,0.32197404,0.32911527,0.31172413,0.31301826,0.31571826,0.31160355,0.3142674,0.29908845,0.3023182,0.31219712,0.30278447,0.30712765,0.32160008,0.31953216,0.328909,0.32306838,0.30170533,0.30478522,0.3132623,0.32843822,0.31544346,0.3084655,0.30682045,0.30205232,0.2885969,0.31369942,0.30411363,0.29445156,0.30785435,0.3193435,0.31541768,0.3305855,0.3006356,0.31662753,0.30760992,0.28820497,0.30063772,0.3224428,0.30259526,0.3191491,0.30666044,0.29490605,0.30567545,0.30910158,0.30906925,0.29816273,0.31196874,0.31108126,0.31342262,0.31112677,0.3114425,0.31333417,0.31297296,0.3135677,0.32140195,0.30425584,0.29981562,0.31229502,0.30085164,0.31280616,0.324589,0.3177068,0.31023178,0.31376398,0.30925956,0.29841876,0.31485617,0.31929648,0.3122555,0.30533344,0.32425883,0.3175015,0.3165483,0.32349348,0.31605104,0.2960465,0.3155699,0.2954781,0.32709068,0.30361924,0.3053904,0.31458917,0.31487033,0.30624595,0.30588162,0.3213552,0.30835408,0.32245418,0.3031804,0.31492335,0.310517,0.31984642,0.2992913,0.31511787,0.29907688,0.32081077,0.30167127,0.30063522,0.31294188,0.30139607,0.30920777,0.3165851,0.32001078,0.31417894,0.31491902,0.31989208,0.31823927,0.31392372,0.32226107,0.31274486,0.32656357,0.31664842,0.33098832,0.31425983,0.3128866,0.3096175,0.3017168,0.31433198,0.29977164,0.3037192,0.31265858,0.31799176,0.29019812,0.3242919,0.31497478,0.30214247,0.30785713,0.29980034,0.31350413,0.3114367,0.295819,0.3012898,0.3389083,0.30708194,0.3097643,0.30638513,0.3130254,0.3072257,0.30183023,0.31854036,0.3194881,0.31743953,0.31481513,0.31298593,0.31977686,0.31416836,0.3196071,0.3223452,0.31106347,0.30724883,0.31226492,0.33122146,0.31856537,0.32070038,0.29723904,0.31894967,0.31335568,0.3159443,0.3002468,0.30928594,0.3231269,0.32073912,0.31921464,0.31749701,0.30950817,0.30443367,0.31789604,0.30713215,0.31524563,0.30723947,0.2975238,0.322937,0.31829906,0.32304344,0.29963708,0.30844435,0.30826926,0.30933878,0.32270893,0.30865103,0.3118391,0.308002,0.3055516,0.30346134,0.29689664,0.30560026,0.32310984,0.30510846,0.31186914,0.31364983,0.31522793,0.29548302,0.3019766,0.31708008,0.30938113,0.30065575,0.31484446,0.3158881,0.30269286,0.298518,0.31703827,0.32769638,0.30627847,0.32102737,0.31647322,0.32345954,0.3065649,0.31300497,0.32089698,0.3208633,0.31701475,0.32410172,0.31771538,0.30911785,0.3129833,0.3102596,0.31570178,0.3118868,0.31445605,0.3183799,0.30072337,0.3152458,0.30935007,0.30179822,0.320735,0.31480938,0.32855013,0.3061255,0.3135974,0.3237807,0.30869672,0.30249774,0.31532246,0.31441993,0.3153159,0.30022424,0.31105405,0.32497945,0.29771265,0.31321067,0.30652016,0.3060809,0.29782808,0.31623477,0.30778855,0.30098528,0.31200925,0.32532862,0.30906254,0.3282225,0.30219185,0.3168866,0.31136873,0.3161337,0.31450891,0.30923632,0.33211538,0.30697942,0.3116564,0.31860882,0.3045169,0.32205454,0.3224668,0.30653697,0.30687097,0.31224278,0.32644632,0.310808,0.3082291,0.3097351,0.31691766,0.32270628,0.31118283,0.3058787,0.32567266,0.32767263,0.2995865,0.31135184,0.32250762,0.30738008,0.31732675,0.31058255,0.29880562,0.33301464,0.3272141,0.32341334,0.31674188,0.31716922,0.31718725,0.31288323,0.30239397,0.32773358,0.31536302,0.32074392,0.3222552,0.29443717,0.31200284,0.3170213,0.3212197,0.33187756,0.32606012,0.33334002,0.32519954,0.32288694,0.30939773,0.29938436,0.31608263,0.30014667,0.3065322,0.3212245,0.3221549,0.30780658,0.30818722,0.3086372,0.3092314,0.31190616,0.31511047,0.3165883,0.32155433,0.30021876,0.32040033,0.31250122,0.30525503,0.30388546,0.2949614,0.3183743,0.31960094,0.32557562,0.31313464,0.3176088,0.30612475,0.30729866,0.295071,0.3105823,0.3102209,0.3239696,0.30657476,0.28715506,0.29682934,0.32581323,0.31301498,0.32158798,0.31939733,0.29336286,0.31122988,0.3187012,0.3194406,0.31242907,0.32725084,0.31071627,0.3090947,0.32266355,0.30760837,0.31249973,0.30379155,0.3104534,0.31043223,0.31550288,0.31724185,0.31760272,0.30662802,0.3234198,0.3013216,0.31837144,0.30744115,0.3230283,0.30263382,0.30769578,0.30513772,0.2930487,0.31942412,0.29612094,0.32415646,0.30146104,0.3013198,0.31218123,0.31202912,0.3078643,0.3175792,0.3224362,0.30918837,0.31412846,0.3145695,0.31144887,0.3131302,0.3045394,0.31188026,0.32428223,0.31812721,0.32394615,0.31188914,0.30363175,0.3191935,0.32249156,0.31050834,0.30797264,0.30978164,0.310163,0.3028159,0.30653417,0.31350937,0.3279139,0.31886533,0.3084337,0.30345693,0.31863144,0.2997075,0.3002429,0.3170486,0.3243553,0.31204733,0.321784,0.3223993,0.28942096,0.307518,0.29833105,0.32075185,0.32504237,0.32500744,0.3154359,0.32129252,0.30278704,0.32481536,0.31157196,0.30321065,0.30197832,0.3194929,0.3248245,0.31525508,0.31989378,0.32039896,0.30625638,0.300727,0.31603408,0.30470446,0.30822262,0.2974316,0.31473827,0.3143251,0.30358315,0.29558745,0.32126504,0.29898942,0.3106333,0.31628618,0.3343182,0.30260077,0.32356513,0.32850325,0.30966634,0.3198959,0.33251986,0.31866866,0.30894753,0.29776606,0.3112681,0.30518162,0.31019968,0.31812823,0.32314792,0.31320482,0.3180503,0.2893712,0.33132243,0.31402725,0.30375037,0.31209734,0.310265,0.31063017,0.30450556,0.31409496,0.32034,0.2950981,0.31830516,0.31924853,0.31859514,0.30686152,0.31273434,0.3212093,0.30481952,0.31980827,0.30660814,0.30531156,0.3130179,0.3189139,0.30262446,0.32384548,0.31294033,0.32683086,0.31640726,0.33235908,0.31754687,0.3181082,0.3043191,0.30931294,0.29853907,0.30530706,0.3295747,0.31901196,0.30667844,0.31602213,0.308028,0.28193212,0.31538868,0.32082537,0.3236906,0.30434477,0.2998347,0.31568962,0.31015962,0.30338913,0.3196867,0.3199238,0.3118522,0.3124906,0.29442936,0.30619866,0.3220545,0.3058317,0.32995266,0.3164335,0.32111648,0.3204904,0.3100702,0.31148243,0.30685952,0.30801678,0.30037904,0.31208882,0.31134924,0.3246724,0.28675592,0.30666405,0.3291901,0.31863075,0.3089491,0.30721286,0.3127721,0.2973702,0.3225402,0.31306848,0.30169493,0.3134851,0.30306238,0.32005215,0.31770304,0.30809385,0.30526656,0.313899,0.3050878,0.32335123,0.3039934,0.31854084,0.31284413,0.3146992,0.31592923,0.32012782,0.31075415,0.31891176,0.31163788,0.3211077,0.31879056,0.3154933,0.2940979,0.31993702,0.3234667,0.31720665,0.31123835,0.30603904,0.32421407,0.31321067,0.30951536,0.30886137,0.30191988,0.3078999,0.3220646,0.3168242,0.3342959,0.31738144,0.31471142,0.3309041,0.3098855,0.32696375,0.30354804,0.31936166,0.31472933,0.310786,0.3075103,0.30518883,0.30868825,0.31021217,0.30004337,0.3282408,0.31875682,0.33750176,0.3143487,0.3211151,0.30088684,0.30410144,0.30032277,0.3217499,0.29091248,0.31000245,0.31480893,0.3058802,0.29765475,0.30852094,0.3161312,0.30827612,0.33316258,0.3125305,0.30034828,0.32016313,0.32273582,0.31612933,0.30991268,0.30919316,0.32870674,0.3251135,0.31797305,0.31740445,0.3125149,0.3161463,0.31554502,0.30015823,0.31037524,0.30829805,0.3020167,0.32734236,0.3297219,0.30935994,0.3146023,0.31733426,0.31571963,0.30408785,0.31573462,0.3233027,0.3133026,0.3222404,0.306695,0.2964363,0.30785936,0.3129323,0.28788617,0.31588873,0.32755673,0.31800094,0.31866166,0.30057177,0.32221988,0.30750212,0.31777957,0.31517696,0.3111074,0.31623065,0.30506605,0.3105818,0.32583094,0.31146938,0.3041948,0.30578408,0.2931106,0.30581778,0.3065405,0.32792687,0.31062725,0.30732307,0.3162241,0.30927405,0.31491768,0.32214722,0.3072557,0.3315916,0.30762643,0.31129664,0.3096679,0.31584466,0.2915641,0.3348851,0.32649702,0.30746892,0.32139713,0.2991138,0.3150683,0.30231282,0.3058149,0.3089774,0.30360332,0.29660308,0.31172237,0.315116,0.31886873,0.30153823,0.3189627,0.3105993,0.3028391,0.29615262,0.32109085,0.31986922,0.30486172,0.31426188,0.3264556,0.3003898,0.31029776,0.3078278,0.3077216,0.3091841,0.30362672,0.32202512,0.30377108,0.2929885,0.29949737,0.3025011,0.3155963,0.3145255,0.32424843,0.31284687,0.30729437,0.3026509,0.3253963,0.3124423,0.3113686,0.3115424,0.31178778,0.32902715,0.31775302,0.31555188,0.32304078,0.30200127,0.3049158,0.31014866,0.31859598,0.29872388,0.32134074,0.31714916,0.32141915,0.30070487,0.3042152,0.30170742,0.31571493,0.31682384,0.31192073,0.32141885,0.31301263,0.3140104,0.32207805,0.30685994,0.3063722,0.3055635,0.3102076,0.31771904,0.2882011,0.32072043,0.316414,0.31338337,0.32200885,0.31539768,0.31385893,0.30115148,0.3135857,0.29995412,0.30674788,0.31631213,0.30287695,0.30752686,0.3165344,0.31669688,0.31747037,0.30102962,0.30810857,0.32440415,0.31784692,0.306198,0.33142442,0.3175101,0.3094467,0.30650914,0.3198882,0.3096561,0.32186913,0.31396565,0.30833235,0.32485464,0.305749,0.29859772,0.30290937,0.32600662,0.31608766,0.29465738,0.31512195,0.32118648,0.3106405,0.3051599,0.2951738,0.31850454,0.2998296,0.31500798,0.3122961,0.32274312,0.32989398,0.32541686,0.30518857,0.31299144,0.29973298,0.29752982,0.34081373,0.29949716,0.30009392,0.321335,0.30806047
