0.5912459,0.5899005,0.59632456,0.594903,0.58535916,0.5900756,0.5892259,0.59498584,0.5926207,0.5871407,0.5889072,0.5892734,0.5926349,0.5921957,0.5816606,0.5882167,0.592921,0.58746994,0.5858316,0.59094507,0.5876821,0.5899282,0.5940487,0.5919481,0.59428096,0.59508914,0.58797604,0.59023046,0.5959231,0.5907627,0.58905923,0.59934586,0.59312314,0.5972837,0.59595,0.59834105,0.593656,0.5907473,0.59025925,0.5925251,0.5936164,0.58584243,0.5834303,0.590124,0.5981677,0.58424973,0.5961098,0.59381026,0.58858836,0.5909242,0.5889587,0.5893386,0.58552176,0.59284294,0.5903537,0.5982698,0.5891409,0.5908677,0.5922668,0.5951224,0.59567326,0.5942427,0.59207195,0.59093475,0.5894866,0.58822376,0.59070164,0.5915821,0.5846822,0.59697515,0.59666973,0.59208703,0.590299,0.5891888,0.5868316,0.5945279,0.58882517,0.5946192,0.5899353,0.5946518,0.60092914,0.5859941,0.5948599,0.59960747,0.5949725,0.5977013,0.58687735,0.58950835,0.5858259,0.59554285,0.59257215,0.59598684,0.595771,0.59752154,0.58413,0.594729,0.5945184,0.59089,0.58849704,0.59189147,0.59980017,0.59022397,0.5923309,0.5999953,0.5856373,0.59612435,0.5920258,0.5996716,0.59461206,0.6004961,0.59148175,0.59695375,0.5963182,0.59138274,0.5867119,0.5899542,0.59326047,0.5959716,0.58384454,0.59336,0.58972645,0.59314287,0.5861101,0.59686947,0.59474576,0.59249437,0.5905958,0.59701455,0.60258967,0.60015416,0.5919993,0.5862508,0.5897219,0.5915222,0.5932793,0.5859315,0.58997035,0.5954907,0.5869863,0.59179157,0.594356,0.59897894,0.5905087,0.59196717,0.5874604,0.59721446,0.59958094,0.59523594,0.58944595,0.59626985,0.58901954,0.5881224,0.58990604,0.5899333,0.5853031,0.5979231,0.59074706,0.588604,0.5886551,0.5942547,0.59083724,0.5952486,0.59422165,0.59706014,0.59012234,0.5873905,0.5934297,0.5941038,0.5949301,0.5972197,0.5979968,0.58881605,0.59377414,0.59788793,0.5923758,0.59446293,0.59131277,0.5868202,0.5841495,0.5932025,0.5882946,0.5942156,0.5837758,0.5899855,0.5896199,0.59082127,0.5893413,0.59924257,0.5937209,0.5977528,0.5948779,0.59714687,0.5950906,0.5898099,0.5898774,0.5930377,0.59519434,0.5940343,0.5948548,0.58620954,0.59151757,0.59039664,0.58707297,0.59283715,0.5900884,0.5875888,0.59766877,0.58156353,0.5881387,0.59030503,0.58637655,0.5880977,0.59382147,0.59552586,0.582026,0.5962935,0.5876728,0.5922814,0.590667,0.59660316,0.59743834,0.5912541,0.5870653,0.58270097,0.5988221,0.6001802,0.5989138,0.59329295,0.60070276,0.5897797,0.5802926,0.5965245,0.5887731,0.5945981,0.60002524,0.5865954,0.58967334,0.5921913,0.59471726,0.5913945,0.59522045,0.6013515,0.59341127,0.59821266,0.59083384,0.599007,0.58804846,0.5954179,0.5866861,0.5897967,0.5845004,0.5937021,0.59322095,0.5822555,0.59410137,0.5918565,0.59797525,0.5929492,0.59459895,0.5905854,0.59272724,0.5878218,0.5937957,0.59575784,0.5959757,0.5908358,0.5863714,0.598287,0.6021013,0.5954014,0.588485,0.5906856,0.5946719,0.58627903,0.6010041,0.59414476,0.59258884,0.5962068,0.59377915,0.5882274,0.5977091,0.5938463,0.58971345,0.58708376,0.5881911,0.5911784,0.5910904,0.58640355,0.59043187,0.5903172,0.59150547,0.5861362,0.5905209,0.6001322,0.5942367,0.5913012,0.58985955,0.589783,0.59151787,0.5902125,0.5843927,0.58777,0.5943598,0.5986414,0.5851765,0.5907569,0.5921996,0.5879555,0.5882728,0.59131783,0.59215796,0.5916469,0.590527,0.59944034,0.5974172,0.5864545,0.59664035,0.5908039,0.59033537,0.592083,0.5906421,0.59805864,0.59010977,0.59204596,0.5925916,0.5850551,0.591332,0.5909443,0.59273833,0.57835084,0.60331404,0.5928587,0.59146404,0.6000769,0.5882327,0.59442955,0.59541035,0.5879652,0.59809464,0.59916466,0.5893623,0.6006124,0.5960253,0.5883018,0.58825773,0.59277546,0.5941811,0.5902996,0.59758353,0.5889547,0.5881346,0.59338385,0.5916377,0.5902573,0.5906329,0.5841466,0.59029645,0.59318274,0.5888778,0.5987972,0.60072327,0.59570444,0.60515773,0.6008152,0.59750485,0.58991385,0.5999062,0.5946043,0.59272426,0.59172374,0.5976354,0.5875694,0.5904076,0.5841915,0.58988965,0.59341484,0.5999447,0.5894661,0.5921099,0.59094685,0.59084916,0.59442556,0.5939362,0.5858673,0.5946178,0.5907781,0.5924746,0.592054,0.5880883,0.5865634,0.5865141,0.59574884,0.5903798,0.59102196,0.5909017,0.5923322,0.5958115,0.5929557,0.59735245,0.59204286,0.5943508,0.59381855,0.59146905,0.5914471,0.5929575,0.5932683,0.5942399,0.59171724,0.59172404,0.59665114,0.59332526,0.5930943,0.58802336,0.5936193,0.58278084,0.5888431,0.5826004,0.5994198,0.5931842,0.5967067,0.5937134,0.5893194,0.59466046,0.58284026,0.5894347,0.5924416,0.58667564,0.59013164,0.5872131,0.59213185,0.5946702,0.59580314,0.5875128,0.58775085,0.5909875,0.5958934,0.5938936,0.59050244,0.58924764,0.58767074,0.5920671,0.5914177,0.5928745,0.5965701,0.5963401,0.5915038,0.5946913,0.5902823,0.58942825,0.5928467,0.5871228,0.5962079,0.5927461,0.59300977,0.5933955,0.5995621,0.59864455,0.59075075,0.58649516,0.59511465,0.5940922,0.5919657,0.5922609,0.5938381,0.5935301,0.5883708,0.59917206,0.59677655,0.5916796,0.5910199,0.5927085,0.59044147,0.5861807,0.5984875,0.59561145,0.58852005,0.5878212,0.5912311,0.58152866,0.59262735,0.59692764,0.5936477,0.59754133,0.593299,0.58781785,0.5888409,0.58988357,0.5923275,0.59561,0.5888125,0.59596807,0.5888394,0.58705425,0.58865017,0.5902453,0.59222054,0.59251505,0.5906772,0.59567297,0.5922991,0.59162796,0.59759164,0.5936066,0.6050909,0.5879801,0.58981776,0.5892608,0.5947893,0.5905443,0.5902989,0.5921003,0.59775454,0.59536874,0.5979514,0.58996457,0.5882806,0.5947141,0.5893348,0.5923418,0.58883965,0.5956356,0.5923154,0.5971934,0.5904996,0.59699965,0.5908894,0.5987218,0.5936045,0.59760094,0.58929664,0.58844084,0.59019345,0.5936493,0.5975293,0.59250075,0.5834126,0.5979645,0.59252757,0.59691125,0.59358907,0.58836186,0.6038016,0.589348,0.58367985,0.58679086,0.5909468,0.60046995,0.58979917,0.5968729,0.5859468,0.60167885,0.5946163,0.5966562,0.59046644,0.5885067,0.59073687,0.589533,0.58675677,0.59981394,0.597454,0.59890985,0.5913903,0.5945229,0.5897591,0.59869957,0.5833431,0.59463644,0.58911455,0.5966243,0.5931069,0.58454376,0.5884771,0.59618765,0.5932127,0.5971706,0.58928883,0.5959126,0.58821404,0.58896524,0.5929475,0.59401,0.5872703,0.5979234,0.5978052,0.59927267,0.5873559,0.5950143,0.58847696,0.5887596,0.59791565,0.5929875,0.5990825,0.60291016,0.59724456,0.5913079,0.59640694,0.60111594,0.598769,0.5954398,0.590522,0.5916596,0.5873124,0.5858732,0.5961069,0.5907545,0.5913974,0.58445126,0.5901301,0.5950914,0.5921948,0.59338665,0.59378797,0.5881472,0.59273106,0.59334517,0.5855606,0.5918742,0.5908133,0.5872878,0.5875459,0.58884764,0.5872551,0.5945264,0.5919184,0.59257764,0.593056,0.59528357,0.5876059,0.5880387,0.5958483,0.59193426,0.59197485,0.5853204,0.5944535,0.5903572,0.59293073,0.5877435,0.5948472,0.59046227,0.5927378,0.5986942,0.59509575,0.5876366,0.5887219,0.59113824,0.58618367,0.58947325,0.58953327,0.5896717,0.5923073,0.5936122,0.5961941,0.59753245,0.59075457,0.58807826,0.58992004,0.59227085,0.59508747,0.5934667,0.59195447,0.5927892,0.5895266,0.5885138,0.59001327,0.59239167,0.5912718,0.5956974,0.5910432,0.59422135,0.5872817,0.5924308,0.59089935,0.578378,0.5912313,0.5826163,0.5862187,0.5886274,0.5858256,0.6048075,0.59265727,0.5871284,0.59831965,0.5952435,0.586637,0.5968448,0.5945823,0.5964321,0.5937258,0.59125376,0.59304124,0.59947515,0.5864619,0.59776694,0.5953573,0.5876166,0.5959272,0.5924951,0.59169406,0.59439343,0.5920246,0.5915445,0.59730417,0.59388804,0.60107034,0.58635265,0.5964584,0.59892714,0.5861059,0.59035283,0.593355,0.591654,0.59290016,0.5919125,0.579717,0.5906489,0.58372813,0.59121114,0.58801836,0.5957598,0.58601636,0.59623885,0.5897366,0.5927382,0.5925604,0.5921171,0.5923343,0.5980275,0.5933595,0.5877065,0.5958621,0.5796315,0.58943063,0.5841126,0.60161674,0.5883469,0.5859643,0.59082234,0.59831685,0.59859896,0.5890056,0.5876846,0.59094596,0.5911585,0.5944138,0.5917752,0.5943846,0.60140055,0.5936303,0.5971508,0.5867994,0.5878826,0.5945895,0.59080124,0.5881433,0.58968216,0.5937813,0.58983135,0.59687287,0.59819084,0.59353423,0.59750676,0.59860516,0.5897519,0.59189194,0.59324706,0.59487224,0.58711046,0.5922621,0.5908944,0.5881809,0.58887756,0.6012759,0.5938208,0.5904558,0.58491784,0.5889029,0.5861632,0.5904535,0.5858413,0.5865692,0.59343374,0.5868562,0.59183365,0.5899559,0.595367,0.5862506,0.5929374,0.586345,0.5927679,0.59489036,0.5936405,0.5961103,0.5974298,0.59586275,0.59817207,0.5971699,0.59503335,0.5897754,0.59490395,0.5878809,0.5942695,0.6012747,0.59150153,0.5954483,0.5942092,0.5921841,0.58973175,0.5958012,0.59653085,0.5992484,0.5966468,0.58184373,0.5918912,0.5963787,0.5959305,0.5893172,0.6009566,0.6000733,0.59675056,0.58992887,0.59414136,0.59548146,0.5920731,0.5936966,0.59489495,0.5985961,0.5985867,0.5905081,0.584636,0.5924483,0.59004736,0.5868806,0.5968279,0.59257466,0.59166175,0.58922714,0.5968074,0.5918658,0.59002465,0.5912237,0.5889482,0.59332734,0.5904561,0.59446436,0.5916383,0.5981116,0.59509605,0.59512424,0.58772796,0.592068,0.5927348,0.59334403,0.5954148,0.59144944,0.59538203,0.59297323,0.60143936,0.5944788,0.59157544,0.58478963,0.59027743,0.5991754,0.6030948,0.59302884,0.59067017,0.5910186,0.5862856,0.5933252,0.59367263,0.5907965,0.594601,0.59634995,0.5915702,0.59322023,0.5918919,0.59220296,0.5920431,0.5991589,0.5912412,0.5933928,0.5885193,0.58507586,0.5882353,0.59240466,0.5870782,0.5803663,0.5962079,0.596329,0.5968749,0.59200186,0.6005613,0.58840245,0.5958494,0.5980873,0.5917602,0.5914937,0.59227043,0.5869668,0.5949634,0.60462123,0.6039218,0.59550005,0.58748,0.58834577,0.5889421,0.5867684,0.5919381,0.59285897,0.5959571,0.590732,0.58954185,0.5913219,0.5917204,0.58991873,0.5845388,0.59149444,0.5873678,0.585481,0.5960794,0.5978769,0.58609354,0.5929815,0.59138,0.5805579,0.59250003,0.58374697,0.5912042,0.59124327,0.5904559,0.5951854,0.5919594,0.6020363,0.5848193,0.58225393,0.58942133,0.59183437,0.5939728,0.59649867,0.5911744,0.5936369,0.5919094,0.5869348,0.5881689,0.5933863,0.5918054,0.5880077,0.6007173,0.5846191,0.59001803,0.5858302,0.59893894,0.5865525,0.5891481,0.59099597,0.6010393,0.5992178,0.5979138,0.59545624,0.5963402,0.5868414,0.59511876,0.59242934,0.5814924,0.5993441,0.59235704,0.5865691,0.5894145,0.5853829,0.59740895,0.5896363,0.58757883,0.5854169,0.60104394,0.59530467,0.5796984,0.5879715,0.597252,0.58873194,0.59200734,0.59516674,0.5992402,0.58911675,0.5973356,0.5940556,0.5881624,0.59328043,0.5846494,0.5866378,0.59170556,0.6031128,0.58710945,0.5930015,0.5897598,0.5976125,0.58611107,0.5972158,0.5817829,0.59266263,0.59119284,0.59418106
0.4500718,0.45206556,0.4586828,0.44438824,0.45379987,0.44854158,0.45173654,0.45822614,0.45566806,0.45113587,0.45951727,0.45527676,0.44611776,0.44732034,0.4501433,0.4585047,0.45575488,0.44944203,0.44883358,0.46085858,0.45503673,0.44462502,0.45314345,0.45067722,0.44815946,0.45048434,0.4494628,0.446119,0.4529854,0.44740906,0.4528654,0.4492598,0.44969955,0.44850957,0.4500121,0.45149323,0.4584591,0.44895816,0.4550552,0.45359704,0.44976184,0.4573955,0.4466297,0.45371902,0.4549261,0.45145914,0.4528418,0.45061463,0.44640458,0.4466633,0.4501081,0.44718513,0.45218873,0.45217675,0.44786865,0.4515366,0.44603452,0.45260268,0.44797912,0.45974934,0.44584087,0.45040786,0.44409162,0.45562705,0.4442016,0.44569698,0.452218,0.45422122,0.45282298,0.45664522,0.44918087,0.4501402,0.4520324,0.44833842,0.44242465,0.45706433,0.45098376,0.44478935,0.45017532,0.44802842,0.44842684,0.45190653,0.45474982,0.45710832,0.44335178,0.4537892,0.4490379,0.45165947,0.4510455,0.44925052,0.4497904,0.45075938,0.44844994,0.45315942,0.44968468,0.4561642,0.45192778,0.44658837,0.45205227,0.448896,0.4488691,0.45039114,0.45108598,0.45248374,0.45063832,0.45161545,0.45583445,0.4540564,0.45088163,0.45794338,0.4550747,0.45313597,0.45890963,0.45142823,0.45020756,0.45370626,0.45079532,0.4590876,0.45155126,0.4546795,0.45249346,0.447149,0.45891654,0.45089602,0.45063645,0.4530594,0.45494452,0.44244647,0.45428684,0.44878665,0.45280266,0.457933,0.44888893,0.44777018,0.45050204,0.45531085,0.45196238,0.460811,0.44947577,0.44928882,0.4447366,0.45380107,0.45776945,0.44886613,0.4430695,0.45112023,0.45635462,0.4574129,0.448878,0.45027164,0.45841092,0.4549315,0.45062068,0.44519526,0.44744658,0.46277723,0.46222293,0.4468361,0.45393106,0.44815758,0.45060074,0.45229453,0.44921225,0.45654973,0.44936168,0.4558913,0.44789407,0.45026872,0.44744268,0.4556957,0.4557732,0.45617175,0.4534765,0.4500321,0.45725137,0.45276418,0.4621174,0.44412434,0.44995403,0.45654866,0.45730856,0.45345908,0.45201218,0.44996,0.45412675,0.45674554,0.44728324,0.45214528,0.45337754,0.45400232,0.4523096,0.4515079,0.44878092,0.45642534,0.4561586,0.45058218,0.4512156,0.4585069,0.45036495,0.45036295,0.45704505,0.4526129,0.4496388,0.44415894,0.45527565,0.45580694,0.45290014,0.45545205,0.450243,0.4458728,0.4518001,0.44356352,0.4521192,0.45686704,0.45050356,0.45244175,0.4545068,0.4474018,0.45708808,0.450037,0.45290506,0.44897786,0.45504332,0.45034295,0.45865223,0.44723108,0.4571212,0.4518615,0.45288548,0.45327464,0.44853592,0.45170918,0.45704383,0.457582,0.4582526,0.4469498,0.45634887,0.45301357,0.45108032,0.45815673,0.4541877,0.4553459,0.45613736,0.4503332,0.43876925,0.46414784,0.4512303,0.450402,0.4504054,0.45155147,0.451565,0.44879112,0.45173705,0.45384672,0.44927233,0.45180076,0.463354,0.45134658,0.4553288,0.45527402,0.45473456,0.44869828,0.45314384,0.45437717,0.45899177,0.4507183,0.44888207,0.4514173,0.44830805,0.4502297,0.45322195,0.4495572,0.45160854,0.44997767,0.45310828,0.45538306,0.45439485,0.4508203,0.4503109,0.4538938,0.45197532,0.45483813,0.45393056,0.4523914,0.45167252,0.44991007,0.44253704,0.444769,0.44896728,0.45019898,0.45330822,0.45453337,0.45122,0.45036137,0.45694736,0.44769424,0.45780534,0.44544917,0.4550961,0.45600143,0.45014787,0.4575182,0.45773104,0.4537207,0.45538437,0.45485422,0.4510831,0.44617042,0.45571426,0.4543198,0.45823184,0.4578708,0.45382452,0.45862395,0.44661668,0.4538138,0.45396847,0.44196394,0.45266572,0.44381732,0.44801182,0.4610318,0.45512837,0.45625576,0.45176026,0.45003524,0.45191804,0.45446962,0.45263773,0.4499336,0.45828903,0.4545926,0.4543701,0.4596939,0.45350057,0.4544621,0.44816038,0.45401174,0.45708567,0.44791472,0.4541898,0.45529303,0.4596036,0.4532952,0.4537251,0.4557451,0.46313044,0.45260483,0.4483562,0.4489032,0.4491737,0.4484795,0.45048702,0.45157975,0.46040183,0.4522581,0.44706988,0.45036134,0.449575,0.4555055,0.45590323,0.45174703,0.45210767,0.44967714,0.4524248,0.4469503,0.44988906,0.45172468,0.45081836,0.45543766,0.45160764,0.45615888,0.4503084,0.45250824,0.45008504,0.4573213,0.45875177,0.45124686,0.44948992,0.4516978,0.45552975,0.4484325,0.4576759,0.45410842,0.4456918,0.44886068,0.4528285,0.45183027,0.4515239,0.45326704,0.44340068,0.45614594,0.4494395,0.45067957,0.45071554,0.4555646,0.4589577,0.45370403,0.45044965,0.4466456,0.44735235,0.45573986,0.44578683,0.4509825,0.45708594,0.45250943,0.450337,0.4485102,0.45373493,0.45258656,0.45397615,0.44945866,0.45046455,0.45153558,0.45097393,0.450364,0.45462662,0.454512,0.45501664,0.4546874,0.45160913,0.45500845,0.45409852,0.44376022,0.4521239,0.45365906,0.45063946,0.45017323,0.4546801,0.4504311,0.4592902,0.45730978,0.4523116,0.44758347,0.44780988,0.4548054,0.45041302,0.45384786,0.44521114,0.45197427,0.45437673,0.4580748,0.44586164,0.45794126,0.45238838,0.45591545,0.46052796,0.4490287,0.4522997,0.45223707,0.4551825,0.44903436,0.45373416,0.4500806,0.45880252,0.45426273,0.4575498,0.45785704,0.4523791,0.45370114,0.4486549,0.45734695,0.45900032,0.4569175,0.45571956,0.45243987,0.45493785,0.460075,0.45390263,0.4436625,0.45694053,0.44972184,0.45499042,0.44752094,0.45228598,0.44607538,0.45134702,0.4525044,0.4434703,0.45409587,0.4533285,0.452855,0.45574862,0.4465285,0.4518604,0.4496988,0.4530913,0.4547697,0.45468757,0.448966,0.45161495,0.44602084,0.45568198,0.45517766,0.4546777,0.45621264,0.46165338,0.45275962,0.45289075,0.45682043,0.45331314,0.44942525,0.4529689,0.46152884,0.4572036,0.4480763,0.45849067,0.4585238,0.45082536,0.45423743,0.45342734,0.45471376,0.4535106,0.45303214,0.45525345,0.45422658,0.45165277,0.45072365,0.45190784,0.45298734,0.4534349,0.45533922,0.4584785,0.44546452,0.45234945,0.45484427,0.45612916,0.4488135,0.45637232,0.44530615,0.4488546,0.45022956,0.4512801,0.4586022,0.45545447,0.44668958,0.44412827,0.45074865,0.44952455,0.4512223,0.44669333,0.4561608,0.4515197,0.458914,0.447948,0.44825673,0.45338652,0.44734037,0.45792037,0.45172104,0.45469785,0.4570448,0.4448322,0.45403093,0.45048794,0.44821435,0.45670804,0.4571812,0.45684183,0.45064557,0.45000982,0.4548007,0.4559564,0.44807285,0.4473959,0.4494727,0.46183082,0.45326883,0.44948614,0.44434792,0.44332695,0.45478407,0.4535709,0.44969034,0.45461693,0.45321286,0.4566263,0.44722158,0.45079967,0.4514041,0.4504178,0.4489355,0.4508815,0.46077767,0.44861525,0.44969457,0.45449823,0.4437077,0.4532063,0.45041257,0.45515716,0.4579732,0.44903827,0.45084795,0.4507453,0.45418227,0.45598662,0.45053548,0.45683762,0.45582858,0.46223632,0.45051113,0.4592843,0.45252898,0.4567166,0.44378152,0.44371787,0.45487708,0.45510915,0.45162117,0.45849898,0.45491073,0.45624194,0.4544694,0.45291054,0.45069802,0.44917256,0.4467803,0.4551636,0.44955117,0.44466698,0.44771728,0.45747155,0.45313704,0.4631637,0.4466365,0.44669986,0.45652258,0.45141917,0.45389703,0.44433707,0.4515931,0.45503694,0.45927182,0.45269004,0.45405427,0.45453498,0.45324188,0.4478943,0.4566544,0.4614657,0.44779488,0.45127955,0.44874695,0.45078084,0.45287198,0.45499998,0.45789877,0.453196,0.4568159,0.4522967,0.4593648,0.4557804,0.45473984,0.4462153,0.45233482,0.45360762,0.4554268,0.44869477,0.4498835,0.44908172,0.4495821,0.45128042,0.4530275,0.44834968,0.45436138,0.44530421,0.45052317,0.4567111,0.45323277,0.45706224,0.4496772,0.46127617,0.44692475,0.45445338,0.45494312,0.45164067,0.46122578,0.46011242,0.4600834,0.4468163,0.45460954,0.44574663,0.44624728,0.45108622,0.45628473,0.4437019,0.4483777,0.44341892,0.45093933,0.45898983,0.4533783,0.45157668,0.45449048,0.44538292,0.45700866,0.45814717,0.4523443,0.45941648,0.4538233,0.447739,0.45350108,0.44977188,0.45564097,0.45521316,0.44545162,0.45795178,0.45086938,0.4495711,0.45434743,0.45147818,0.4495185,0.45411915,0.45161292,0.44825283,0.45078874,0.44845238,0.45456567,0.44831786,0.4542565,0.4463278,0.44920164,0.45347705,0.45012373,0.45551407,0.45510507,0.45834193,0.44761547,0.44692597,0.44923177,0.44708073,0.4516575,0.4472214,0.46250638,0.44871548,0.45845634,0.4551128,0.45100114,0.45367283,0.4538826,0.4582351,0.46033257,0.45511445,0.44433695,0.4416004,0.45610452,0.4601333,0.44796032,0.45341396,0.45173082,0.44591755,0.4594797,0.4530319,0.44994625,0.45775533,0.45785007,0.4533977,0.45276368,0.45555598,0.44983912,0.45217553,0.45561117,0.44919264,0.44591856,0.4550754,0.45967177,0.44990298,0.45838723,0.45437348,0.4621148,0.45277858,0.45058236,0.4490136,0.45442992,0.45117584,0.45272523,0.4549726,0.4508834,0.45304865,0.45633197,0.4513201,0.45087022,0.45256343,0.4490689,0.45688498,0.44341466,0.44949523,0.45439392,0.45517543,0.4516221,0.4493355,0.45105445,0.44544563,0.45733178,0.4487412,0.45167664,0.44948578,0.45902067,0.4516968,0.4482505,0.45321912,0.46065786,0.45093188,0.4521372,0.4524706,0.45708317,0.4569135,0.4528384,0.46422496,0.4554439,0.45636046,0.45362768,0.44433868,0.45871332,0.45520955,0.45685473,0.4610219,0.45131487,0.45476496,0.4490207,0.45365983,0.44771433,0.45490098,0.44338134,0.4618653,0.45636833,0.45189488,0.4481105,0.45441723,0.4509349,0.45478228,0.45488667,0.44764176,0.450584,0.4568665,0.4549663,0.45411506,0.454557,0.46089917,0.45103356,0.44667628,0.455988,0.4539531,0.4533608,0.4419874,0.45578352,0.45014825,0.45681918,0.4466058,0.4503901,0.4510584,0.4548676,0.45599627,0.4535338,0.44661802,0.46169823,0.45642906,0.4474282,0.44692844,0.44479343,0.44703645,0.45304772,0.45895764,0.44797626,0.45489663,0.4502169,0.45127696,0.44344676,0.45236742,0.45494652,0.45292693,0.4558611,0.45240608,0.45287427,0.44649032,0.44873068,0.4510544,0.45166418,0.45432055,0.45704335,0.44833428,0.44657147,0.44768468,0.45446342,0.4468348,0.45435524,0.45395836,0.4546525,0.45689255,0.44806895,0.4536215,0.44837415,0.45908037,0.45359352,0.44556326,0.4463987,0.45241752,0.4471045,0.45369524,0.44872066,0.45986703,0.45737123,0.4458603,0.44809407,0.44928566,0.44973764,0.45278728,0.45911458,0.45156342,0.44813278,0.44647428,0.4526916,0.44863746,0.44987762,0.44569123,0.45419788,0.44795194,0.44966632,0.45346624,0.45704526,0.45304155,0.45511705,0.45447096,0.45349106,0.45285752,0.44826603,0.44884434,0.45198375,0.45361984,0.45285892,0.45533213,0.44713855,0.44687587,0.44696006,0.4397567,0.4476714,0.45003426,0.45543185,0.4569493,0.45431834,0.46165162,0.44858724,0.45833525,0.44881335,0.45977312,0.4550422,0.4610995,0.4560462,0.4585394,0.4508827,0.45380408,0.4450883,0.44765925,0.45360625,0.45450267,0.45378408,0.45301533,0.45417142,0.45539972,0.45685068,0.44536036,0.4510564,0.45455638,0.44902715,0.44905123,0.45063692,0.45232213,0.44944927,0.44634938,0.4467646,0.44351125,0.44945037,0.45727536,0.4595175,0.4516024,0.45031375,0.45531783,0.44549492,0.4515265,0.44903302,0.45141885,0.45359468,0.461474,0.4493451,0.45185193,0.4531369,0.44795328,0.45083088,0.45097294,0.45206293,0.46072942,0.45370492,0.4500339,0.4675577,0.45482734,0.4565599,0.45018148,0.45468807,0.4515089,0.45337346
0.6462318,0.65083903,0.6542894,0.6516501,0.6582143,0.64776146,0.65456784,0.6610825,0.6546388,0.65175074,0.6581356,0.653105,0.655047,0.65569305,0.64867735,0.65326303,0.65546614,0.651967,0.6534691,0.6623511,0.64927804,0.6476012,0.65712523,0.6549557,0.65321845,0.65931773,0.65773296,0.6499915,0.65454996,0.6528119,0.65677655,0.65768254,0.6547802,0.65832955,0.6563186,0.6529832,0.66238886,0.65127575,0.65700847,0.6580014,0.65398973,0.6553868,0.64858556,0.6554198,0.6548543,0.65254396,0.6587255,0.6547036,0.65902007,0.65277493,0.65541893,0.6551378,0.6470451,0.66083294,0.655456,0.6610294,0.64989656,0.6574621,0.6509467,0.6544895,0.6531143,0.65574783,0.64915884,0.6540005,0.6522049,0.6532572,0.6575105,0.6611179,0.65463924,0.6536803,0.6589827,0.654828,0.6588087,0.6545076,0.6431812,0.6518526,0.6559381,0.6504335,0.65030104,0.6521956,0.65298975,0.65813947,0.6599753,0.66174537,0.6496704,0.6580643,0.64235586,0.6573096,0.65954304,0.6575997,0.64748186,0.65755695,0.65323603,0.6601991,0.6494114,0.6580197,0.65611196,0.65407175,0.6552158,0.6471496,0.65307957,0.65187013,0.6554377,0.6649684,0.6509368,0.65089715,0.6558936,0.65410376,0.6562683,0.66210955,0.65095156,0.6595111,0.65638715,0.64872664,0.6538562,0.65809244,0.6516626,0.6598147,0.6510985,0.660554,0.65599424,0.649955,0.6530797,0.6583223,0.65482587,0.65450746,0.65339,0.6573758,0.65590817,0.65887165,0.6573964,0.6480783,0.64939445,0.6540872,0.6523081,0.6474778,0.64989907,0.66576874,0.6522207,0.65521914,0.66088444,0.65851593,0.65187347,0.6547609,0.6479062,0.6483064,0.6510028,0.6557787,0.64877766,0.6528332,0.6575598,0.6610012,0.65536493,0.6506345,0.6504568,0.66640764,0.65915096,0.65281034,0.6571535,0.6620784,0.65127015,0.6552227,0.6595565,0.6593817,0.649975,0.6581428,0.6452662,0.6587359,0.6498781,0.6572749,0.6547252,0.6551051,0.66169316,0.6540643,0.65787095,0.6655003,0.6564421,0.65830266,0.64689606,0.65261364,0.658664,0.6617151,0.64935815,0.66129506,0.6576114,0.6567849,0.65079063,0.6561883,0.65822953,0.6627218,0.658646,0.6591132,0.65954536,0.6570973,0.65392745,0.65145594,0.65657943,0.6570552,0.65439683,0.6500116,0.65184414,0.647241,0.6503413,0.6525167,0.64368093,0.6514835,0.66120845,0.6583821,0.6567883,0.6539694,0.6585933,0.6524517,0.65277076,0.66097885,0.6424645,0.6542368,0.6597296,0.6585652,0.65897113,0.6528343,0.6605669,0.654159,0.6465747,0.6507817,0.6590461,0.66062564,0.6579415,0.6568247,0.65162945,0.6528881,0.64646244,0.6567668,0.6559887,0.65874374,0.66203296,0.65008426,0.64823693,0.6575088,0.6551659,0.65088844,0.65782493,0.6641048,0.6553789,0.6571302,0.65691125,0.66793793,0.65650153,0.65664554,0.64407337,0.65684116,0.6518616,0.65641236,0.6536875,0.64975953,0.64902306,0.6594793,0.6615872,0.6499591,0.6536466,0.6579403,0.65701383,0.6521857,0.65104145,0.65492404,0.659204,0.65202534,0.65145445,0.6564828,0.66255033,0.6485138,0.6573705,0.657106,0.6507812,0.65253603,0.65650517,0.6573317,0.662423,0.6567238,0.6571695,0.6506552,0.65870917,0.6521758,0.6566493,0.6529807,0.65582275,0.6508072,0.65478575,0.65370095,0.650144,0.6566787,0.6555312,0.6558158,0.6493492,0.6584612,0.6546153,0.6543168,0.65483683,0.6465231,0.656595,0.65474164,0.65199107,0.6574224,0.65309715,0.6544994,0.65319675,0.64905363,0.6553364,0.6560125,0.6494759,0.65498567,0.6511216,0.6542794,0.65358835,0.65791255,0.65742284,0.6527575,0.6593337,0.64694387,0.6563057,0.657961,0.65988487,0.6635765,0.6579622,0.6527844,0.6534742,0.64933777,0.6560202,0.66074866,0.65315455,0.64099455,0.656505,0.66124856,0.6561789,0.65955156,0.6558416,0.6529517,0.6601824,0.6547955,0.6586012,0.6537703,0.64714485,0.66403186,0.65243757,0.6586649,0.6462722,0.66618127,0.6612068,0.65055484,0.656895,0.6484144,0.6488521,0.65078366,0.6522068,0.64992017,0.65868336,0.6518527,0.65506643,0.6583999,0.65213495,0.65697324,0.6562226,0.6568067,0.65693974,0.6581543,0.6527339,0.65384924,0.65334624,0.6583388,0.65649486,0.6497548,0.6578321,0.64862716,0.64986694,0.6578304,0.65608066,0.6528869,0.6584515,0.65523434,0.6588368,0.65034145,0.65617776,0.6579697,0.6585175,0.6513512,0.66035885,0.65542096,0.64854795,0.65610456,0.6613648,0.65515536,0.6534308,0.65827256,0.65714717,0.65367556,0.65365183,0.64448667,0.6549318,0.66285,0.6589248,0.6457173,0.65429455,0.6550534,0.65419394,0.6519094,0.6603817,0.65153664,0.65603465,0.6546482,0.6508514,0.65162826,0.6582816,0.6550765,0.6514478,0.6487843,0.6492872,0.6544544,0.6549412,0.65634555,0.6544988,0.6621382,0.66257036,0.65665936,0.65403074,0.6535345,0.65689325,0.66115427,0.6425892,0.65187865,0.655017,0.6544224,0.65864193,0.66050154,0.6497078,0.65077096,0.65072995,0.65978765,0.65125895,0.65460235,0.65461004,0.65812486,0.6577152,0.65466326,0.65345925,0.6542891,0.6584402,0.6607532,0.6561159,0.64696264,0.6553246,0.6584745,0.6536004,0.6478213,0.65652096,0.6486354,0.6585973,0.6643883,0.654474,0.66094697,0.6515985,0.6599516,0.64977956,0.65194255,0.6550754,0.6653447,0.65891117,0.65202016,0.6543032,0.6562718,0.65972924,0.6519063,0.65785795,0.6503398,0.65094787,0.6540157,0.65128404,0.65439457,0.6436586,0.653399,0.651364,0.6499281,0.6593017,0.66082436,0.66061944,0.6543423,0.64882696,0.6573742,0.6598334,0.656608,0.66162014,0.6527012,0.65978265,0.6490069,0.6445061,0.6580486,0.6559526,0.6573296,0.65851206,0.6594074,0.6563541,0.6588174,0.65929955,0.6580549,0.6584957,0.6602674,0.6533712,0.6571604,0.65332127,0.65384185,0.65427434,0.6528712,0.6505162,0.6526739,0.6562252,0.65044075,0.65439975,0.65908146,0.6627978,0.6514056,0.656332,0.6535292,0.6638325,0.6525555,0.65634495,0.647519,0.66329825,0.6577688,0.65508765,0.6577405,0.6622792,0.6560096,0.6547442,0.65773124,0.6622993,0.65740496,0.6542561,0.65639174,0.6515015,0.64782566,0.65653265,0.6578032,0.65146106,0.6564969,0.65649503,0.6636966,0.6506424,0.64734864,0.6585499,0.6505994,0.6600188,0.65384895,0.6583188,0.6618817,0.65017474,0.6545851,0.6485468,0.6526146,0.65395147,0.64664197,0.654846,0.6564379,0.6561406,0.64813566,0.65194947,0.6505635,0.6548224,0.6503962,0.6574993,0.654133,0.6525451,0.6471502,0.6471762,0.6552796,0.65679544,0.6549818,0.6510492,0.66099334,0.65814286,0.6546121,0.6558227,0.6539273,0.65332717,0.65659857,0.64445657,0.6615204,0.66090304,0.65449184,0.6548338,0.6450455,0.6475942,0.6603651,0.6565391,0.66041756,0.6585798,0.6506281,0.6503902,0.6532398,0.6613868,0.65802306,0.6549081,0.65698576,0.6544823,0.64654326,0.64708495,0.65990394,0.65559477,0.65348446,0.6449849,0.65365493,0.655106,0.6531694,0.6564826,0.6548834,0.6541052,0.65439975,0.6443375,0.65455556,0.6551828,0.6455577,0.6481258,0.6545342,0.6442072,0.65043116,0.65248185,0.6600804,0.6509702,0.6546811,0.6594453,0.6555478,0.65070015,0.6568889,0.6524492,0.6563667,0.6578527,0.6565959,0.66400623,0.64898586,0.6575146,0.65271986,0.6592875,0.6556998,0.65920997,0.6506497,0.6527901,0.6482613,0.652895,0.6529687,0.6510279,0.6573834,0.6561048,0.6564709,0.65895945,0.6588634,0.6541072,0.6596549,0.6514332,0.65467954,0.6508639,0.6573882,0.6476797,0.6549989,0.64895546,0.65728056,0.6596012,0.65637946,0.6486091,0.6562984,0.6540337,0.65294176,0.65576327,0.65288377,0.6575467,0.65729654,0.65122634,0.6516492,0.650625,0.65457976,0.6528994,0.65436697,0.6593885,0.6576114,0.6477188,0.65871537,0.65255797,0.6558472,0.66191775,0.64932495,0.6512808,0.6523546,0.6475523,0.6512948,0.66013795,0.64921427,0.65726614,0.65617347,0.6466668,0.6568733,0.6599748,0.6585711,0.65786326,0.66300005,0.6541351,0.6565065,0.64895403,0.65794575,0.6514917,0.6570342,0.66143936,0.65615016,0.6567289,0.65713745,0.6541026,0.65590703,0.6563985,0.649004,0.6485558,0.65022695,0.6506793,0.65342444,0.6565276,0.6594238,0.65155494,0.65647054,0.651602,0.6536069,0.6521031,0.653393,0.6642546,0.65531486,0.6576564,0.65690213,0.6441633,0.6551679,0.6497043,0.66968644,0.6480679,0.6593423,0.65805864,0.6571477,0.6527742,0.655843,0.65404826,0.65304756,0.6523425,0.6555913,0.6548752,0.6544114,0.65884405,0.65809554,0.65434045,0.65021145,0.6483858,0.66719615,0.65667886,0.65006274,0.6558503,0.65544873,0.64906335,0.66233784,0.65854657,0.65265983,0.6615318,0.656362,0.65047365,0.6593521,0.65140337,0.653257,0.64950836,0.65221816,0.65555817,0.65538836,0.65633976,0.65536404,0.6473724,0.65106493,0.6470312,0.65203065,0.65757734,0.6519166,0.6519822,0.6571339,0.6539324,0.6562269,0.6599569,0.6529696,0.6589752,0.64928555,0.6593003,0.6508522,0.65079033,0.656414,0.6546844,0.66229486,0.6558903,0.6607276,0.6644761,0.6584729,0.665342,0.6611211,0.6557393,0.6518066,0.6556647,0.65627605,0.65568244,0.65691465,0.6498441,0.66180503,0.65154004,0.6602895,0.6619764,0.66197574,0.6498954,0.6456409,0.6523854,0.65484643,0.6552697,0.6589852,0.6641203,0.6585368,0.65454704,0.65094084,0.64981896,0.65401155,0.6573088,0.64714736,0.6619598,0.6582543,0.65682065,0.655979,0.6519754,0.6506517,0.66401607,0.64781296,0.6558093,0.65598917,0.653376,0.6579859,0.6597197,0.6580371,0.6578523,0.6476772,0.6542027,0.656742,0.6510725,0.6590435,0.65559626,0.6616507,0.6545934,0.6501663,0.6461398,0.6538541,0.6527783,0.65663964,0.6598252,0.6604759,0.6488797,0.65841526,0.65422195,0.65973896,0.6506786,0.65679675,0.654789,0.659234,0.6555616,0.65205187,0.665911,0.6502389,0.6538172,0.64978933,0.650166,0.65980774,0.6544947,0.6671593,0.64864486,0.6482577,0.65074635,0.65454096,0.6641283,0.6549079,0.6527097,0.6625406,0.65535134,0.64918226,0.65649164,0.6544264,0.6517281,0.6508671,0.65688205,0.66035926,0.6597472,0.6475703,0.66187066,0.65552044,0.6582469,0.65835035,0.6549498,0.6575907,0.65262157,0.6531607,0.6599603,0.65693873,0.6625134,0.6524052,0.65431863,0.6520107,0.65605855,0.64846617,0.6440944,0.6540735,0.652889,0.652504,0.6487091,0.64574414,0.6560588,0.6524824,0.6552323,0.6553155,0.6458894,0.6493903,0.6582446,0.6552243,0.65313363,0.6577553,0.64737785,0.65616655,0.65481347,0.6456736,0.6480608,0.65516454,0.6527157,0.65398055,0.6536241,0.6611618,0.6534475,0.649675,0.65295404,0.6526509,0.652237,0.6556325,0.65176624,0.65161794,0.65857124,0.6508566,0.64666265,0.6421682,0.65576667,0.6534036,0.6619388,0.65490824,0.65434504,0.6546784,0.66283786,0.64720786,0.6471535,0.6608473,0.65951675,0.6530682,0.6647077,0.65439177,0.6588546,0.6467885,0.6566836,0.6551478,0.6507235,0.65216714,0.65032744,0.65878814,0.6564548,0.6477703,0.65709835,0.6586705,0.6557987,0.65392977,0.6588287,0.6587894,0.6547713,0.65184444,0.6612656,0.6588383,0.64832574,0.6596595,0.658766,0.64945,0.6620451,0.65313107,0.65206087,0.6591949,0.65548813,0.6459994,0.6594605,0.6572538,0.6574038,0.65599465,0.65068144,0.65979975,0.65407467,0.65736705,0.6453376,0.65262413,0.6598547,0.6550823
0.84634393,0.8483741,0.85185474,0.84647745,0.8381794,0.8415653,0.8461163,0.8496055,0.8399101,0.8505682,0.8438186,0.84140885,0.8395154,0.8443888,0.83757466,0.84589213,0.84401643,0.84180975,0.8404129,0.84577,0.84370476,0.8432455,0.847319,0.83714414,0.8492481,0.8456147,0.84647185,0.84276587,0.84883153,0.845017,0.84557205,0.85017765,0.8457687,0.8515137,0.84898466,0.84471565,0.84651715,0.8427575,0.84973,0.84464324,0.84021795,0.8395436,0.8406822,0.8428222,0.84495354,0.84465754,0.8447671,0.84598225,0.84231687,0.846579,0.8453071,0.8396306,0.8438281,0.8367799,0.841263,0.85207045,0.8432887,0.8487416,0.8478549,0.845131,0.84635955,0.84238774,0.84407425,0.85191876,0.8396485,0.8470779,0.8426873,0.8474701,0.8399026,0.84722644,0.85077995,0.84399176,0.84234136,0.8429758,0.8427874,0.84218645,0.85064465,0.843873,0.84821385,0.8433745,0.84318894,0.84257716,0.8503824,0.8476028,0.8510932,0.8454534,0.84275126,0.8456535,0.83744514,0.84460604,0.84308475,0.8463164,0.8384247,0.84062624,0.84144753,0.8491146,0.84304583,0.8532521,0.83817786,0.8481471,0.84643984,0.8410268,0.8474808,0.8415442,0.8444211,0.8507923,0.8435621,0.8388615,0.84038204,0.8488374,0.8448136,0.85041785,0.8470449,0.8525331,0.8472692,0.84688747,0.8539884,0.85060084,0.844182,0.8481069,0.83590925,0.84084,0.83737165,0.84697175,0.84767014,0.846647,0.84909296,0.8396788,0.8484236,0.8503916,0.8408763,0.84192365,0.84638745,0.8455562,0.84592605,0.849977,0.8407585,0.84870857,0.8450548,0.8422235,0.844969,0.84154737,0.8503966,0.8339526,0.8436103,0.84360194,0.8510541,0.8518596,0.8410279,0.8447831,0.84251887,0.8396748,0.8431122,0.8454375,0.83645326,0.84841746,0.84707224,0.8396888,0.8451236,0.85065764,0.8417496,0.842672,0.8378491,0.8468655,0.84371334,0.8444165,0.8440671,0.8513241,0.8414025,0.84670454,0.8422741,0.8483658,0.84376556,0.84687936,0.8411025,0.8466988,0.84350157,0.84672195,0.84081155,0.84232557,0.84827924,0.84449035,0.84190977,0.8444059,0.8439972,0.8447122,0.84137094,0.85451263,0.8452935,0.8519892,0.8362691,0.84883267,0.8486561,0.84488606,0.8369828,0.840433,0.8416898,0.8434856,0.8492955,0.84198153,0.85178983,0.8442676,0.84052736,0.84466034,0.84528875,0.8418064,0.84691274,0.84620583,0.84716475,0.84863865,0.840139,0.8413552,0.85331196,0.8406454,0.84112173,0.85054135,0.8480402,0.8452666,0.8407445,0.8445622,0.84659654,0.84591305,0.8393674,0.83173734,0.8492351,0.84567684,0.8423148,0.8473223,0.8455951,0.84384006,0.8444685,0.8471732,0.8399272,0.84651494,0.8491435,0.84409773,0.84197736,0.8396207,0.8460564,0.8432233,0.8435407,0.8473461,0.8400894,0.85254455,0.8461566,0.85025585,0.8483453,0.8541558,0.84014666,0.8523699,0.83504593,0.8418589,0.842226,0.8312922,0.8474019,0.8472746,0.8511218,0.84364724,0.8512301,0.84632367,0.83883435,0.8386294,0.84461933,0.84810406,0.8467666,0.84893334,0.84197533,0.8459832,0.85064244,0.8450278,0.8471653,0.8487988,0.8457677,0.8368687,0.84988236,0.84511614,0.84097123,0.8466924,0.84491545,0.84498316,0.845667,0.84681404,0.84408927,0.8388767,0.8468897,0.84446585,0.84669226,0.8431491,0.84408045,0.848132,0.84319603,0.84024745,0.8376794,0.84974843,0.84962547,0.8393475,0.8439359,0.839202,0.84957623,0.8425805,0.8455833,0.8373968,0.84463555,0.8559946,0.8375168,0.84032506,0.8397524,0.8400354,0.84795123,0.8445624,0.84695685,0.8477381,0.8449718,0.8413936,0.84520406,0.84425753,0.84483266,0.8491665,0.84459525,0.8474099,0.8441092,0.84067345,0.84261984,0.84459853,0.84229535,0.84269303,0.8501167,0.8462684,0.8480002,0.830975,0.8499299,0.8462581,0.84712124,0.8550536,0.8413965,0.84338176,0.84624124,0.8395427,0.8430597,0.8416823,0.8458001,0.848503,0.85133666,0.84445834,0.8392587,0.84543127,0.8510496,0.84706485,0.842659,0.84638363,0.8391375,0.8496487,0.84250396,0.84455734,0.8447495,0.8440217,0.8434273,0.8399757,0.84159094,0.8402002,0.84694445,0.84649783,0.8486533,0.8467372,0.84937114,0.84734213,0.8427338,0.84792745,0.8502211,0.8421185,0.8457428,0.83903235,0.83774483,0.83402187,0.8504773,0.8441935,0.8430926,0.8455285,0.8452318,0.8468036,0.8487773,0.84801906,0.85108626,0.8395472,0.8506318,0.84896255,0.8417194,0.8461189,0.85172117,0.84195715,0.84097236,0.84337425,0.83683467,0.84588397,0.84673744,0.84432065,0.8484138,0.8447421,0.84486294,0.8485231,0.8382637,0.84244215,0.8463877,0.8408183,0.8454192,0.8471293,0.8475563,0.8513589,0.8447568,0.8486244,0.8438142,0.8449938,0.8411461,0.8458421,0.8403951,0.84493077,0.8479344,0.85825115,0.8446656,0.8530314,0.85064787,0.8378523,0.8425255,0.8451763,0.8440333,0.8438626,0.8427098,0.8466844,0.8478168,0.84151,0.8498383,0.8503394,0.83886546,0.8417602,0.84527034,0.8437617,0.84791255,0.8382681,0.84595066,0.8407061,0.8436808,0.84754187,0.85104144,0.84862477,0.84752613,0.8467921,0.84205127,0.8413385,0.8408289,0.8438997,0.84516585,0.8463575,0.84853214,0.8472168,0.85271084,0.8566863,0.8398575,0.8519771,0.8386284,0.8513051,0.8452626,0.8443894,0.84951055,0.844187,0.84934086,0.83851427,0.8423235,0.85033375,0.8443178,0.8469609,0.84923655,0.8421376,0.8456457,0.8475044,0.8429333,0.84187865,0.84100646,0.8415336,0.840787,0.8383751,0.8529251,0.8428782,0.84175164,0.8447128,0.83290404,0.8479008,0.846614,0.84916764,0.8460502,0.8410496,0.8450309,0.847105,0.8436413,0.84341496,0.8478795,0.84336287,0.84180593,0.8420513,0.85005546,0.84631115,0.84556407,0.85174084,0.8518147,0.8532283,0.83822274,0.8465431,0.84626204,0.8468278,0.8364228,0.84777325,0.8431258,0.85331565,0.84506124,0.84881485,0.8421662,0.85048187,0.84362,0.84992415,0.83674276,0.8442832,0.84402126,0.8510914,0.8454378,0.8340584,0.84924537,0.84293187,0.8441192,0.84116495,0.851907,0.84468275,0.8496235,0.8502892,0.85467005,0.8446898,0.8433429,0.8435546,0.8508188,0.849722,0.8424931,0.842716,0.8472869,0.85130435,0.8494715,0.8422919,0.8422523,0.8417031,0.8522204,0.8407679,0.8380853,0.8478534,0.84693515,0.84453315,0.8427878,0.8456324,0.8477005,0.8372571,0.8475432,0.8404283,0.8448912,0.8383205,0.84955305,0.8453037,0.84824157,0.83854026,0.8461017,0.84480006,0.8428069,0.8443725,0.8505589,0.84639055,0.8362056,0.8413625,0.8466226,0.84375566,0.8486247,0.8438233,0.8441166,0.8443125,0.8435661,0.84973985,0.8509824,0.84426165,0.84620124,0.8467234,0.84554386,0.8496168,0.8501044,0.8433119,0.8437563,0.84070545,0.85264033,0.8452216,0.85269403,0.8434766,0.8415927,0.85076654,0.84334236,0.84562033,0.84571904,0.8389513,0.8487737,0.8416094,0.8411596,0.84379685,0.85159403,0.840557,0.8431472,0.8423062,0.8443332,0.8511464,0.8426985,0.8396105,0.8434416,0.8437345,0.8424417,0.8414104,0.8423622,0.84079164,0.8455988,0.8446874,0.84579426,0.842035,0.85150266,0.8512452,0.8454909,0.8444334,0.83956087,0.84063923,0.84893507,0.83989364,0.8434892,0.8503578,0.84252477,0.8420569,0.83896685,0.8471765,0.84843224,0.84525955,0.8409704,0.8433673,0.84777135,0.84750617,0.83946896,0.83723,0.8454545,0.8456311,0.84237874,0.8499617,0.8442389,0.8461447,0.846138,0.85080725,0.8466728,0.8465321,0.8379763,0.8479131,0.8440193,0.85017073,0.84524125,0.8434064,0.8461564,0.85210794,0.83797824,0.8496356,0.8443542,0.85106236,0.84606814,0.83998287,0.85489464,0.8498888,0.8541867,0.84462225,0.8430813,0.84455866,0.8450967,0.8431814,0.8451508,0.83841074,0.85264635,0.8491665,0.84648204,0.8496948,0.8397464,0.85086876,0.84929395,0.84357685,0.8523844,0.8541964,0.8481554,0.8397725,0.85474277,0.8441448,0.8424809,0.849078,0.8423398,0.853068,0.85217154,0.8433796,0.8382696,0.8455249,0.84779775,0.845614,0.8481375,0.83725584,0.84417784,0.83985645,0.85171074,0.83597076,0.8473583,0.84382993,0.84756565,0.8431611,0.85126925,0.8400732,0.84667325,0.8414834,0.84455335,0.84820503,0.8455463,0.8515676,0.84750086,0.84100527,0.84415686,0.8435556,0.844021,0.84355307,0.8474614,0.84800303,0.84502167,0.842548,0.8366249,0.84826267,0.83544856,0.8505538,0.8410379,0.8453215,0.8388103,0.8472314,0.84518313,0.8450129,0.8484475,0.8454488,0.8460464,0.8348657,0.84365076,0.84430254,0.8506008,0.84140545,0.84518695,0.8384142,0.83890766,0.85000366,0.84393793,0.84153104,0.8447166,0.84630823,0.84201634,0.8459824,0.8446356,0.85268986,0.84648705,0.84636736,0.8427928,0.84951824,0.8459447,0.8476196,0.8400229,0.8493539,0.840513,0.84960383,0.85015076,0.8497896,0.8449195,0.84344125,0.84397185,0.8458687,0.8419873,0.84141743,0.8428923,0.8434407,0.84232676,0.8448068,0.84209985,0.8390061,0.84030086,0.8405796,0.847727,0.84937906,0.8462131,0.84561235,0.84413004,0.84066105,0.8442218,0.8500454,0.8538781,0.84564924,0.8469115,0.8396435,0.8409932,0.8302323,0.85622734,0.84995484,0.84498703,0.84327227,0.8425957,0.8486253,0.8406596,0.85172784,0.8503346,0.8454309,0.8449435,0.8431804,0.8508565,0.849828,0.84396625,0.8412034,0.85462767,0.84990805,0.84610164,0.8442827,0.8464343,0.84171396,0.84317714,0.84477824,0.85165536,0.8425295,0.84652364,0.8468501,0.83248246,0.8440784,0.84776,0.8395708,0.8470584,0.8449408,0.844495,0.84764755,0.8452396,0.8472009,0.8460287,0.8413753,0.8455994,0.8385028,0.8399497,0.84936523,0.842616,0.85296685,0.84815294,0.84722644,0.84247994,0.8410362,0.8414419,0.8444104,0.84485626,0.8442512,0.84689087,0.8440295,0.8474668,0.8490957,0.84351075,0.83961135,0.84412426,0.8411361,0.84491426,0.85043913,0.8399972,0.8473813,0.8489434,0.85251594,0.84745896,0.84497786,0.85219854,0.8433818,0.8425697,0.83989847,0.85180676,0.8404536,0.8515063,0.85020053,0.84717333,0.8555237,0.8459786,0.8362626,0.8406076,0.84359,0.84580994,0.840546,0.84690154,0.8458396,0.83892673,0.84544003,0.8496444,0.8420202,0.8394224,0.8409368,0.84657615,0.847366,0.8481837,0.84406006,0.848486,0.84838784,0.84438896,0.84701693,0.8390249,0.84724224,0.8432593,0.8488738,0.84149384,0.8477987,0.84903836,0.8488778,0.85014176,0.8454476,0.83787334,0.84309274,0.8421307,0.8451823,0.83986676,0.8395957,0.83722645,0.8430402,0.84476537,0.83627486,0.8462605,0.8433531,0.8482711,0.83726203,0.8447408,0.8446901,0.8407608,0.8481101,0.84826285,0.84875435,0.8418798,0.8369771,0.8439052,0.8425552,0.84150106,0.84612054,0.8401783,0.84502214,0.84382004,0.83924556,0.84544927,0.84553117,0.842338,0.83689,0.84834194,0.8463624,0.8451261,0.8449882,0.84689456,0.83982575,0.8392251,0.8414746,0.8420683,0.84859896,0.84632814,0.85161483,0.84307796,0.837441,0.84567183,0.8426625,0.8426397,0.8412715,0.84053814,0.841807,0.8460425,0.83977693,0.8444713,0.84283805,0.84356827,0.84595454,0.8520009,0.8494876,0.84740835,0.84313303,0.84534645,0.8383198,0.8405561,0.8544171,0.8459571,0.8485026,0.84100085,0.8480253,0.83744776,0.84810734,0.8531056,0.83716,0.8458827,0.85301465,0.8404422,0.83918685,0.8402057,0.8500741,0.83983356,0.8491567,0.8353355,0.8413641,0.8469615,0.8492827
0.7108223,0.7079508,0.70306194,0.6989508,0.70090985,0.7011765,0.70324075,0.7035844,0.6996295,0.7058043,0.704001,0.7037619,0.7071929,0.7000926,0.693422,0.7059363,0.705348,0.7000996,0.7034356,0.70694995,0.70674556,0.7091008,0.7067775,0.70282567,0.70874494,0.7042919,0.70093745,0.71097285,0.71139103,0.7032643,0.700567,0.7058231,0.7061697,0.7062553,0.7052394,0.7046478,0.7026982,0.70144427,0.71162033,0.70662695,0.702162,0.7058848,0.7052912,0.7007025,0.69905484,0.70550346,0.7079039,0.7036152,0.7030111,0.70909363,0.70673543,0.7024326,0.7055952,0.70159024,0.69979584,0.7113948,0.7072964,0.7078159,0.7057249,0.70801646,0.7039102,0.70324516,0.70244145,0.7093136,0.70398694,0.70736873,0.70619625,0.7038463,0.70613074,0.7096497,0.70523465,0.70988077,0.7077136,0.7078046,0.70581126,0.70090854,0.70015067,0.7001048,0.7039971,0.70834494,0.70855045,0.7037322,0.7113531,0.7042571,0.7070215,0.70421535,0.7081146,0.7080215,0.704722,0.70442486,0.7118001,0.7014805,0.699496,0.7033512,0.70234185,0.710895,0.710505,0.7128027,0.7014384,0.71523196,0.71225816,0.7038734,0.70180833,0.70772296,0.70387363,0.712817,0.7090119,0.7025932,0.7016839,0.7040441,0.7023097,0.7115974,0.7089309,0.7065352,0.71041626,0.7045461,0.70516825,0.7074534,0.7028063,0.7113291,0.69883734,0.702507,0.7007743,0.70954937,0.71197206,0.7163063,0.70544446,0.7014148,0.70953405,0.71220297,0.7067634,0.70076245,0.7060957,0.7136389,0.7094281,0.7053325,0.7037452,0.706481,0.70371336,0.7045365,0.70906174,0.7014729,0.7007555,0.7035972,0.7035467,0.70459706,0.70977706,0.70871425,0.7030903,0.7014351,0.70042986,0.69653285,0.7037753,0.7044342,0.70608324,0.71044135,0.7043665,0.7013649,0.70051366,0.7097636,0.70188594,0.70598996,0.69707537,0.7023386,0.7120041,0.7033332,0.7019862,0.702502,0.70521426,0.7043721,0.7038957,0.70880187,0.7053232,0.7058855,0.6982927,0.7048577,0.70343614,0.70404845,0.69695115,0.70327264,0.7005656,0.709465,0.70475805,0.701073,0.7044856,0.7041488,0.7092767,0.70929617,0.70388097,0.70836705,0.7059077,0.7065731,0.7056048,0.7054826,0.6995456,0.7014536,0.7050414,0.70586246,0.7085799,0.7090432,0.70807815,0.7056246,0.7024295,0.70528406,0.69620186,0.69953763,0.7050379,0.70429885,0.7050198,0.70203704,0.7032871,0.7058808,0.71162117,0.7033488,0.70609176,0.70802647,0.7095392,0.7043086,0.70962924,0.70585036,0.708668,0.70735013,0.7065179,0.6994682,0.71022445,0.70566034,0.70479256,0.7063706,0.7066976,0.7023389,0.69739395,0.70295715,0.69766736,0.7088006,0.70675004,0.70277727,0.7001698,0.7108846,0.7065163,0.6999723,0.7125913,0.70908654,0.70315015,0.7096575,0.7071514,0.7085864,0.7068551,0.71253705,0.7092097,0.7093678,0.7003712,0.706765,0.70817417,0.70184374,0.7148419,0.71065384,0.7058304,0.7014117,0.70948106,0.7033792,0.7032975,0.7021773,0.7061891,0.70882064,0.7026253,0.7090524,0.7040358,0.70471823,0.7070194,0.6968259,0.7111867,0.7095589,0.7057499,0.7019282,0.7055063,0.70726216,0.70236653,0.7037254,0.70455784,0.7028462,0.70565605,0.7065823,0.70652455,0.7009838,0.70067364,0.7014191,0.7089344,0.69881004,0.70295095,0.7080298,0.6990805,0.6985739,0.7068215,0.70580727,0.70433265,0.6989387,0.70038533,0.6995968,0.708261,0.6989176,0.7028229,0.70525223,0.7050551,0.70454454,0.7066576,0.6995877,0.70564777,0.6995501,0.69897,0.7019114,0.70221007,0.7074925,0.70175344,0.7021098,0.70770913,0.7061869,0.6997346,0.7050002,0.70750993,0.707287,0.70605576,0.70475423,0.7017553,0.70274633,0.7066374,0.6993268,0.70633394,0.7055012,0.7073611,0.69554967,0.70652944,0.70782167,0.7077164,0.71199673,0.6993349,0.7012188,0.70794564,0.7021058,0.7065104,0.7053861,0.7002055,0.7130339,0.70968753,0.7059126,0.7008517,0.71030474,0.7078997,0.7069579,0.708796,0.70499796,0.69353265,0.7057176,0.7052495,0.7029375,0.70732844,0.70635736,0.7014317,0.7044164,0.70602256,0.705955,0.7023381,0.70231205,0.7048275,0.7045256,0.70829767,0.7034464,0.70272046,0.7059477,0.7047888,0.7024453,0.7036188,0.706941,0.69314456,0.7006638,0.709708,0.70452493,0.70419943,0.7064973,0.7093616,0.70625675,0.70732456,0.69784474,0.7082463,0.70581126,0.711324,0.70514673,0.70327544,0.71030074,0.7096447,0.7031026,0.70051014,0.7034338,0.70382893,0.70470834,0.70618033,0.70414895,0.70044285,0.70608944,0.70833796,0.7112394,0.7038561,0.70890045,0.70457363,0.7035377,0.7070532,0.69912595,0.70646155,0.7019121,0.704671,0.7051764,0.7091344,0.7084171,0.70157146,0.70616984,0.70423305,0.7025195,0.7007311,0.71258867,0.703919,0.7104622,0.70659935,0.6983817,0.7078247,0.6969304,0.7028888,0.70354986,0.70426977,0.70726305,0.7021643,0.7033152,0.70513505,0.7020681,0.70357794,0.70409375,0.7068628,0.70513034,0.70568603,0.6989454,0.7055881,0.70573086,0.70889354,0.703482,0.71274865,0.7022648,0.7131454,0.7054201,0.70744336,0.6981863,0.7029144,0.7075343,0.704501,0.70556504,0.7094878,0.7054995,0.71081215,0.7145921,0.70426327,0.7060133,0.70337385,0.71097773,0.7126478,0.7052624,0.7079019,0.70082945,0.70337564,0.7089315,0.7036461,0.70701075,0.71216005,0.70091903,0.7024599,0.7045763,0.70663196,0.707756,0.70506966,0.7054792,0.6995777,0.699611,0.70143694,0.70553225,0.70834255,0.7077727,0.70421433,0.7046744,0.7020092,0.7023535,0.7045435,0.7067086,0.7038137,0.7045217,0.70419276,0.7032739,0.70752174,0.70064276,0.7023811,0.7089793,0.7064385,0.70396864,0.7056338,0.6999758,0.70190406,0.71096605,0.70301294,0.71126914,0.6968266,0.7029252,0.71297294,0.71446204,0.70120895,0.7075292,0.70391554,0.71016306,0.70320004,0.7130645,0.70849013,0.71141124,0.7036088,0.7109253,0.7013924,0.7024757,0.71036124,0.70821524,0.7077812,0.68949646,0.70690435,0.71297073,0.703117,0.70124644,0.7046612,0.71085167,0.701721,0.7042834,0.70404124,0.7061703,0.70827425,0.69455177,0.70778763,0.7061374,0.71609694,0.70094407,0.7023054,0.7076763,0.7076297,0.70698255,0.7053571,0.7068937,0.70425093,0.7030304,0.70488197,0.70640534,0.7016842,0.7072296,0.70532346,0.6996128,0.7054519,0.7000979,0.7078784,0.7047594,0.7061296,0.6996299,0.7020079,0.7025311,0.70093113,0.6996107,0.70786583,0.70432574,0.7053167,0.7049529,0.6970834,0.70500445,0.6995539,0.7035938,0.70393884,0.7045601,0.7072943,0.70380056,0.70968354,0.7008458,0.70477104,0.70601046,0.6996849,0.6969406,0.70437104,0.7064264,0.7088445,0.7087484,0.7072873,0.713084,0.6980649,0.70825475,0.7109212,0.7019125,0.70872205,0.7034007,0.6953802,0.7112597,0.7067543,0.7028794,0.7036075,0.7012206,0.7074523,0.703901,0.7058695,0.7025363,0.7114599,0.7071228,0.69881916,0.70695084,0.7040844,0.7052397,0.70273334,0.6988305,0.7071305,0.7047376,0.705819,0.6991277,0.7022255,0.70112485,0.70223165,0.7058015,0.70358497,0.7051916,0.70825213,0.70925295,0.70256674,0.7076125,0.6979323,0.7016171,0.700416,0.70200974,0.70600957,0.7098166,0.70322794,0.7046352,0.70724213,0.70642537,0.7133914,0.7042101,0.70309794,0.7095086,0.70907044,0.7044504,0.70891577,0.7003683,0.70332783,0.7058091,0.70488703,0.70375484,0.70581347,0.70639455,0.71208614,0.70595235,0.703178,0.69903904,0.7019883,0.70691204,0.7059017,0.71086204,0.7016386,0.69469297,0.7021692,0.70583415,0.69741166,0.70616925,0.7057953,0.71454275,0.70103157,0.70820475,0.71380055,0.71146417,0.71342,0.7059019,0.7045702,0.70122683,0.7030695,0.7040332,0.7099672,0.6995223,0.70868033,0.7041892,0.6991953,0.70761484,0.7040733,0.7015932,0.7068482,0.70736057,0.70938593,0.7072077,0.70325494,0.69613296,0.7122247,0.7095418,0.70440626,0.7048457,0.6992448,0.7092807,0.70475125,0.7008554,0.7006982,0.7011253,0.7074408,0.7048153,0.7072192,0.7036974,0.7055316,0.708868,0.7106004,0.7030359,0.69697416,0.7070695,0.7078395,0.69763184,0.7070881,0.6977975,0.70799094,0.70366824,0.7023882,0.7034805,0.7039174,0.7116615,0.70680386,0.7052311,0.703731,0.70332855,0.6997891,0.7138147,0.71418047,0.7039066,0.70819384,0.7004544,0.69991285,0.7123073,0.702944,0.7086973,0.69857436,0.7094745,0.7015964,0.7077466,0.7098276,0.70775807,0.70295787,0.71139103,0.70084924,0.70066434,0.7005424,0.7026857,0.70654213,0.7090228,0.70906055,0.7076708,0.7029398,0.71366537,0.7013513,0.7027677,0.7037464,0.7084996,0.70238656,0.69810224,0.70566773,0.7086857,0.70254093,0.7056829,0.7017601,0.7118311,0.707442,0.71128535,0.71172565,0.7046162,0.702705,0.7114738,0.71250576,0.71350616,0.70524484,0.70748574,0.70019364,0.7073739,0.7073397,0.700343,0.7045776,0.70548886,0.70764375,0.7018501,0.6988619,0.7009665,0.69916683,0.7020438,0.698706,0.7056256,0.6985968,0.70553976,0.70561206,0.6986097,0.70353967,0.70432186,0.71285987,0.715292,0.7087607,0.70567507,0.70430905,0.6999187,0.71192133,0.7062976,0.703285,0.705334,0.70620954,0.7077449,0.70413285,0.71020544,0.7118808,0.7068307,0.70342374,0.7045546,0.7049548,0.70129365,0.7022792,0.70829266,0.7098504,0.7129249,0.71039915,0.698571,0.7107972,0.70276713,0.7000906,0.70163876,0.70467687,0.7058576,0.704354,0.69843274,0.69207,0.70770156,0.7033759,0.7015066,0.6998961,0.7037039,0.7057069,0.71044815,0.69935775,0.701971,0.7055522,0.7029132,0.7070343,0.7023505,0.69981897,0.71027154,0.70324796,0.70737565,0.6972972,0.7084153,0.7106279,0.70163965,0.70920444,0.7113371,0.7045704,0.7050231,0.70823425,0.7035129,0.70720005,0.7108602,0.7121922,0.70366126,0.7040066,0.7106188,0.7028959,0.7082337,0.7058542,0.7045479,0.7074781,0.70460343,0.7068293,0.7060205,0.70990527,0.7103025,0.70135254,0.70375305,0.6994708,0.7032919,0.7098484,0.70918286,0.70584214,0.71221185,0.7049867,0.6958598,0.70609665,0.7054915,0.7075682,0.7068731,0.7107243,0.7086412,0.69973236,0.7099994,0.708112,0.7033058,0.70921576,0.7038973,0.705205,0.708676,0.7101841,0.7006878,0.7079116,0.70821667,0.70363724,0.7077419,0.70410436,0.70762163,0.70409787,0.7057181,0.70575094,0.71095836,0.70251113,0.704372,0.7072361,0.7066018,0.707268,0.7032271,0.70710933,0.7138381,0.70266294,0.6979775,0.70517087,0.7056723,0.7089548,0.6988403,0.70640606,0.7039502,0.69840497,0.7075212,0.7038031,0.70392144,0.7013707,0.709534,0.7014121,0.70782834,0.7042275,0.70252013,0.70303786,0.70101875,0.69548815,0.7028885,0.7022492,0.7132363,0.7072154,0.6911282,0.69980264,0.7112095,0.70556396,0.7079047,0.7066416,0.70060116,0.7093106,0.70694673,0.70352376,0.70471054,0.70242417,0.70660543,0.70265007,0.70569396,0.70420253,0.70688754,0.7038938,0.69925463,0.7090753,0.7008861,0.6988221,0.7066214,0.69820136,0.70623523,0.7045781,0.7010641,0.7069987,0.7082074,0.7024475,0.7006714,0.7040457,0.714233,0.70474726,0.70194936,0.7027382,0.6949113,0.70327413,0.70549977,0.70116436,0.7046763,0.7040013,0.7128532,0.7027877,0.7091788,0.710098,0.6976493,0.7069499,0.7092273,0.70577693,0.6986351,0.70436025,0.71027374,0.7027004,0.7109072,0.7035892,0.70327854,0.70606184,0.70501274
0.0,0.0,0.0,0.0,0.0,0.0,0.0,0.0,0.0,0.0,0.0,0.0,0.0,0.0,0.0,0.0,0.0,0.0,0.0,0.0,0.0,0.0,0.0,0.0,0.0,0.0,0.0,0.0,0.0,0.0,0.0,0.0,0.0,0.0,0.0,0.0,0.0,0.0,0.0,0.0,0.0,0.0,0.0,0.0,0.0,0.0,0.0,0.0,0.0,0.0,0.0,0.0,0.0,0.0,0.0,0.0,0.0,0.0,0.0,0.0,0.0,0.0,0.0,0.0,0.0,0.0,0.0,0.0,0.0,0.0,0.0,0.0,0.0,0.0,0.0,0.0,0.0,0.0,0.0,0.0,0.0,0.0,0.0,0.0,0.0,0.0,0.0,0.0,0.0,0.0,0.0,0.0,0.0,0.0,0.0,0.0,0.0,0.0,0.0,0.0,0.0,0.0,0.0,0.0,0.0,0.0,0.0,0.0,0.0,0.0,0.0,0.0,0.0,0.0,0.0,0.0,0.0,0.0,0.0,0.0,0.0,0.0,0.0,0.0,0.0,0.0,0.0,0.0,0.0,0.0,0.0,0.0,0.0,0.0,0.0,0.0,0.0,0.0,0.0,0.0,0.0,0.0,0.0,0.0,0.0,0.0,0.0,0.0,0.0,0.0,0.0,0.0,0.0,0.0,0.0,0.0,0.0,0.0,0.0,0.0,0.0,0.0,0.0,0.0,0.0,0.0,0.0,0.0,0.0,0.0,0.0,0.0,0.0,0.0,0.0,0.0,0.0,0.0,0.0,0.0,0.0,0.0,0.0,0.0,0.0,0.0,0.0,0.0,0.0,0.0,0.0,0.0,0.0,0.0,0.0,0.0,0.0,0.0,0.0,0.0,0.0,0.0,0.0,0.0,0.0,0.0,0.0,0.0,0.0,0.0,0.0,0.0,0.0,0.0,0.0,0.0,0.0,0.0,0.0,0.0,0.0,0.0,0.0,0.0,0.0,0.0,0.0,0.0,0.0,0.0,0.0,0.0,0.0,0.0,0.0,0.0,0.0,0.0,0.0,0.0,0.0,0.0,0.0,0.0,0.0,0.0,0.0,0.0,0.0,0.0,0.0,0.0,0.0,0.0,0.0,0.0,0.0,0.0,0.0,0.0,0.0,0.0,0.0,0.0,0.0,0.0,0.0,0.0,0.0,0.0,0.0,0.0,0.0,0.0,0.0,0.0,0.0,0.0,0.0,0.0,0.0,0.0,0.0,0.0,0.0,0.0,0.0,0.0,0.0,0.0,0.0,0.0,0.0,0.0,0.0,0.0,0.0,0.0,0.0,0.0,0.0,0.0,0.0,0.0,0.0,0.0,0.0,0.0,0.0,0.0,0.0,0.0,0.0,0.0,0.0,0.0,0.0,0.0,0.0,0.0,0.0,0.0,0.0,0.0,0.0,0.0,0.0,0.0,0.0,0.0,0.0,0.0,0.0,0.0,0.0,0.0,0.0,0.0,0.0,0.0,0.0,0.0,0.0,0.0,0.0,0.0,0.0,0.0,0.0,0.0,0.0,0.0,0.0,0.0,0.0,0.0,0.0,0.0,0.0,0.0,0.0,0.0,0.0,0.0,0.0,0.0,0.0,0.0,0.0,0.0,0.0,0.0,0.0,0.0,0.0,0.0,0.0,0.0,0.0,0.0,0.0,0.0,0.0,0.0,0.0,0.0,0.0,0.0,0.0,0.0,0.0,0.0,0.0,0.0,0.0,0.0,0.0,0.0,0.0,0.0,0.0,0.0,0.0,0.0,0.0,0.0,0.0,0.0,0.0,0.0,0.0,0.0,0.0,0.0,0.0,0.0,0.0,0.0,0.0,0.0,0.0,0.0,0.0,0.0,0.0,0.0,0.0,0.0,0.0,0.0,0.0,0.0,0.0,0.0,0.0,0.0,0.0,0.0,0.0,0.0,0.0,0.0,0.0,0.0,0.0,0.0,0.0,0.0,0.0,0.0,0.0,0.0,0.0,0.0,0.0,0.0,0.0,0.0,0.0,0.0,0.0,0.0,0.0,0.0,0.0,0.0,0.0,0.0,0.0,0.0,0.0,0.0,0.0,0.0,0.0,0.0,0.0,0.0,0.0,0.0,0.0,0.0,0.0,0.0,0.0,0.0,0.0,0.0,0.0,0.0,0.0,0.0,0.0,0.0,0.0,0.0,0.0,0.0,0.0,0.0,0.0,0.0,0.0,0.0,0.0,0.0,0.0,0.0,0.0,0.0,0.0,0.0,0.0,0.0,0.0,0.0,0.0,0.0,0.0,0.0,0.0,0.0,0.0,0.0,0.0,0.0,0.0,0.0,0.0,0.0,0.0,0.0,0.0,0.0,0.0,0.0,0.0,0.0,0.0,0.0,0.0,0.0,0.0,0.0,0.0,0.0,0.0,0.0,0.0,0.0,0.0,0.0,0.0,0.0,0.0,0.0,0.0,0.0,0.0,0.0,0.0,0.0,0.0,0.0,0.0,0.0,0.0,0.0,0.0,0.0,0.0,0.0,0.0,0.0,0.0,0.0,0.0,0.0,0.0,0.0,0.0,0.0,0.0,0.0,0.0,0.0,0.0,0.0,0.0,0.0,0.0,0.0,0.0,0.0,0.0,0.0,0.0,0.0,0.0,0.0,0.0,0.0,0.0,0.0,0.0,0.0,0.0,0.0,0.0,0.0,0.0,0.0,0.0,0.0,0.0,0.0,0.0,0.0,0.0,0.0,0.0,0.0,0.0,0.0,0.0,0.0,0.0,0.0,0.0,0.0,0.0,0.0,0.0,0.0,0.0,0.0,0.0,0.0,0.0,0.0,0.0,0.0,0.0,0.0,0.0,0.0,0.0,0.0,0.0,0.0,0.0,0.0,0.0,0.0,0.0,0.0,0.0,0.0,0.0,0.0,0.0,0.0,0.0,0.0,0.0,0.0,0.0,0.0,0.0,0.0,0.0,0.0,0.0,0.0,0.0,0.0,0.0,0.0,0.0,0.0,0.0,0.0,0.0,0.0,0.0,0.0,0.0,0.0,0.0,0.0,0.0,0.0,0.0,0.0,0.0,0.0,0.0,0.0,0.0,0.0,0.0,0.0,0.0,0.0,0.0,0.0,0.0,0.0,0.0,0.0,0.0,0.0,0.0,0.0,0.0,0.0,0.0,0.0,0.0,0.0,0.0,0.0,0.0,0.0,0.0,0.0,0.0,0.0,0.0,0.0,0.0,0.0,0.0,0.0,0.0,0.0,0.0,0.0,0.0,0.0,0.0,0.0,0.0,0.0,0.0,0.0,0.0,0.0,0.0,0.0,0.0,0.0,0.0,0.0,0.0,0.0,0.0,0.0,0.0,0.0,0.0,0.0,0.0,0.0,0.0,0.0,0.0,0.0,0.0,0.0,0.0,0.0,0.0,0.0,0.0,0.0,0.0,0.0,0.0,0.0,0.0,0.0,0.0,0.0,0.0,0.0,0.0,0.0,0.0,0.0,0.0,0.0,0.0,0.0,0.0,0.0,0.0,0.0,0.0,0.0,0.0,0.0,0.0,0.0,0.0,0.0,0.0,0.0,0.0,0.0,0.0,0.0,0.0,0.0,0.0,0.0,0.0,0.0,0.0,0.0,0.0,0.0,0.0,0.0,0.0,0.0,0.0,0.0,0.0,0.0,0.0,0.0,0.0,0.0,0.0,0.0,0.0,0.0,0.0,0.0,0.0,0.0,0.0,0.0,0.0,0.0,0.0,0.0,0.0,0.0,0.0,0.0,0.0,0.0,0.0,0.0,0.0,0.0,0.0,0.0,0.0,0.0,0.0,0.0,0.0,0.0,0.0,0.0,0.0,0.0,0.0,0.0,0.0,0.0,0.0,0.0,0.0,0.0,0.0,0.0,0.0,0.0,0.0,0.0,0.0,0.0,0.0,0.0,0.0,0.0,0.0,0.0,0.0,0.0,0.0,0.0,0.0,0.0,0.0,0.0,0.0,0.0,0.0,0.0,0.0,0.0,0.0,0.0,0.0,0.0,0.0,0.0,0.0,0.0,0.0,0.0,0.0,0.0,0.0,0.0,0.0,0.0,0.0,0.0,0.0,0.0,0.0,0.0,0.0,0.0,0.0,0.0,0.0,0.0,0.0,0.0,0.0,0.0,0.0,0.0,0.0,0.0,0.0,0.0,0.0,0.0,0.0,0.0,0.0,0.0,0.0,0.0,0.0,0.0,0.0,0.0,0.0,0.0,0.0,0.0,0.0,0.0,0.0,0.0,0.0,0.0,0.0,0.0,0.0,0.0,0.0,0.0,0.0,0.0,0.0,0.0,0.0,0.0,0.0,0.0,0.0,0.0,0.0,0.0,0.0,0.0,0.0,0.0,0.0,0.0,0.0,0.0,0.0,0.0,0.0,0.0,0.0,0.0,0.0,0.0
1.0635504,1.0587578,1.0620574,1.0624797,1.060195,1.0631645,1.0575947,1.0603762,1.0580143,1.0612777,1.0624778,1.058201,1.0582054,1.0575598,1.058867,1.0581875,1.0591984,1.0614445,1.0630294,1.0647191,1.0614932,1.0605156,1.0673132,1.0648513,1.0648707,1.0689943,1.0612541,1.0687258,1.0705519,1.0606508,1.0570282,1.0719745,1.0637777,1.0632855,1.0641028,1.0614109,1.0621367,1.061078,1.0672762,1.0639161,1.0600822,1.0611441,1.067792,1.0552288,1.0594347,1.064456,1.0659963,1.066457,1.0597675,1.0636226,1.0625011,1.0643907,1.0666507,1.0569149,1.0571402,1.0669507,1.070444,1.0667255,1.0670142,1.0603683,1.0653601,1.060187,1.0561182,1.0657308,1.0611101,1.0702094,1.0661831,1.0649532,1.0600332,1.0639879,1.0665536,1.0669745,1.0698545,1.063808,1.0604727,1.0607667,1.0625231,1.0572332,1.0583438,1.0639939,1.0638752,1.060052,1.0672796,1.068584,1.056822,1.0658168,1.0611582,1.0636061,1.0566674,1.063673,1.0654111,1.0666702,1.0598695,1.0656315,1.0600731,1.0653265,1.0665722,1.0696577,1.0646294,1.0651592,1.0698566,1.0635769,1.06245,1.0612375,1.0620323,1.0674645,1.0680177,1.0627966,1.0632198,1.0720593,1.0578754,1.0644524,1.062182,1.0645496,1.0635108,1.0623678,1.06862,1.0652741,1.0663416,1.0654899,1.0535635,1.0596935,1.0584177,1.0655942,1.0730544,1.0659351,1.0685383,1.0619066,1.0703133,1.0714161,1.0614127,1.0610095,1.0654578,1.0665958,1.0690134,1.0578824,1.0575117,1.0707705,1.062561,1.0619687,1.0664,1.0574641,1.0606177,1.0580422,1.0627203,1.063976,1.0713166,1.0697479,1.0568786,1.0631188,1.0589399,1.0598048,1.0630836,1.0609878,1.0666693,1.0705206,1.0706578,1.059373,1.0647997,1.0704223,1.061288,1.064356,1.0585476,1.0583562,1.0644792,1.058018,1.0612212,1.0590308,1.0630169,1.060539,1.0618441,1.0640366,1.061898,1.0696105,1.0590774,1.0645467,1.0594193,1.0654309,1.0550483,1.0623362,1.0621934,1.0667411,1.064526,1.0644583,1.0625234,1.0611787,1.0579692,1.0649866,1.0620904,1.0699847,1.0609189,1.0687368,1.0683352,1.0623045,1.0624923,1.0590073,1.0596169,1.0691825,1.0630678,1.0593729,1.0650663,1.0627416,1.0574794,1.0649215,1.0552539,1.0607847,1.0669621,1.0623786,1.067781,1.0589795,1.0597551,1.0664656,1.0687495,1.0631727,1.060515,1.0666355,1.06333,1.0654026,1.0636774,1.058904,1.0681603,1.0675279,1.0599204,1.0564733,1.0673906,1.0640678,1.0593495,1.060955,1.0667975,1.0613247,1.0606618,1.0658754,1.057157,1.0651493,1.0703596,1.0599155,1.0581207,1.0674547,1.0720743,1.0612624,1.0668397,1.0696348,1.0633355,1.070833,1.0646365,1.0672134,1.0697529,1.0673897,1.0610783,1.0648167,1.0559092,1.0618391,1.0622789,1.0588474,1.0615084,1.0642163,1.0644785,1.0588853,1.061877,1.0641624,1.0641396,1.0654131,1.0599664,1.0652249,1.0651681,1.0617241,1.058667,1.0719391,1.0665386,1.0544229,1.0679857,1.0662148,1.0680921,1.0642627,1.066303,1.0654927,1.0652008,1.0700414,1.0637307,1.0607506,1.0638549,1.0696368,1.0642332,1.064382,1.0678337,1.0657135,1.0632638,1.0600266,1.0651895,1.0678974,1.0615,1.0578569,1.0583543,1.0638324,1.0677813,1.0588624,1.0632653,1.0573103,1.0652637,1.0572047,1.0585359,1.0590883,1.0625255,1.0635444,1.0572739,1.062205,1.06508,1.0614284,1.0606958,1.0601329,1.0605373,1.066337,1.064857,1.0627997,1.0648395,1.0620048,1.0640477,1.0610195,1.0619876,1.0693418,1.0699006,1.0611761,1.0658941,1.0594267,1.0609794,1.0565934,1.0619419,1.0625315,1.0647706,1.0561067,1.06983,1.061518,1.0604552,1.0695453,1.0583038,1.059823,1.0673821,1.0606558,1.0664686,1.064146,1.0626462,1.073222,1.067192,1.0647731,1.0579543,1.0637985,1.0679042,1.0617222,1.0679158,1.0566244,1.0616057,1.0613487,1.0621974,1.0662606,1.0612853,1.0661063,1.0615249,1.0612558,1.0577614,1.0677142,1.065796,1.0627627,1.0619031,1.0651332,1.0678157,1.0651143,1.0642688,1.061517,1.0658661,1.0620862,1.0662398,1.060531,1.0518472,1.0592244,1.0670755,1.0637388,1.0634727,1.0706732,1.0624553,1.0610545,1.0624342,1.0613136,1.0663458,1.0641246,1.0712662,1.0649855,1.063584,1.063075,1.0665594,1.0643151,1.0631105,1.0617787,1.064108,1.0606548,1.06643,1.0595515,1.060343,1.0676959,1.0635625,1.0686064,1.0632961,1.0630745,1.06132,1.0607723,1.0629787,1.0561568,1.061832,1.0586338,1.0648929,1.0664436,1.0585835,1.0645038,1.0612701,1.0654961,1.061188,1.0579301,1.0549153,1.070908,1.067122,1.0682158,1.0648913,1.0651764,1.0614511,1.058611,1.0652447,1.0612109,1.061059,1.0573629,1.0646589,1.0587356,1.0606022,1.0655854,1.0603755,1.0568231,1.0678431,1.0655353,1.0628434,1.0603961,1.0651398,1.0600826,1.0640311,1.0648971,1.068122,1.0675174,1.0701028,1.0608402,1.0655025,1.0601553,1.0600613,1.0599322,1.069326,1.0632604,1.0645417,1.0623852,1.0654125,1.0694326,1.0612406,1.0608945,1.060571,1.070422,1.067527,1.0635372,1.067901,1.0647442,1.0640148,1.0642524,1.0633302,1.0627838,1.0722272,1.0582142,1.0691582,1.0617071,1.0607829,1.0649794,1.0629022,1.062978,1.060014,1.0667388,1.0573815,1.059199,1.0697232,1.0570847,1.0634733,1.0568279,1.0566552,1.0667521,1.0651181,1.0693543,1.0576403,1.0631902,1.0655563,1.059914,1.0588632,1.0636009,1.060713,1.0666769,1.0609609,1.0640401,1.0649534,1.0656964,1.0686275,1.0650556,1.0531452,1.0648546,1.0581193,1.0562409,1.0660734,1.0660845,1.0607234,1.0631374,1.060967,1.0723845,1.069488,1.0724328,1.0624243,1.0724344,1.0635067,1.0639045,1.0573752,1.0576684,1.0616344,1.0661776,1.0622392,1.0550653,1.0681849,1.0694785,1.0669467,1.0591763,1.0676233,1.0652391,1.0647134,1.0598047,1.0564456,1.0662515,1.059289,1.0588057,1.0672998,1.0699524,1.0671134,1.0613556,1.0617702,1.0650752,1.0670463,1.0618484,1.0555007,1.0670953,1.0716785,1.062611,1.0574819,1.0667475,1.0613731,1.0642384,1.0642143,1.0622203,1.0660077,1.0597943,1.0651007,1.057186,1.0705467,1.0595316,1.0613954,1.0648584,1.0621674,1.0656483,1.0630795,1.0611336,1.0620607,1.058933,1.055135,1.0536283,1.0551751,1.061284,1.0672871,1.0607375,1.0578237,1.0618255,1.067844,1.0626783,1.0615886,1.0656649,1.0599595,1.0601767,1.0666983,1.0717039,1.0658371,1.0656518,1.0662652,1.0564259,1.0643415,1.065137,1.0608711,1.0646911,1.0647107,1.0592104,1.0589571,1.0679761,1.0693352,1.0679308,1.061494,1.0625129,1.0637151,1.0600117,1.0582017,1.0617414,1.0695307,1.0733981,1.0589755,1.0640242,1.0596119,1.0651261,1.063386,1.0573596,1.0609801,1.0656396,1.058292,1.0542235,1.0616276,1.0583311,1.0601692,1.0681552,1.0573292,1.0617679,1.0615431,1.0639018,1.0581005,1.0609267,1.0622509,1.0607388,1.059172,1.0648448,1.0613346,1.0634005,1.0593127,1.0651494,1.058566,1.0672385,1.0667685,1.06582,1.0653845,1.0635449,1.063671,1.0640937,1.0646112,1.0608537,1.0618964,1.054064,1.0656811,1.0638871,1.0626216,1.061913,1.0664022,1.0667431,1.0648326,1.0631219,1.05677,1.0632999,1.0622559,1.0705402,1.0656756,1.06057,1.0599806,1.0588455,1.060775,1.0620148,1.0571843,1.0666952,1.0603135,1.0678308,1.0673926,1.0659652,1.0703804,1.0685334,1.0584633,1.0575116,1.0660466,1.0596842,1.065154,1.0603017,1.0693396,1.0677326,1.0635868,1.0593377,1.0636817,1.0639441,1.0664496,1.06439,1.0669199,1.0653032,1.0621904,1.0640093,1.064908,1.0667179,1.0624833,1.061794,1.0546006,1.0676287,1.0645511,1.0568206,1.0580392,1.0596514,1.0669408,1.0698595,1.0638539,1.0583254,1.062598,1.0662374,1.0733327,1.0560138,1.0600107,1.0620719,1.0693184,1.0612267,1.0657637,1.0553371,1.066778,1.0558261,1.0581496,1.0561532,1.0693332,1.0725489,1.0688064,1.0672203,1.063371,1.0612782,1.0621755,1.0632384,1.0695262,1.0652838,1.0686707,1.0657693,1.0586177,1.065029,1.0587517,1.0712395,1.0582156,1.0648658,1.0609484,1.0627838,1.0655801,1.0707957,1.0594165,1.0624686,1.0588936,1.0621372,1.0634835,1.0603539,1.0584085,1.0652115,1.0648282,1.0611789,1.0589898,1.0644615,1.0641345,1.0606133,1.068823,1.063195,1.0625092,1.0670834,1.0606585,1.0599931,1.0655419,1.0614384,1.0587989,1.0713959,1.0647435,1.0664759,1.0624975,1.0613476,1.0604115,1.0612242,1.0681095,1.0681957,1.0618594,1.066211,1.063443,1.0586015,1.0573022,1.0570555,1.0574863,1.0627952,1.0717437,1.0594923,1.0586277,1.0581774,1.0634499,1.0570644,1.0584273,1.0627383,1.0566761,1.0628991,1.0637556,1.0638549,1.0635203,1.0675178,1.0686344,1.0698434,1.0653324,1.0607442,1.065298,1.0637531,1.0637912,1.064983,1.0620774,1.0669649,1.067094,1.0653411,1.0644605,1.0681064,1.0711346,1.0686222,1.0641987,1.0669476,1.0707952,1.0666952,1.064068,1.063873,1.0699129,1.0624143,1.0678904,1.0574874,1.0653887,1.0601063,1.0629913,1.0563037,1.063311,1.0635889,1.0716828,1.0592653,1.0501149,1.0690848,1.0625646,1.0567428,1.0608948,1.0694412,1.069445,1.0637093,1.0647771,1.0648879,1.0596948,1.0648077,1.0623128,1.0625517,1.0593268,1.0623616,1.0613513,1.0608705,1.0599298,1.0649871,1.0675471,1.0612912,1.0646067,1.0643362,1.0662315,1.0670666,1.0620924,1.059996,1.068079,1.0645412,1.0677147,1.0607939,1.0607516,1.0592777,1.0575882,1.064039,1.0645746,1.0620383,1.0660826,1.0675602,1.0604925,1.0633844,1.0627664,1.0704244,1.0588214,1.062344,1.0625923,1.0606251,1.0694534,1.0653177,1.0671422,1.0646489,1.0621014,1.0556157,1.0649805,1.0584687,1.0612503,1.0622044,1.0696249,1.0609562,1.0606972,1.0666648,1.0689386,1.0624385,1.0621614,1.0590194,1.0680957,1.0658227,1.066607,1.0665781,1.0649747,1.0644077,1.066495,1.0639479,1.0630536,1.0631346,1.056502,1.0655994,1.0593022,1.0719669,1.0634596,1.0608577,1.0696622,1.0622633,1.0627693,1.0596088,1.0595014,1.0694047,1.0600626,1.0558496,1.0643163,1.0614784,1.0692247,1.0559251,1.0615935,1.0642862,1.0564044,1.0646548,1.0658487,1.0584128,1.06093,1.0629874,1.0652722,1.0674223,1.0565602,1.055346,1.0599879,1.0573739,1.061906,1.0594686,1.0643156,1.0638437,1.0693654,1.0510294,1.0610687,1.0601786,1.0627234,1.0644296,1.0671762,1.0621676,1.0687753,1.0681646,1.0624361,1.0576391,1.0628805,1.066386,1.0589838,1.054145,1.0620233,1.0668974,1.0663828,1.0572703,1.0623893,1.0623709,1.0571088,1.0636781,1.0641543,1.0588028,1.0551131,1.0582218,1.0671561,1.0683602,1.067941,1.0643647,1.0599295,1.0673219,1.0624495,1.059502,1.0676128,1.05474,1.0581275,1.0635031,1.0654151,1.0638402,1.0690807,1.069173,1.0548837,1.0685761,1.0673373,1.0587147,1.0694318,1.0655509,1.0630981,1.0534815,1.0642899,1.068192,1.0586617,1.0627766,1.0567573,1.0602709,1.0579723,1.0682471
1.1684564,1.1697227,1.1764799,1.168923,1.1736405,1.1735587,1.1705163,1.1790109,1.1749513,1.1719314,1.1710782,1.1757464,1.1697487,1.1752367,1.166678,1.1692619,1.1713784,1.1735536,1.1726313,1.1702975,1.1711864,1.1742443,1.1804212,1.1727816,1.1759328,1.1785121,1.1800451,1.1694567,1.1786399,1.1751016,1.1637398,1.1785058,1.1812227,1.1861696,1.1696447,1.1740595,1.1756685,1.1717683,1.1778731,1.1763033,1.1757449,1.1708945,1.1736672,1.1673193,1.1758854,1.1753838,1.1698743,1.1700327,1.1731621,1.1739149,1.1717066,1.1688824,1.1790092,1.1690186,1.1767997,1.1847997,1.1694438,1.1702648,1.1744517,1.1681156,1.1772927,1.1753091,1.170573,1.1768999,1.165661,1.1765685,1.1693705,1.1799269,1.172554,1.1713434,1.1745503,1.1654648,1.1754987,1.1781596,1.1714575,1.1707759,1.174692,1.1731945,1.172819,1.1735792,1.1800289,1.1704159,1.1830981,1.176075,1.1823223,1.1758095,1.1755339,1.1748103,1.1656753,1.1751506,1.1706902,1.1733218,1.1728827,1.1749443,1.1716729,1.1753298,1.1684406,1.1753101,1.1772405,1.1801952,1.1786999,1.1700387,1.1751667,1.1671054,1.1684681,1.1737742,1.1720681,1.1630503,1.1722034,1.181123,1.1742072,1.1771326,1.1708606,1.1718,1.1751769,1.1804689,1.1789385,1.1818936,1.1736289,1.1815478,1.1630791,1.1684955,1.1695642,1.1746753,1.1878054,1.174065,1.1769996,1.1711307,1.1807352,1.1766245,1.1788254,1.1718276,1.1774403,1.1780276,1.1756128,1.172486,1.1729174,1.17405,1.171257,1.1780511,1.1758032,1.164881,1.1710232,1.1646247,1.1778682,1.1738015,1.1751555,1.1748494,1.1695819,1.1724393,1.1689023,1.175201,1.1755373,1.1702483,1.1746699,1.1717821,1.1763046,1.169024,1.172122,1.1761682,1.1761138,1.1727521,1.1651843,1.1767801,1.1739379,1.1728114,1.1783028,1.178629,1.1673691,1.1804471,1.1685761,1.1740434,1.1708797,1.1751342,1.1711079,1.1816115,1.1704993,1.1752697,1.1690613,1.1705737,1.1675844,1.1775019,1.1710169,1.179631,1.1782779,1.1705375,1.1703968,1.1813519,1.1716607,1.1835612,1.1708602,1.1787208,1.1756833,1.1742985,1.1713744,1.1741248,1.1737418,1.1782122,1.1740267,1.1712391,1.1770227,1.172865,1.1694878,1.1714367,1.1751716,1.1720104,1.1824735,1.1795484,1.1748595,1.1685637,1.1708249,1.1760982,1.1794373,1.172329,1.1750847,1.1717427,1.1752825,1.1739553,1.1746645,1.173929,1.1736877,1.1751686,1.1652793,1.1677474,1.1740022,1.1726825,1.1759523,1.1760296,1.1754664,1.1713674,1.1737238,1.1787381,1.1710074,1.1824073,1.1834431,1.1656735,1.1686196,1.1705807,1.1770144,1.174439,1.1722716,1.1722035,1.177442,1.1772681,1.1763681,1.1758916,1.1850554,1.1857866,1.1751064,1.1824963,1.1650169,1.1702545,1.1666478,1.1653934,1.1741942,1.1730021,1.1727026,1.1678106,1.1691293,1.166159,1.161761,1.1709882,1.168284,1.1740526,1.1729882,1.1741425,1.1665865,1.169717,1.1809465,1.1719618,1.1736805,1.1786928,1.1759926,1.1636374,1.1815964,1.1724887,1.1758281,1.1691658,1.1744651,1.1713849,1.1792846,1.1801735,1.1769756,1.1703753,1.1768924,1.175007,1.1712161,1.1685243,1.1733651,1.175126,1.1702243,1.1679492,1.1725972,1.1781583,1.180599,1.1716456,1.172645,1.1695676,1.1742507,1.1732254,1.1734899,1.1697001,1.171775,1.177024,1.1796484,1.1706046,1.1644299,1.1712343,1.1703281,1.1748134,1.1746312,1.1847813,1.1706465,1.1667641,1.1741023,1.1734074,1.1812828,1.1747099,1.1750293,1.1852003,1.1686108,1.1655376,1.1740875,1.1634247,1.1708567,1.1726213,1.1675951,1.1729735,1.1768268,1.1695276,1.1730859,1.1706306,1.1724088,1.1814007,1.1716954,1.1705331,1.1736571,1.1718854,1.1794463,1.1690518,1.1732948,1.181194,1.1736565,1.1781163,1.1705264,1.17149,1.1724586,1.1761322,1.17539,1.1782146,1.1710502,1.1699624,1.1693482,1.1773493,1.1749749,1.1781164,1.1736594,1.1735207,1.178522,1.1698333,1.1750727,1.1695483,1.1786817,1.1702157,1.1695911,1.1717708,1.1760162,1.176629,1.1734385,1.1725024,1.1711451,1.1695571,1.1737367,1.1680615,1.1731617,1.1766943,1.1739296,1.1848598,1.1713827,1.1680518,1.1761338,1.1813645,1.1690929,1.1651686,1.1867694,1.1729598,1.1757071,1.1710848,1.1735277,1.178922,1.1739451,1.1756648,1.1751118,1.1725174,1.1805156,1.1652436,1.1734698,1.1781112,1.1752317,1.1683203,1.1752563,1.1708729,1.1799862,1.175643,1.177089,1.1703361,1.1755769,1.1743947,1.1777841,1.1751672,1.1722827,1.1688595,1.1707566,1.1808221,1.1740453,1.1730596,1.1742101,1.1802822,1.1747196,1.1764444,1.1786096,1.1643221,1.177609,1.170165,1.1742433,1.1702619,1.1730564,1.1708957,1.1824814,1.1802521,1.1842924,1.1731738,1.1658828,1.1743774,1.1813726,1.1692841,1.1737984,1.1650935,1.1771506,1.1768512,1.1696229,1.1737217,1.1763694,1.1681511,1.1840457,1.1721369,1.168701,1.1657614,1.1637237,1.1718508,1.174475,1.1693206,1.1802644,1.1757427,1.1759852,1.1812961,1.171116,1.173191,1.1726171,1.185973,1.1741958,1.1682591,1.1776831,1.1756519,1.174321,1.1754642,1.1654189,1.1794004,1.1812264,1.1712145,1.178455,1.1620749,1.1685858,1.1757759,1.171032,1.1706035,1.1687237,1.1749628,1.1726081,1.1680683,1.1789143,1.1691598,1.1848902,1.1679454,1.1659504,1.1706493,1.1770487,1.1789918,1.1750636,1.17284,1.1812882,1.1707736,1.1689914,1.1790699,1.1707609,1.1759093,1.176362,1.17319,1.1736406,1.1693772,1.1790209,1.1799719,1.1745461,1.1722056,1.1699694,1.1773021,1.1779473,1.1754609,1.175451,1.1737063,1.1690959,1.1777523,1.1790147,1.176307,1.1750914,1.1756749,1.1710352,1.1767727,1.17004,1.1719953,1.1739403,1.1688284,1.1721423,1.154949,1.1815569,1.1698672,1.1791501,1.1711063,1.1764758,1.1766822,1.1756117,1.1814548,1.174717,1.174115,1.1825292,1.1703936,1.1799538,1.1773772,1.1763215,1.1673481,1.1719679,1.1752553,1.1742339,1.1715201,1.1704286,1.1704606,1.1800188,1.175864,1.1692643,1.171005,1.1705037,1.1799068,1.1712809,1.1726294,1.1793213,1.1694293,1.1710869,1.168135,1.1747952,1.1681365,1.1768093,1.1773833,1.1670543,1.1684874,1.176331,1.1731846,1.1775138,1.1676526,1.1668767,1.1736585,1.1718487,1.1674684,1.1749839,1.1690501,1.1730385,1.1751792,1.1742452,1.1743691,1.1719327,1.179421,1.1736943,1.16632,1.1775339,1.1685985,1.1821669,1.1745268,1.1744498,1.1740699,1.1687584,1.1675497,1.1808739,1.1843548,1.1753386,1.1752334,1.1734526,1.1763808,1.1682994,1.1729808,1.174834,1.17431,1.1686963,1.1635162,1.1670798,1.1819856,1.1808506,1.1754175,1.1662964,1.1680706,1.1762444,1.1756601,1.179436,1.1779329,1.1669703,1.17078,1.1692688,1.1718291,1.1761316,1.1706116,1.1665745,1.1738204,1.1675171,1.1724725,1.1768538,1.1771822,1.1629747,1.1757859,1.1653811,1.1691701,1.1771036,1.1744484,1.1749659,1.1688905,1.1738255,1.1691233,1.1772573,1.1765289,1.1762959,1.1784345,1.1724366,1.1633229,1.1721728,1.1778109,1.1768342,1.1668173,1.1717107,1.1740152,1.1785201,1.1798888,1.1775157,1.1803029,1.1702428,1.1712596,1.1750324,1.1772661,1.1733614,1.1812717,1.1770458,1.186868,1.1794354,1.1716505,1.1716064,1.1735485,1.1717502,1.1781415,1.1740365,1.1774733,1.1646441,1.175263,1.1751438,1.1739584,1.1778468,1.172599,1.1707643,1.167402,1.1715566,1.1637253,1.1749806,1.1733109,1.1794211,1.1735059,1.1780291,1.1737819,1.1688812,1.182079,1.178838,1.1673551,1.1759102,1.1753919,1.1780342,1.1781534,1.1761417,1.1805924,1.1656674,1.18277,1.1751994,1.1734217,1.1775304,1.1654096,1.1703898,1.1679806,1.1779556,1.1730022,1.1716754,1.1745892,1.1737357,1.1746083,1.178013,1.167462,1.1813726,1.1721369,1.1757023,1.1770099,1.1707168,1.17057,1.1745371,1.1714387,1.1797744,1.1753348,1.177053,1.183849,1.1828349,1.1739573,1.17016,1.1713432,1.1772536,1.1731129,1.1755879,1.1773998,1.1712484,1.1645248,1.1729667,1.1762267,1.1749046,1.1788416,1.1649835,1.1706539,1.1748492,1.1788429,1.1767956,1.172522,1.1737103,1.1761565,1.1736978,1.1689287,1.1733669,1.1733801,1.1767309,1.1757656,1.1763077,1.1738337,1.1695583,1.1788826,1.1690573,1.1721168,1.1763012,1.1703845,1.1715522,1.1729689,1.1705883,1.1655886,1.1758808,1.1710219,1.1739185,1.1824799,1.174188,1.1731839,1.1763309,1.1723987,1.1749377,1.1784152,1.1764903,1.1785048,1.1705995,1.1788212,1.176383,1.1727304,1.171286,1.1703469,1.1705772,1.1814742,1.1721281,1.1718315,1.1733935,1.1597856,1.1772876,1.1719393,1.1763874,1.1752251,1.1734353,1.170776,1.1767901,1.1702982,1.1749992,1.1732063,1.172057,1.1745973,1.1738145,1.1727563,1.1707077,1.1731443,1.175602,1.1726264,1.1694827,1.1713748,1.1727653,1.1717403,1.1705498,1.182585,1.1764058,1.1753664,1.1771964,1.1742905,1.1737515,1.1757522,1.165079,1.175348,1.1781491,1.1769085,1.1712729,1.176065,1.1775076,1.174798,1.1782794,1.1748341,1.1784283,1.1650043,1.1740032,1.1722301,1.1624405,1.1743103,1.1719152,1.1714889,1.1682143,1.1733067,1.173581,1.1761336,1.1690347,1.1782304,1.1683605,1.1691325,1.1710145,1.1694708,1.1686902,1.1728626,1.1764191,1.171873,1.1696706,1.1724292,1.1723229,1.1718042,1.1694115,1.1718829,1.1729624,1.1725187,1.1761646,1.167978,1.1681256,1.180702,1.1762757,1.1636435,1.1700943,1.174457,1.1690725,1.1754282,1.1762525,1.1751543,1.1757754,1.178426,1.1760063,1.1715745,1.174975,1.1743696,1.1715374,1.1663641,1.1695856,1.1785381,1.1763339,1.1738329,1.1813651,1.1814216,1.1758894,1.1686242,1.1750149,1.1701716,1.1753136,1.172033,1.1722043,1.16847,1.1768576,1.175754,1.1740205,1.1694515,1.1693093,1.1652881,1.1734885,1.174542,1.1752338,1.1756395,1.1713477,1.1705475,1.1696956,1.1682366,1.1753331,1.1768547,1.1779075,1.1728855,1.1658945,1.1739349,1.1864159,1.171357,1.1860087,1.1705072,1.1743276,1.1750575,1.1756673,1.1722848,1.1707538,1.1705575,1.1723015,1.1730636,1.1766436,1.1720237,1.1749437,1.172933,1.176496,1.1831322,1.1737499,1.1680398,1.1627908,1.1738931,1.1754674,1.1811578,1.1658866,1.168745,1.1714172,1.1696529,1.1765046,1.1752235,1.1730729,1.1690649,1.1766092,1.1716553,1.1749973,1.1699963,1.1691954,1.1711593,1.1726621,1.1704365,1.1832395,1.1838961,1.1755245,1.1694881,1.1736699,1.1703392,1.167127,1.1769364,1.1751263,1.1768205,1.1754217,1.165831,1.170939,1.169231,1.1677377,1.1684245,1.1709815,1.1757073,1.167432,1.1707165,1.1766101,1.1743007,1.1751205,1.1769898,1.1763176,1.1846145,1.1731828,1.1694893,1.1702812,1.1684109,1.1751928,1.1778394,1.172384,1.1730632,1.1765119,1.1742748,1.1630847,1.1768925,1.1788576,1.1703521,1.1787488,1.1710749,1.1709082,1.1617391,1.1768183,1.1772511,1.1722947,1.1742047,1.16841,1.170744,1.1722385,1.179235
1.198623,1.1930231,1.1923305,1.201674,1.2022035,1.1992347,1.19075,1.1924287,1.1959932,1.1947128,1.2007943,1.1965107,1.1962259,1.1921555,1.1920543,1.1951863,1.1951897,1.1975787,1.1936829,1.2024063,1.1968675,1.2007309,1.1970996,1.20237,1.1981983,1.1970047,1.1964021,1.1969566,1.1937441,1.1928318,1.1966635,1.197616,1.195551,1.1953511,1.1923769,1.1964207,1.1942579,1.1918305,1.1947178,1.1953496,1.1971644,1.1976595,1.1974677,1.1951505,1.1976115,1.1997768,1.1972113,1.1999142,1.2016757,1.1973608,1.1928078,1.1948503,1.1896262,1.1878041,1.1916043,1.2001297,1.1904284,1.1962844,1.193556,1.1949674,1.197129,1.189884,1.1932646,1.191574,1.1991013,1.1957117,1.2017738,1.1892202,1.1939696,1.1984147,1.1948551,1.2020457,1.1996832,1.1974846,1.193642,1.1952813,1.1966902,1.1916213,1.1947931,1.1956241,1.2001044,1.2026064,1.1993409,1.1970023,1.1928109,1.2012081,1.1898702,1.1938437,1.1927689,1.1941588,1.1971961,1.1950477,1.1943982,1.1966282,1.1844332,1.1965642,1.1995387,1.2022991,1.1980542,1.1979955,1.1920127,1.1982161,1.1971297,1.2037239,1.1956395,1.1992362,1.2023284,1.2042599,1.1952994,1.1917065,1.193815,1.1916823,1.1950066,1.1930188,1.1987078,1.1993971,1.1964579,1.1900882,1.196898,1.198738,1.1972055,1.1984875,1.1927145,1.1976472,1.1953628,1.1917362,1.1951877,1.19464,1.197634,1.2017009,1.1980357,1.1929088,1.1966487,1.201398,1.1938392,1.1952543,1.1909829,1.1992577,1.1958508,1.1946081,1.2014209,1.1931894,1.1995788,1.1940192,1.1927689,1.2008954,1.2005693,1.1960421,1.1990314,1.1917698,1.1941748,1.2038225,1.200304,1.1972805,1.1947976,1.1990738,1.1924411,1.2004099,1.1942829,1.1976012,1.1960579,1.1991777,1.1953245,1.1951597,1.2018367,1.1969705,1.1986526,1.1992092,1.1963998,1.1924089,1.1989413,1.1926662,1.1932746,1.1967434,1.1919737,1.1970662,1.1960989,1.1977419,1.19238,1.1907909,1.194267,1.1944885,1.1862053,1.1891819,1.196146,1.1997354,1.1963596,1.2005941,1.1966321,1.2014624,1.2014374,1.1944698,1.200395,1.190191,1.1899564,1.1989363,1.1984521,1.1972759,1.2005651,1.1956644,1.1947451,1.1902387,1.1994854,1.1976624,1.1981789,1.1953177,1.2043661,1.1976007,1.2013272,1.1985852,1.1947839,1.1983138,1.1990604,1.1983095,1.1962948,1.193291,1.197227,1.194932,1.1967117,1.1941779,1.1970385,1.2007555,1.1940142,1.1903608,1.2028704,1.1963873,1.1955068,1.197875,1.1960686,1.2018895,1.1919786,1.1933304,1.1965172,1.1881886,1.1889653,1.1995783,1.1869293,1.2040659,1.1950114,1.195498,1.2014613,1.1986964,1.1969339,1.1972961,1.2003623,1.2002695,1.1983298,1.1970261,1.1907575,1.1931493,1.1978801,1.198768,1.1957836,1.1988503,1.1989774,1.1976175,1.2020983,1.1964492,1.191705,1.1997178,1.1954324,1.195957,1.2036601,1.1945322,1.1977196,1.2019627,1.1911607,1.1964257,1.2007272,1.1959609,1.1942139,1.1992838,1.195068,1.2003194,1.194616,1.1977051,1.2008319,1.1976565,1.1971514,1.1988212,1.1931552,1.1866274,1.190714,1.1996132,1.1958985,1.1866167,1.2025741,1.1954986,1.1954242,1.1964755,1.1912903,1.196582,1.1982206,1.2009709,1.1981144,1.195837,1.1955558,1.1960034,1.1980586,1.2012101,1.1925768,1.1972377,1.2002068,1.1955721,1.1920339,1.1934588,1.1994046,1.195554,1.1916602,1.2001923,1.1999469,1.2010286,1.1925434,1.2038823,1.1945605,1.1974447,1.1970733,1.189564,1.2006639,1.1964061,1.1995279,1.2042909,1.1981529,1.1947726,1.1959754,1.1964505,1.1966573,1.1909722,1.193721,1.1818248,1.2002425,1.2027515,1.1930209,1.195091,1.1972867,1.1961651,1.1942312,1.1989378,1.195533,1.1918492,1.1945467,1.2008615,1.1974487,1.2024184,1.1968148,1.2014679,1.1940086,1.1982262,1.1891514,1.1930852,1.186129,1.2019202,1.1929319,1.1916679,1.2015828,1.1983459,1.198586,1.200602,1.1990263,1.2004626,1.1866075,1.1946286,1.1944427,1.1946384,1.1985191,1.1972767,1.2000581,1.198612,1.1992092,1.1923046,1.1956724,1.1923608,1.193357,1.1919866,1.195509,1.1978503,1.2017097,1.1938978,1.1942146,1.2036633,1.201321,1.1939389,1.1971691,1.196499,1.2007535,1.2021929,1.1927823,1.1991748,1.1969992,1.1952876,1.1988776,1.2013978,1.1950763,1.1979153,1.1961713,1.1860828,1.1919736,1.2003876,1.1977532,1.1943394,1.2064606,1.2039326,1.1971365,1.191962,1.1969141,1.1925374,1.200315,1.1942306,1.1950471,1.1968374,1.1980703,1.1995167,1.1912732,1.1931381,1.1952473,1.1924629,1.1935507,1.1940747,1.2028444,1.2003039,1.1969707,1.1956149,1.1998215,1.1981376,1.1953151,1.194349,1.1900228,1.1951327,1.1934485,1.1932491,1.1963439,1.1992226,1.2018764,1.1987078,1.1941411,1.1940981,1.1906947,1.1905131,1.199006,1.1974845,1.1909693,1.1983325,1.1957277,1.2048439,1.203456,1.1980646,1.2011722,1.1937689,1.1955763,1.1990427,1.196255,1.1982034,1.2009676,1.1927426,1.2002461,1.2012856,1.193026,1.1964695,1.1950622,1.2038896,1.1933893,1.1956741,1.1939658,1.1969675,1.1955082,1.1962079,1.1970662,1.1962843,1.1964543,1.1936249,1.1893184,1.193081,1.1910645,1.1990525,1.1996189,1.1997774,1.1880325,1.1938366,1.1918916,1.1983237,1.1960638,1.1927831,1.1976972,1.1969508,1.199707,1.1908983,1.195138,1.1975596,1.2006934,1.1960263,1.1882687,1.1931697,1.1917644,1.1927959,1.1984316,1.1934547,1.1934243,1.2003144,1.1931529,1.1951689,1.1889212,1.1969424,1.1993275,1.2008853,1.1942011,1.2058599,1.1975726,1.1995509,1.1974407,1.1960363,1.195119,1.1964096,1.2018479,1.199704,1.1989115,1.1928157,1.1937331,1.195478,1.1961435,1.1977714,1.1954591,1.1964074,1.1973418,1.1939133,1.1968638,1.1963352,1.1963288,1.1969503,1.1975119,1.1958681,1.195418,1.1986156,1.200279,1.197735,1.197283,1.201132,1.1988027,1.1937935,1.190289,1.1923193,1.1979153,1.1939275,1.1907916,1.2004706,1.1972061,1.1959125,1.1964164,1.1916345,1.2008659,1.2018358,1.1983399,1.201594,1.196559,1.1953683,1.1989785,1.1924254,1.1911333,1.1931207,1.1891763,1.2009894,1.1899447,1.1927104,1.1897476,1.1956613,1.20367,1.194676,1.1980402,1.1942735,1.1971672,1.2019602,1.1843758,1.1950245,1.1938945,1.202702,1.1990933,1.1972637,1.1976146,1.1956007,1.1916935,1.1938615,1.197528,1.1940299,1.1910739,1.1981025,1.1995788,1.1978005,1.1929886,1.1950804,1.195261,1.201053,1.1972791,1.1952401,1.1978811,1.1913595,1.1932358,1.1971548,1.2028888,1.197446,1.2014586,1.1947097,1.1952128,1.1944565,1.1945211,1.1967884,1.1971276,1.2002429,1.1953574,1.1914932,1.1969193,1.196846,1.1905161,1.1909937,1.1970987,1.1960669,1.2008079,1.1968803,1.1956877,1.1948105,1.1978065,1.1988535,1.1996571,1.1995661,1.1959119,1.1976504,1.2009431,1.1963972,1.2030209,1.1960604,1.191596,1.2033384,1.1970189,1.200671,1.1946598,1.1929666,1.1949694,1.1881975,1.1994076,1.1926453,1.2019788,1.1967902,1.2051607,1.1928309,1.2045033,1.1937274,1.1911851,1.191909,1.1943468,1.1953527,1.198973,1.1921166,1.1981629,1.1949514,1.1956179,1.195915,1.1973702,1.188985,1.2019056,1.1998565,1.1919363,1.2019345,1.197786,1.1918141,1.1952597,1.2002926,1.2004447,1.1965214,1.1978328,1.1961796,1.1997274,1.1981118,1.200766,1.2028056,1.1907654,1.2016536,1.1971557,1.190965,1.1928698,1.1963806,1.1959004,1.1984066,1.1918966,1.1991937,1.1974705,1.1933767,1.194813,1.1965121,1.1961743,1.1955471,1.198241,1.1938311,1.197936,1.1902052,1.1924208,1.2011694,1.1924363,1.1963936,1.195255,1.196014,1.1963044,1.194805,1.196144,1.194746,1.1925894,1.1994913,1.1939343,1.197839,1.1959809,1.1964606,1.197866,1.1878332,1.1998425,1.1914374,1.198702,1.1898227,1.1946328,1.1898016,1.1963981,1.2029116,1.1967419,1.1996778,1.1919857,1.1997632,1.1958245,1.1969062,1.1920629,1.1974936,1.202517,1.193961,1.1977154,1.2003468,1.1883866,1.1945126,1.1977102,1.1982514,1.2010868,1.1948845,1.1940933,1.2005208,1.1949569,1.1955638,1.2023267,1.1965712,1.1910951,1.2004657,1.2008656,1.2051449,1.1965965,1.2028285,1.1949542,1.1976268,1.1993557,1.1960629,1.1944989,1.1960635,1.1958604,1.2004644,1.2012175,1.1970516,1.2010083,1.1974314,1.1955094,1.1938592,1.1945515,1.1982443,1.1954304,1.1979654,1.1902772,1.1989983,1.1932029,1.2014757,1.196223,1.1980551,1.1943897,1.1958252,1.1953183,1.1978147,1.1933886,1.1990862,1.1957636,1.1982147,1.1970469,1.1877352,1.1996121,1.1985276,1.1910819,1.199788,1.1996392,1.188527,1.1973559,1.1914086,1.1942128,1.196149,1.1961356,1.196073,1.2005317,1.1949832,1.2042829,1.1942025,1.2002205,1.192285,1.2019691,1.2040699,1.1937515,1.1952078,1.1995126,1.2013148,1.1974549,1.1962823,1.1941099,1.201364,1.1933755,1.1855603,1.1928374,1.1937152,1.1913484,1.1954268,1.1989044,1.1942031,1.1897923,1.192899,1.1961229,1.1993673,1.193162,1.1983252,1.1934981,1.1963079,1.1942632,1.197067,1.1967952,1.2043568,1.2019366,1.2017758,1.1956605,1.202187,1.1970863,1.1969278,1.1955018,1.1935935,1.1933739,1.1890957,1.1959637,1.2014624,1.1942257,1.2013365,1.1973486,1.1934838,1.196116,1.1913004,1.196118,1.1947135,1.1947304,1.2044251,1.1961614,1.195342,1.1939679,1.1948384,1.1973273,1.19857,1.1957202,1.1970626,1.1967623,1.1997985,1.1973308,1.195642,1.2029475,1.2026532,1.1961421,1.196377,1.1987511,1.1930668,1.2025186,1.19705,1.1941485,1.1962321,1.1983029,1.1974094,1.1962008,1.2042888,1.1951201,1.202495,1.190666,1.19126,1.1952109,1.1927553,1.198904,1.1942135,1.2004198,1.200432,1.1943383,1.1993469,1.1926662,1.1937879,1.1940227,1.2054954,1.2000191,1.2011383,1.2006657,1.1959816,1.1977572,1.1983988,1.2020738,1.2017715,1.1953416,1.195211,1.190215,1.199665,1.1985646,1.1998127,1.1958617,1.1933205,1.1986552,1.1946182,1.203399,1.195911,1.2013892,1.2021613,1.1959214,1.1980625,1.2010837,1.1946187,1.1962904,1.18938,1.2005373,1.1971173,1.1946099,1.1906531,1.2031338,1.1927482,1.1975898,1.2011222,1.1953567,1.199386,1.1993959,1.2006055,1.1971173,1.1902881,1.1932153,1.1951524,1.1909878,1.2059264,1.2007084,1.1899543,1.1954626,1.1963487,1.1950449,1.1930264,1.1989499,1.1918311,1.1948686,1.1875799,1.2011056,1.1958568,1.1930606,1.1981392,1.196699,1.1963683,1.1962866,1.1963439,1.1975131,1.194685,1.1969223,1.1982455,1.197826,1.1995494,1.1959647,1.2004366,1.2010729,1.1881424,1.2060487,1.1934955,1.1954458,1.2019044,1.1990688,1.2024931,1.1895909,1.1976105,1.1948891,1.1977992,1.1952589,1.199017,1.1940992,1.1960013,1.1964829,1.2020189,1.2006682,1.1953167,1.1997921,1.1977015,1.1930412,1.1932881,1.1958925,1.1945668,1.1964979,1.1957101,1.1959717,1.2014478,1.1971166,1.1985137,1.2001826,1.1982468
0.18143947,0.17999367,0.18133768,0.17371337,0.17168832,0.18030794,0.18094675,0.18566048,0.18388604,0.18276884,0.17851093,0.18142813,0.18197936,0.18437941,0.18700288,0.18032579,0.18175423,0.18207555,0.1826807,0.17650846,0.18275268,0.18411073,0.1834334,0.17821026,0.18157567,0.18089223,0.18120778,0.1841092,0.18726669,0.17986879,0.17931804,0.18269163,0.18608506,0.18929558,0.18264146,0.1853042,0.1817998,0.1869522,0.18097825,0.1827229,0.1831799,0.17432415,0.18589854,0.17726523,0.18867965,0.18072674,0.17494911,0.18030205,0.18312381,0.18224385,0.17996873,0.180244,0.17887726,0.18663746,0.18815824,0.18108884,0.17915675,0.18283248,0.18431018,0.17950055,0.18195766,0.18088147,0.18659762,0.19115762,0.1699716,0.17509663,0.1841989,0.18075205,0.17695157,0.18325232,0.18731983,0.17697082,0.17594084,0.18333133,0.18709125,0.1790008,0.18269713,0.18108605,0.17521694,0.1805223,0.17903695,0.18860179,0.18291108,0.18805806,0.18811616,0.18104196,0.18132858,0.1765357,0.18122002,0.17979817,0.17652999,0.18052086,0.18461452,0.18535995,0.1863035,0.18637633,0.18403073,0.17913547,0.18713458,0.18313782,0.1809943,0.18142232,0.17941372,0.17724092,0.18591875,0.17537223,0.17536786,0.17579302,0.18435958,0.19127223,0.18573989,0.18883944,0.19060858,0.1833682,0.18742712,0.17957895,0.18310818,0.18470696,0.17942497,0.18779393,0.17454484,0.17700401,0.17656557,0.1838828,0.18968019,0.17748569,0.1836436,0.1775452,0.17572851,0.1888918,0.18474077,0.18173775,0.18191713,0.17831755,0.18292303,0.18049648,0.1832173,0.18036807,0.1792574,0.19034307,0.18014504,0.18004021,0.17955121,0.17926753,0.18272108,0.17434847,0.176649,0.17500024,0.18315792,0.18353921,0.18307564,0.17501946,0.18015964,0.17764303,0.18492922,0.17597216,0.17994817,0.18343464,0.18377984,0.18110158,0.18746078,0.1733883,0.18203482,0.17872746,0.17890549,0.18180123,0.17473808,0.18800114,0.18244046,0.185347,0.18668991,0.17713296,0.18254703,0.17693648,0.17911607,0.18315397,0.18031713,0.18553987,0.17675216,0.17893817,0.18859158,0.18566608,0.18275481,0.18652003,0.18347505,0.18008891,0.17867161,0.1858854,0.18357635,0.17898017,0.184542,0.18053317,0.18376288,0.18434143,0.1804755,0.18279935,0.18577017,0.1808907,0.17939225,0.1837666,0.1793571,0.17993867,0.17513901,0.17598061,0.18319112,0.17613187,0.1826576,0.1818504,0.17866717,0.18027045,0.17845215,0.17889434,0.18339697,0.18011233,0.18134479,0.17490925,0.18827935,0.1818273,0.18246102,0.18003193,0.18646568,0.1773265,0.17606495,0.18292144,0.1798017,0.18696144,0.1866175,0.18452856,0.18587983,0.18501076,0.18327008,0.18464136,0.18212959,0.18703094,0.19107267,0.17771137,0.18527561,0.1821086,0.18209854,0.18249026,0.17876855,0.18591855,0.1765972,0.17956316,0.18357648,0.18606693,0.18624467,0.18102168,0.1796525,0.18401393,0.17512293,0.18021242,0.18048716,0.16977015,0.17930733,0.18471088,0.17828195,0.17638695,0.17611454,0.18139306,0.17079242,0.18204744,0.18832995,0.18512332,0.178545,0.17746626,0.17841241,0.17755759,0.18038337,0.18069817,0.18622312,0.18401523,0.18260822,0.17713381,0.18549891,0.18438056,0.18307662,0.18265896,0.17245758,0.17753087,0.18894552,0.18440466,0.18200245,0.18507645,0.17798002,0.17723434,0.18426524,0.18229333,0.1829658,0.18213116,0.17612273,0.17551982,0.17979702,0.1918306,0.18336217,0.17945957,0.17985569,0.17837366,0.18721135,0.18289419,0.18048836,0.17963244,0.18343598,0.18530738,0.18069705,0.18049088,0.1797907,0.18414903,0.18612503,0.17221919,0.1801445,0.17688663,0.17878734,0.17656419,0.18478827,0.17636254,0.18343373,0.18603268,0.18513866,0.17908277,0.17652915,0.17682616,0.18230161,0.18278788,0.18264675,0.17662928,0.18735148,0.18382032,0.18258023,0.1792284,0.18266375,0.18459369,0.18674566,0.18797794,0.18660662,0.17818509,0.18850955,0.18138911,0.18505774,0.17516564,0.17748556,0.17965351,0.18379988,0.17371747,0.17695628,0.18560821,0.17611733,0.17501615,0.18478014,0.17735349,0.1853946,0.17863823,0.17654538,0.17998303,0.186337,0.18224864,0.18507838,0.17548037,0.18741941,0.18261893,0.18747586,0.17968938,0.18559352,0.17941885,0.18495575,0.18671837,0.18088903,0.18656904,0.1757229,0.17824134,0.18504433,0.1854412,0.18701819,0.18276133,0.1800812,0.18535326,0.18280521,0.18301669,0.18388158,0.18055917,0.17932138,0.18821959,0.18923122,0.17778383,0.17606553,0.17939816,0.17984737,0.18240048,0.18307382,0.18798009,0.18374506,0.17840293,0.18585417,0.18391556,0.18074495,0.1743873,0.18597111,0.18435463,0.18376143,0.18225358,0.17737146,0.18099728,0.18225613,0.18330702,0.18183179,0.17904009,0.18269727,0.18265167,0.17869432,0.18223947,0.18008505,0.17581818,0.18746886,0.1833685,0.18208764,0.18646851,0.17953727,0.1789492,0.17284042,0.18604663,0.18673563,0.17468204,0.18380563,0.18020616,0.18156342,0.17765707,0.1755135,0.18472703,0.18609919,0.18335874,0.18287848,0.18316957,0.17728916,0.18574299,0.18304828,0.18748806,0.18606141,0.17903784,0.18763171,0.18198171,0.18456945,0.17104234,0.17892379,0.18387872,0.18445955,0.18753973,0.17398669,0.17546861,0.17859012,0.17515191,0.17795269,0.18267561,0.18896475,0.18216446,0.18347976,0.18132412,0.17270507,0.1834801,0.1840721,0.17816567,0.1826935,0.18627788,0.18597727,0.19164948,0.18640243,0.1773414,0.18505548,0.18352064,0.18483996,0.18822476,0.17869996,0.18270667,0.17806411,0.1756016,0.17547557,0.18137564,0.17934538,0.17979848,0.17742833,0.17898336,0.19111764,0.18159036,0.1821634,0.18875799,0.17386933,0.18603356,0.17890438,0.18427207,0.18078789,0.18202272,0.18626939,0.18126592,0.17442004,0.18544959,0.18479562,0.18462592,0.18392825,0.17820421,0.18271418,0.18330662,0.18663219,0.18341416,0.18267179,0.18004474,0.17615308,0.18658827,0.17784363,0.17983095,0.17781699,0.1835953,0.18041085,0.18618459,0.17925346,0.1755996,0.1871963,0.17816839,0.17941058,0.18547681,0.18111359,0.18151762,0.18527931,0.1814841,0.17948912,0.18582225,0.18605173,0.18133798,0.17868105,0.19050254,0.18176809,0.1819985,0.18174063,0.19088364,0.18968543,0.18671669,0.18480487,0.18217783,0.18057671,0.17442991,0.1817669,0.18417595,0.18411574,0.1827403,0.1811463,0.18479781,0.17970532,0.18318881,0.1883404,0.18271543,0.18369955,0.18102278,0.17922033,0.18137845,0.18313178,0.18235731,0.17674178,0.18662141,0.17976855,0.17467853,0.18479821,0.17960407,0.18661849,0.18280052,0.18470769,0.17958695,0.18372193,0.18292835,0.1820711,0.18333937,0.17860496,0.18333343,0.18970773,0.18183464,0.18189986,0.1852583,0.17557101,0.17771709,0.18299675,0.18250714,0.17693077,0.18086135,0.18388359,0.1731388,0.18105525,0.18238418,0.18712725,0.17966475,0.18937153,0.17808974,0.18329747,0.17963997,0.18454708,0.1828232,0.18185928,0.18112597,0.18222481,0.17796883,0.17299551,0.18517265,0.18497936,0.1781193,0.17670941,0.17756148,0.17682141,0.18295676,0.18051572,0.18566118,0.18658897,0.18126151,0.19007662,0.18739918,0.18641394,0.18027368,0.17798664,0.18319348,0.18460633,0.18407056,0.17953171,0.17626877,0.18183345,0.18167923,0.18255372,0.1760381,0.18553649,0.18658085,0.18128327,0.18145822,0.1825832,0.18083195,0.17858584,0.18186046,0.18809529,0.18563388,0.1803352,0.18671104,0.18478823,0.18713976,0.18146272,0.17620854,0.18538262,0.1775748,0.18242323,0.18041924,0.17185557,0.18178497,0.18364167,0.18085173,0.179916,0.18609591,0.18467279,0.1878012,0.18268374,0.18233313,0.1809041,0.1809705,0.18054898,0.17772536,0.18010704,0.18060923,0.18112774,0.18136829,0.18054873,0.18214458,0.17880271,0.18253915,0.17922345,0.18019906,0.185155,0.17889585,0.18211788,0.18768822,0.18002927,0.17762701,0.1799774,0.18318602,0.17605035,0.18607025,0.17907931,0.17873354,0.18269828,0.18186308,0.18592976,0.17903954,0.1825817,0.18827307,0.18551813,0.18223216,0.18137524,0.18461253,0.1842805,0.17864251,0.18706517,0.18339267,0.18538679,0.18264712,0.184388,0.18055964,0.18440409,0.18336003,0.18051048,0.18227758,0.18222003,0.18035339,0.17998318,0.18479419,0.17918375,0.18914951,0.18460488,0.18584059,0.18522803,0.1772364,0.17748828,0.1874052,0.17850716,0.18418095,0.17864463,0.18335146,0.1851224,0.18262693,0.18539512,0.18616174,0.17703012,0.1791378,0.1748936,0.18102099,0.18385583,0.1782209,0.18676919,0.18466218,0.17861539,0.18157502,0.18457636,0.18581334,0.1855,0.1843509,0.18261519,0.1852745,0.18128408,0.19385765,0.18146788,0.17926955,0.18294685,0.18161626,0.17990603,0.17719522,0.1866626,0.17836379,0.1803379,0.18375763,0.18692684,0.17541707,0.18205057,0.18462166,0.17764905,0.1750793,0.1752177,0.17520776,0.17838645,0.1766013,0.18142733,0.18655296,0.18242982,0.1878615,0.18126331,0.18299146,0.18141538,0.17752658,0.1812315,0.17919396,0.1799571,0.18281235,0.18187104,0.18705265,0.18421681,0.1808785,0.17704129,0.18012287,0.18945473,0.18126239,0.18086821,0.18469103,0.18266612,0.1879639,0.18241008,0.17869855,0.19009547,0.17653222,0.1804099,0.1887388,0.18276049,0.18680826,0.18252653,0.18060699,0.18102406,0.18257114,0.18501028,0.18503927,0.17738768,0.18534458,0.18638098,0.18194003,0.18225831,0.17649427,0.18349262,0.18200481,0.1805869,0.18057565,0.17868786,0.1840803,0.18137033,0.18072239,0.17881271,0.18003286,0.17975138,0.18209223,0.17998046,0.17845827,0.18078272,0.18778774,0.17974289,0.18210408,0.17660014,0.1790791,0.18431288,0.18013084,0.184493,0.18085104,0.17855032,0.18409574,0.18030995,0.17220381,0.18252952,0.17938323,0.18319558,0.18208349,0.18081012,0.18036371,0.18659568,0.18110782,0.18464257,0.17771119,0.18395501,0.1718181,0.18428338,0.18359113,0.18782972,0.18596993,0.18014596,0.17941326,0.17752387,0.17851818,0.17207438,0.17949031,0.18587388,0.1829438,0.18342474,0.18403186,0.1767921,0.17816095,0.18078059,0.18249601,0.1815572,0.1798477,0.1830529,0.18314707,0.18536738,0.17843452,0.18118393,0.17871988,0.17970449,0.17648739,0.18268128,0.18193308,0.17828369,0.17620547,0.17971456,0.18479067,0.18489942,0.18343227,0.18063216,0.18597844,0.17904235,0.18444565,0.18599331,0.17990837,0.17922206,0.19027248,0.17581137,0.18248232,0.17940731,0.17275017,0.18228164,0.18304595,0.18339334,0.17717876,0.18187922,0.18665282,0.17867449,0.18322447,0.17451505,0.18294938,0.18165372,0.17778318,0.18517412,0.18623862,0.18486121,0.17654322,0.17326702,0.1795799,0.18378988,0.18030983,0.18147342,0.17718555,0.1762087,0.1864884,0.17678331,0.17550722,0.17798856,0.17612594,0.18591352,0.18155843,0.18097161,0.18630946,0.17821935,0.18005957,0.182059,0.1731869,0.17902663,0.18029675,0.18351215,0.17609204,0.17876562,0.18573955,0.18543388,0.17944318,0.18310986,0.17510659,0.17814071,0.17965795,0.17582414,0.17690654,0.18155336,0.18341899,0.1789105,0.17461357,0.17720374,0.17863719,0.18587463,0.18130916,0.1796677,0.17661266,0.186703,0.17810042,0.18049209,0.18914898,0.18767782,0.18414661,0.18765582,0.18102579,0.1720616,0.18157366,0.17927685,0.17996275,0.18314911,0.18465133,0.18256605,0.18779668,0.18362233,0.1884338,0.18476489,0.18273722,0.17888796,0.18320507,0.18038742,0.18466207,0.176562,0.175622,0.17633165,0.17909124,0.18368252,0.1823285,0.18357922,0.18450512,0.1827157,0.18444178,0.17553812,0.177617,0.18319544,0.18373041,0.1802859,0.18375355,0.17950058,0.18310332,0.17500208,0.18747546,0.18201624,0.1818343,0.17277393,0.18294127,0.18260635,0.17877528
