0.3955403,0.395918,0.39692277,0.40357485,0.39577925,0.39887553,0.39726835,0.39297438,0.39734206,0.4072685,0.39350775,0.39941987,0.41123334,0.39901888,0.3986913,0.40926218,0.40056285,0.41268104,0.40249977,0.40283227,0.41016746,0.4012642,0.39854088,0.39674369,0.4021495,0.39728063,0.3909219,0.40269858,0.40294456,0.40720716,0.3985952,0.39969203,0.40467334,0.40055245,0.40087512,0.3990833,0.39883658,0.4038741,0.40694156,0.3978456,0.4028014,0.39602768,0.39244923,0.3972049,0.3942524,0.40845495,0.402739,0.4041731,0.4006909,0.40308708,0.39587522,0.40054238,0.40455225,0.39682567,0.40490636,0.39554504,0.39963377,0.39710492,0.40806353,0.40497825,0.4009901,0.39497626,0.40319085,0.39485574,0.392274,0.3978992,0.40383247,0.3989265,0.40349647,0.40177345,0.39661944,0.404207,0.39930576,0.39635515,0.40749496,0.4042085,0.39799586,0.40190172,0.39873594,0.39846465,0.39831933,0.40536082,0.41702482,0.40519753,0.3984583,0.40128478,0.40059668,0.39284128,0.4071617,0.3964181,0.3962923,0.39505446,0.3980929,0.39556086,0.4013719,0.40038496,0.39033124,0.4005019,0.39991814,0.40620887,0.39416766,0.3973095,0.4062315,0.40005952,0.40242508,0.40402788,0.4050226,0.4029876,0.39601222,0.39901742,0.4072867,0.39861897,0.40586525,0.410044,0.39882705,0.40451455,0.4001273,0.4071136,0.4015224,0.39607057,0.39737216,0.40524277,0.40080044,0.39845106,0.40438992,0.40459678,0.3909414,0.39705247,0.39781603,0.40490803,0.3884416,0.40159318,0.39633334,0.40362734,0.39767915,0.4104435,0.40167636,0.39629233,0.3929579,0.40919623,0.38996673,0.40184015,0.4035416,0.4015163,0.39028594,0.3965783,0.40777835,0.40203297,0.39779323,0.39743403,0.3908816,0.4014505,0.3953897,0.40540418,0.3965821,0.39771283,0.4021669,0.39920497,0.40513155,0.4028606,0.39471766,0.4022202,0.39487332,0.39551246,0.3972326,0.39051145,0.40839192,0.39960974,0.40537223,0.398499,0.40354642,0.3919221,0.39555487,0.39739764,0.40382344,0.39437532,0.3994589,0.39295894,0.39988253,0.39306623,0.41574755,0.3894076,0.39802894,0.40073276,0.40012002,0.39916503,0.40028104,0.399494,0.39780232,0.3978305,0.40519142,0.4007846,0.4063419,0.39640424,0.39745548,0.3985866,0.40315872,0.40317944,0.3982558,0.39448982,0.39968157,0.39317653,0.39416623,0.39762637,0.4059108,0.40432206,0.39793926,0.3969632,0.40600783,0.403196,0.3996682,0.3901409,0.40147185,0.40253115,0.39897677,0.41617054,0.40437117,0.4060027,0.39954138,0.39855918,0.40396467,0.3990282,0.39995447,0.4008841,0.39776486,0.40319422,0.39947614,0.39620435,0.40444592,0.39741534,0.40751773,0.4076017,0.40025297,0.40402773,0.39595017,0.398726,0.40480438,0.39579442,0.40142533,0.4041762,0.40779874,0.39902622,0.39829555,0.3907783,0.40681887,0.3953457,0.39533037,0.39718357,0.3982964,0.3997435,0.40367487,0.40618855,0.40340212,0.3939781,0.3990274,0.40096787,0.40508977,0.39690766,0.40145198,0.40030786,0.3974304,0.39640135,0.40243018,0.39996207,0.4042221,0.39502767,0.39338082,0.40374523,0.3979011,0.38858205,0.40640628,0.40650487,0.40713838,0.40374857,0.39325875,0.39346692,0.40777695,0.39643395,0.4032635,0.40447447,0.40251967,0.39714795,0.4040239,0.39828002,0.40474692,0.39467925,0.40707076,0.4064772,0.39761707,0.39938104,0.40635744,0.40839615,0.40042624,0.40050706,0.4036101,0.407593,0.40507835,0.39841062,0.4023124,0.40259132,0.401025,0.4033077,0.4017067,0.40573695,0.39936155,0.38987917,0.39962044,0.39334455,0.4044353,0.39411822,0.40432897,0.4036333,0.3946114,0.39845863,0.40113,0.39644974,0.403261,0.40442577,0.40049568,0.399651,0.40279397,0.39784327,0.39198333,0.40751275,0.3954197,0.41197994,0.4034547,0.40840346,0.40016317,0.40477276,0.40075052,0.3961603,0.40261915,0.40141362,0.40512216,0.3930294,0.39512244,0.40637788,0.40524095,0.39716685,0.3969228,0.3988919,0.40356687,0.40713263,0.40135992,0.39557546,0.39810547,0.4057122,0.405512,0.40182245,0.4009666,0.40399638,0.39306527,0.39227474,0.40531325,0.39922568,0.40288574,0.40615714,0.39779443,0.3894339,0.40820274,0.40230152,0.40896097,0.3996314,0.39722294,0.40414923,0.40047947,0.40997195,0.40718806,0.39811736,0.39427015,0.39892045,0.3995616,0.3975067,0.39731416,0.4009341,0.4052368,0.39419714,0.39216006,0.39503083,0.4041521,0.40471736,0.39743882,0.4052655,0.4011934,0.39089352,0.40470207,0.4018974,0.39969403,0.39495218,0.39625603,0.3980677,0.39973763,0.40493006,0.40317324,0.39794943,0.40593675,0.40517217,0.39916846,0.38756037,0.3961639,0.3996568,0.3965193,0.39658013,0.40711612,0.4027372,0.40321758,0.40059662,0.40695757,0.40001205,0.39349765,0.39937776,0.39632663,0.40092397,0.40082812,0.40011573,0.40732056,0.39533702,0.39556962,0.40403754,0.39584145,0.4036357,0.39935443,0.40455458,0.40368024,0.40659168,0.39907536,0.39538434,0.4005712,0.40047032,0.40253386,0.4038603,0.39710417,0.4025706,0.4010909,0.40207458,0.3978606,0.41136545,0.3969616,0.39264584,0.39609355,0.4007544,0.3925418,0.3982849,0.3941182,0.3995279,0.39788535,0.40598527,0.39925164,0.3988246,0.391788,0.39683262,0.3915376,0.40181535,0.4073998,0.3967721,0.40567553,0.40309587,0.40091982,0.39688966,0.39381143,0.40807515,0.39672357,0.3965161,0.40050113,0.39955837,0.39633948,0.3972869,0.4063312,0.40721425,0.39652252,0.40351403,0.39606985,0.40360644,0.39800054,0.39693546,0.40601292,0.4078192,0.40330255,0.40380096,0.40123746,0.39818394,0.40675786,0.40159184,0.39305723,0.39612004,0.39874175,0.39803314,0.39239526,0.4063124,0.4020748,0.39917877,0.3919343,0.40266827,0.40324682,0.40323934,0.39962873,0.39767155,0.39780504,0.3965906,0.3968325,0.39516813,0.39310363,0.39701876,0.40850604,0.39816174,0.40826994,0.40803376,0.4041573,0.40293348,0.39873073,0.40301034,0.4045084,0.3952361,0.3960546,0.39906377,0.40436023,0.40154856,0.39409894,0.40005958,0.40126413,0.40444514,0.39941376,0.40243268,0.3984563,0.40205184,0.39742962,0.39701757,0.39798993,0.4003671,0.40139914,0.40072998,0.3968049,0.39821053,0.40016213,0.39468238,0.3904804,0.40994298,0.3986408,0.40771458,0.4050104,0.40435326,0.40498915,0.40670103,0.40326542,0.39954668,0.4094951,0.38918132,0.39719826,0.391255,0.40279624,0.39251295,0.397543,0.39563376,0.4037442,0.40415972,0.40051788,0.39350665,0.40163845,0.39642638,0.40576446,0.39697117,0.39734972,0.40020597,0.3942466,0.40304607,0.3929128,0.39763528,0.39931682,0.3967218,0.40800163,0.39567825,0.397471,0.40051004,0.3979061,0.38871598,0.40145501,0.40053564,0.3832584,0.39512905,0.39399317,0.39758855,0.39710745,0.39793363,0.39217404,0.40225795,0.40070346,0.3910372,0.39889804,0.3994273,0.40869418,0.40434203,0.39236033,0.40320504,0.39324746,0.4002286,0.39551705,0.4045426,0.4009209,0.3960268,0.39762467,0.40318784,0.40705058,0.40325713,0.39595988,0.39965352,0.3937287,0.3959108,0.39084616,0.39881992,0.39502534,0.40461588,0.41398555,0.4014602,0.39335397,0.3958462,0.39698818,0.40438187,0.39878556,0.3969392,0.39758357,0.40948525,0.38906115,0.38969222,0.39307454,0.39280352,0.40108865,0.40418065,0.39575455,0.40042886,0.40317798,0.39836797,0.4006916,0.40258944,0.40048477,0.3926381,0.40074444,0.40060976,0.39618275,0.39779365,0.390024,0.4165947,0.39375395,0.39922875,0.39823142,0.4060799,0.39104223,0.4008437,0.38962367,0.4030223,0.39422697,0.39512762,0.40109506,0.40123117,0.39003345,0.39828146,0.39824113,0.39944735,0.4009579,0.3963468,0.397856,0.39834478,0.4007476,0.40407804,0.39932108,0.39512902,0.40603942,0.4008655,0.40260386,0.39407787,0.4068548,0.38641116,0.4151709,0.3963656,0.3998296,0.3979185,0.4127821,0.40089813,0.3957884,0.39747876,0.40039778,0.38860843,0.41231194,0.4014186,0.39392906,0.39432222,0.39667082,0.3978364,0.39940995,0.39720455,0.40248188,0.39618155,0.40623036,0.39881986,0.4027003,0.40206793,0.40128043,0.39439854,0.4034832,0.4069678,0.39496106,0.39820924,0.39955667,0.3966286,0.3912652,0.3978747,0.40474942,0.4015193,0.39489827,0.40416047,0.3924282,0.38959348,0.40020388,0.40672848,0.40706334,0.39379415,0.39609098,0.40715152,0.40129974,0.40204766,0.4079809,0.4000663,0.410282,0.40499055,0.40259305,0.40128323,0.39535803,0.39107883,0.40081513,0.39570302,0.39584196,0.39585242,0.4044729,0.40969986,0.39643282,0.3918459,0.38667393,0.39323545,0.39416382,0.40700594,0.39689004,0.4020833,0.4039493,0.40598023,0.39526552,0.39507034,0.39766127,0.40070307,0.4014843,0.3992405,0.40820754,0.40210354,0.39774936,0.40282533,0.40106997,0.40322024,0.39562652,0.39596742,0.4106062,0.40478235,0.39418203,0.3943748,0.40256613,0.4005529,0.40721568,0.4026613,0.3966185,0.3999795,0.39734772,0.39990985,0.40038884,0.396578,0.39794433,0.40296188,0.40432727,0.40349168,0.40234601,0.40446606,0.40022436,0.39984763,0.4002,0.3977259,0.4023383,0.39673463,0.40387073,0.40793362,0.4013081,0.40789953,0.3965191,0.40468788,0.3997261,0.4018817,0.3968413,0.4049363,0.4010455,0.4066477,0.4032444,0.40088722,0.39578268,0.41055465,0.39896625,0.4010057,0.39777902,0.39898258,0.4086745,0.3959819,0.38832715,0.4011828,0.39449927,0.39448377,0.39237148,0.39535865,0.4051053,0.39205036,0.40367845,0.40525553,0.40788403,0.39639252,0.39704692,0.39967963,0.4014338,0.3982363,0.3957285,0.39467454,0.39681238,0.39745066,0.40164545,0.39923868,0.39965156,0.39929137,0.40616453,0.40198582,0.39554554,0.4032791,0.3969946,0.40744862,0.40562984,0.40005755,0.40102664,0.39889953,0.4014876,0.39761546,0.40708882,0.4035215,0.3995087,0.39943755,0.3997297,0.39610392,0.39973134,0.39675137,0.4026661,0.41219038,0.40718383,0.40708318,0.3943091,0.39377713,0.40145,0.39667168,0.39457363,0.39961562,0.39971566,0.4061963,0.40433282,0.4021074,0.40287527,0.3998004,0.40023088,0.3971755,0.4038978,0.38891542,0.40010354,0.4048584,0.3996003,0.4032496,0.3992166,0.40165308,0.40595686,0.40322715,0.3967673,0.40025455,0.39832568,0.40009645,0.39290982,0.40916252,0.39791346,0.39527822,0.40058723,0.39892957,0.40106905,0.40093812,0.4011032,0.40765128,0.3978033,0.3970398,0.39647165,0.4022729,0.40203348,0.3986133,0.39681578,0.40605688,0.4052478,0.4058987,0.4024566,0.3987572,0.39829004,0.39608282,0.39512742,0.39269027,0.40111232,0.40567032,0.39790985,0.393479,0.3974816,0.40703037,0.40908012,0.39560536,0.41145694,0.39972326,0.39656416,0.40162477,0.39990687,0.406193,0.4007049,0.40354338,0.40112835,0.40314266,0.39394978,0.40189722,0.39511356,0.39621028,0.3936103,0.4066593,0.40333396,0.39997548,0.3940636,0.4017532,0.40338352,0.39599773,0.40017396,0.40685526,0.40043792,0.3974238,0.40794098,0.38996884,0.39322016,0.3972224,0.3968609,0.4014618,0.39561164,0.39633718,0.40489614,0.39302745,0.39864594,0.4010423,0.4052966,0.39282903,0.3930572,0.410138,0.39667785,0.39951578,0.4036414,0.39894462,0.40605018,0.3947708,0.39885795,0.4045567,0.39045364,0.39432096,0.40111005,0.39978933,0.4024324,0.41048107,0.40010297,0.40843162,0.39252883,0.39328894,0.3927063,0.39439723,0.40077117,0.39214614,0.3967443,0.4027725,0.39308545,0.40084812,0.387988,0.40236595,0.40292048,0.4015553,0.3944439,0.40572926,0.40199852,0.39795506,0.40116847,0.40681165,0.39706182,0.3995784,0.40348893,0.39055365,0.39535815,0.4050908
0.6158467,0.615347,0.62030536,0.6136348,0.62014824,0.62583214,0.6247388,0.62382895,0.6208215,0.629527,0.6147965,0.6152055,0.61798203,0.61879134,0.622124,0.6207104,0.6180285,0.6216023,0.61693424,0.6106205,0.6161324,0.6287405,0.61759263,0.611036,0.6189512,0.6233202,0.6229947,0.62821525,0.6158437,0.6144644,0.61564624,0.6223405,0.6168725,0.62293935,0.62581486,0.6322847,0.6203808,0.6206282,0.61937845,0.6270208,0.6151999,0.61452967,0.6245955,0.6261984,0.6272305,0.62323564,0.62855613,0.6145371,0.62910837,0.6177013,0.6261884,0.6172507,0.61701924,0.6231328,0.6199918,0.61626107,0.6256256,0.6213346,0.61517656,0.6138775,0.62367153,0.62054336,0.62653536,0.61438024,0.62763673,0.6238599,0.6275326,0.6195034,0.61937004,0.6284863,0.6141909,0.62635106,0.62181455,0.6090667,0.6340569,0.6210442,0.62388235,0.62101436,0.6157007,0.62708884,0.62018436,0.62229025,0.62057453,0.624585,0.6099546,0.6179881,0.6202516,0.61775964,0.62044686,0.62231165,0.62214607,0.6225291,0.61610305,0.6212972,0.61582714,0.6183367,0.61153865,0.62835765,0.62196267,0.6256638,0.6142145,0.6202488,0.63502115,0.62516594,0.6169681,0.62320477,0.6158614,0.6168131,0.62002885,0.6142047,0.6185868,0.6095979,0.62043923,0.61801964,0.614571,0.61848253,0.6284315,0.62418133,0.6203401,0.6172594,0.62753445,0.6267748,0.61944103,0.6111925,0.62052727,0.6280684,0.6264751,0.6255724,0.619962,0.6196169,0.61964875,0.62327653,0.6174338,0.6241181,0.61967015,0.62041724,0.62130165,0.6197905,0.61841464,0.6246077,0.6188825,0.63523763,0.6263946,0.62755007,0.6180649,0.62041914,0.6236446,0.6159946,0.6132352,0.6240051,0.6187146,0.62768817,0.6160004,0.6229399,0.62007713,0.6173624,0.623479,0.61752564,0.62135535,0.626698,0.62318474,0.61640984,0.6133214,0.6306498,0.6203648,0.623172,0.62221265,0.62220794,0.62024,0.6234078,0.62448716,0.6247797,0.6226468,0.625306,0.6183741,0.6221629,0.62102777,0.62523675,0.6146544,0.6121179,0.61972,0.61339384,0.62853605,0.6165067,0.6162908,0.6182676,0.61920774,0.6268612,0.6157589,0.6205483,0.6215296,0.6227292,0.62498105,0.6187785,0.62533355,0.621621,0.6195932,0.61583155,0.6287805,0.6127101,0.622564,0.62179637,0.62401354,0.62429106,0.62153995,0.6292241,0.62403196,0.61808884,0.6096249,0.6300096,0.6210849,0.62319124,0.6203797,0.62662643,0.6252247,0.6241789,0.6244879,0.6193927,0.6244088,0.60883427,0.6193556,0.62117296,0.6227938,0.6232242,0.6164457,0.6231447,0.61438,0.62086684,0.62327653,0.6192743,0.6219453,0.62057155,0.62203264,0.6104478,0.61874187,0.620957,0.6198735,0.6179106,0.6192728,0.6247692,0.62529445,0.61982256,0.62446284,0.6192426,0.6195084,0.6283132,0.62065315,0.6192262,0.6167055,0.62492573,0.6261384,0.6178331,0.61728716,0.6241955,0.6260566,0.6272301,0.6176544,0.62740386,0.63070107,0.6209667,0.62420315,0.61758953,0.6115184,0.621121,0.6240103,0.6199054,0.6318544,0.6179644,0.6237357,0.6270174,0.6145571,0.62603533,0.6227727,0.62342983,0.6196565,0.61614245,0.62948716,0.6162672,0.6288208,0.61817646,0.6313596,0.6127605,0.6277177,0.623355,0.61834735,0.6289149,0.6163284,0.6160182,0.6243032,0.61772126,0.623449,0.6214349,0.6168533,0.6178752,0.6162688,0.62454826,0.6239174,0.6271407,0.61800927,0.6219219,0.62019753,0.62219393,0.62134033,0.62247777,0.6292973,0.627531,0.62494665,0.6178731,0.6224774,0.6249594,0.62255645,0.6258246,0.6174506,0.62244207,0.60829407,0.6159371,0.62177664,0.6254834,0.6206367,0.6143891,0.62483567,0.6199312,0.6233874,0.6266295,0.6266116,0.6252594,0.6215272,0.62423116,0.6217292,0.6238277,0.6152792,0.61540616,0.6276083,0.6166166,0.6182063,0.62247366,0.62115407,0.6234146,0.6166234,0.61530215,0.6204953,0.62509114,0.62137926,0.63623005,0.6209286,0.6308803,0.61760134,0.6245365,0.62000984,0.622155,0.61556286,0.6227228,0.62385166,0.62706035,0.6257836,0.6188503,0.623948,0.61673146,0.621409,0.6130531,0.61936766,0.6213602,0.62716246,0.6116007,0.61512196,0.61835855,0.6224257,0.6224505,0.62866735,0.6175191,0.62075776,0.6278483,0.61614776,0.6272332,0.62659943,0.61389494,0.6228519,0.61921096,0.6220539,0.61678386,0.62208104,0.6261938,0.6150391,0.61626065,0.61283207,0.6290829,0.61455107,0.62289065,0.624608,0.6224317,0.61434567,0.6284001,0.6211526,0.6252688,0.6272583,0.6151396,0.6328802,0.6218815,0.6162011,0.62032944,0.6132528,0.61569333,0.623327,0.6222512,0.6181181,0.61791515,0.6189292,0.6203351,0.62345743,0.6201389,0.617172,0.6253836,0.62569004,0.6190336,0.6151598,0.6140715,0.62801117,0.6148377,0.6165185,0.6137525,0.6183436,0.62593114,0.6232843,0.61281496,0.6145363,0.61830014,0.6226642,0.6163391,0.615523,0.61732733,0.6136186,0.62358654,0.6199444,0.62366796,0.6245522,0.6225195,0.6272527,0.61662674,0.6159032,0.62376606,0.6198992,0.6211435,0.62888277,0.62059623,0.61044633,0.6309285,0.61889297,0.62806445,0.6223485,0.63679695,0.61952454,0.6181659,0.61609334,0.6198403,0.6166675,0.62207353,0.62106425,0.620217,0.6232227,0.61564624,0.6248762,0.62634104,0.614193,0.6223537,0.6210779,0.61453444,0.61957407,0.61850125,0.6229265,0.6123985,0.62277335,0.62543297,0.6387966,0.6180422,0.61354214,0.6215384,0.6236523,0.6157211,0.6214497,0.62082905,0.6129981,0.6128005,0.61688685,0.62109214,0.61943334,0.62732226,0.61715543,0.6224218,0.62823105,0.6178886,0.62137663,0.6203686,0.6242611,0.61846626,0.62251246,0.623578,0.6175723,0.61155695,0.62520546,0.61339927,0.62194103,0.62183815,0.6223423,0.6170411,0.623465,0.6216797,0.62083054,0.6225699,0.6198948,0.61997366,0.62799346,0.62127596,0.6195322,0.6271543,0.6195931,0.616102,0.6221827,0.62141615,0.6117224,0.62653136,0.6142663,0.6299516,0.6250437,0.6189027,0.62346184,0.6261639,0.62353563,0.6240862,0.62977684,0.622072,0.6247654,0.6222729,0.61447084,0.6174381,0.6229373,0.62963444,0.6228458,0.6179058,0.61608917,0.62180245,0.6338834,0.6224154,0.6286597,0.62188023,0.62033224,0.6174793,0.6209483,0.62224066,0.62153935,0.6287785,0.6251835,0.61836547,0.62689817,0.62131894,0.6151799,0.61976784,0.62381816,0.62201697,0.61031723,0.6212647,0.6175881,0.6160681,0.630454,0.6232481,0.6200564,0.6188742,0.62186474,0.6273197,0.62400407,0.6200245,0.62107176,0.6107514,0.6203075,0.61857784,0.6203086,0.62368697,0.62420094,0.62267643,0.6212232,0.6146054,0.611999,0.62319505,0.6140201,0.621359,0.6189287,0.6311933,0.61835796,0.62190634,0.62819403,0.6210009,0.6271173,0.62890905,0.62150705,0.63473296,0.61978,0.62480253,0.61938596,0.6171673,0.6203885,0.62524545,0.62172145,0.6264229,0.6234039,0.6249975,0.6212502,0.6216378,0.6094521,0.62537456,0.6239632,0.6179024,0.6208478,0.622388,0.6151093,0.6293506,0.62119466,0.6268763,0.61797917,0.62247896,0.62716824,0.62885076,0.6156426,0.63121706,0.6186108,0.62057596,0.62879455,0.62432104,0.61331034,0.6134193,0.6242853,0.61511046,0.6187421,0.6139008,0.6230344,0.6218913,0.62339914,0.6155883,0.6165709,0.6160575,0.607548,0.6306942,0.6204762,0.61995894,0.6191177,0.62016547,0.619214,0.6223845,0.62359965,0.6104257,0.6168158,0.6275213,0.6175454,0.6172186,0.6233509,0.62100315,0.6215295,0.6256996,0.63409984,0.6225744,0.6315449,0.62690526,0.62571627,0.6203371,0.6244243,0.62287843,0.624625,0.62028724,0.6219655,0.6243292,0.61736953,0.62653446,0.6226756,0.619145,0.6235055,0.62305206,0.6221864,0.6214493,0.6224839,0.6221209,0.6223542,0.6284799,0.60923296,0.62385756,0.6262955,0.6199742,0.626071,0.61631936,0.6217492,0.62082267,0.6230138,0.62943065,0.62418705,0.61715263,0.6208026,0.62657624,0.6133743,0.6257954,0.62240356,0.61572886,0.6243748,0.6229005,0.625657,0.6251561,0.62228143,0.6211593,0.6255236,0.62306726,0.62486655,0.6228448,0.62280315,0.6248526,0.6190824,0.61809266,0.61870146,0.6145592,0.6248733,0.61607105,0.61809665,0.61522025,0.6260512,0.62622064,0.6123561,0.6208014,0.62190795,0.6245911,0.6243735,0.61853707,0.6183563,0.62367666,0.6198722,0.6204641,0.6228417,0.6284253,0.6149573,0.6210257,0.61181366,0.62620485,0.6192268,0.6179565,0.62499386,0.61690766,0.619552,0.6308427,0.6274257,0.6204979,0.6185947,0.62070715,0.61930203,0.6173414,0.6237705,0.6084081,0.62309045,0.61648005,0.62169063,0.6160065,0.62422925,0.62516713,0.62931186,0.6137365,0.62013924,0.62469536,0.6262405,0.6245055,0.62976956,0.6135998,0.621488,0.62544423,0.6170591,0.63143724,0.6090732,0.61824995,0.61957836,0.6071012,0.6191056,0.62260514,0.60899025,0.6267231,0.6147266,0.62312686,0.6108252,0.6234082,0.6185191,0.6284476,0.6303522,0.6317093,0.61669326,0.6213519,0.62745035,0.6289064,0.6162614,0.6312162,0.6149769,0.6200003,0.6172432,0.608004,0.62393063,0.62975144,0.6271496,0.62586856,0.6203778,0.6262265,0.6194691,0.6203846,0.6198016,0.6171724,0.6191899,0.6219867,0.62147754,0.61974275,0.6159054,0.61562854,0.61531967,0.61361253,0.62642527,0.62570083,0.62011284,0.62361854,0.6256752,0.61803544,0.61949354,0.6187998,0.6252169,0.61381835,0.6232757,0.6164964,0.62013525,0.6221351,0.62155783,0.6152905,0.618668,0.619544,0.6186573,0.6212931,0.62335664,0.62045175,0.62474495,0.62503344,0.6113619,0.6216237,0.617371,0.62683684,0.609738,0.62878543,0.6300161,0.62177527,0.61747724,0.6104247,0.6174658,0.6204541,0.620189,0.61670893,0.62492263,0.6227498,0.62145793,0.62080306,0.61497736,0.61052763,0.6141272,0.61786854,0.62614024,0.60292816,0.61756414,0.6203462,0.6156319,0.61542845,0.6156613,0.6223341,0.620475,0.6254137,0.6194593,0.61022496,0.60910547,0.6222654,0.623056,0.62495923,0.6240407,0.6250475,0.61946833,0.62006,0.61938065,0.62523305,0.61976546,0.6205963,0.61512977,0.61347044,0.62829363,0.6256513,0.627152,0.618469,0.62408423,0.61765116,0.62263155,0.6146535,0.61765075,0.6208348,0.627848,0.6261645,0.6207477,0.6196206,0.62386817,0.6285199,0.6180084,0.62581146,0.6230312,0.6242921,0.6201943,0.6249982,0.6215017,0.6172849,0.6240556,0.624119,0.6186237,0.62793434,0.62106365,0.6222475,0.61458117,0.6305905,0.6281989,0.6252132,0.6182529,0.6153995,0.60795015,0.6226607,0.6274888,0.62158006,0.6216375,0.6078917,0.62053657,0.6196542,0.62870044,0.6270233,0.61196303,0.61957777,0.62578636,0.6216582,0.61685365,0.6257027,0.6246855,0.619612,0.6146203,0.6163618,0.60820234,0.6177676,0.62760603,0.62395346,0.622674,0.62055016,0.61299556,0.62181944,0.6177803,0.6139262,0.61887306,0.6169085,0.6237207,0.62444216,0.624911,0.62186694,0.61583793,0.62272644,0.6164479,0.623709,0.62239915,0.6226755,0.62366515,0.6261294,0.6225435,0.6177869,0.62138623,0.6190602,0.6246459,0.6251671,0.6263319,0.62538356,0.621994,0.6111358,0.6202874,0.6130201,0.6245433,0.6190823,0.6225721,0.62446564,0.6122821,0.6163245,0.6162943,0.6154037,0.63318366,0.6192498,0.62901974,0.6248458,0.62202543,0.6216202,0.62640584,0.62314814,0.63089854,0.6132002,0.61473566,0.6181015,0.61750126,0.62240344,0.61216253,0.62171453
0.73139304,0.73583895,0.7363798,0.7397442,0.73382956,0.7418397,0.74125355,0.73687404,0.7471479,0.7415695,0.738528,0.7386478,0.747342,0.7458619,0.7441518,0.73904055,0.7394467,0.74671894,0.73485523,0.7274764,0.73610604,0.7388197,0.7403109,0.73676974,0.7519728,0.7367967,0.7339717,0.742286,0.7421398,0.7485038,0.74466157,0.7394424,0.74121916,0.7451785,0.74149835,0.75128955,0.7336889,0.73521286,0.74494636,0.74044555,0.7438747,0.73005694,0.7368416,0.73478794,0.7411836,0.73958206,0.7423446,0.7418814,0.7516804,0.742034,0.74496305,0.74139917,0.7424626,0.7336487,0.74058735,0.7367127,0.7413231,0.73987895,0.74382013,0.7410956,0.7423708,0.7387616,0.7456796,0.7339095,0.73545796,0.74229306,0.7447974,0.7410625,0.73225546,0.74775684,0.74221975,0.7369799,0.7444248,0.73948026,0.74298793,0.7434199,0.74358046,0.73640484,0.7444018,0.743545,0.737225,0.7422752,0.7478532,0.7479428,0.73759836,0.72943634,0.7382992,0.74313563,0.73769176,0.7442351,0.738723,0.7350975,0.743617,0.73542225,0.73740035,0.74092394,0.73835856,0.74140316,0.7412092,0.7390625,0.73643476,0.73918307,0.7422581,0.74217737,0.74999064,0.7418856,0.7417291,0.73736095,0.7431093,0.73437965,0.7367886,0.74181426,0.73903215,0.74892277,0.73903644,0.739884,0.7390671,0.741237,0.7420882,0.73683167,0.7400038,0.74600697,0.7415901,0.74160546,0.74483067,0.74068165,0.7397487,0.7433084,0.73369247,0.74381524,0.735835,0.7458977,0.7301623,0.7395347,0.74597645,0.74597734,0.74363595,0.73601043,0.74687505,0.7509177,0.7365323,0.74122167,0.74968815,0.746533,0.7428247,0.73736316,0.7464288,0.74242514,0.7425845,0.7335437,0.7364253,0.7445225,0.7411161,0.7396183,0.7403339,0.7412191,0.74145955,0.74263775,0.74188936,0.73886245,0.73915833,0.7434493,0.72951144,0.74230695,0.7362159,0.7359459,0.748405,0.7430069,0.7443934,0.73979604,0.7410397,0.73632497,0.74232477,0.74631184,0.74465567,0.7371739,0.7376512,0.7419012,0.7424552,0.7334249,0.7511483,0.7278704,0.7396412,0.7493751,0.7336741,0.73802054,0.7455797,0.73866117,0.7391364,0.74251205,0.738505,0.7372673,0.74217665,0.7342886,0.73874,0.75105566,0.7339317,0.7335619,0.7493321,0.7384132,0.7382859,0.72853553,0.7418564,0.7382941,0.7421191,0.7430674,0.7367232,0.739876,0.74053496,0.74788374,0.742938,0.7390816,0.7400318,0.74426,0.74060786,0.7503412,0.73655146,0.7477503,0.743272,0.7382701,0.7401788,0.7312488,0.7325521,0.7384879,0.7366031,0.73955876,0.7417791,0.74319214,0.7394557,0.7436027,0.7381043,0.74720967,0.74704266,0.7479087,0.74532616,0.7456426,0.7384347,0.73923427,0.7332445,0.74453235,0.7430543,0.7387246,0.7381203,0.7376231,0.74756294,0.74395865,0.7381505,0.7315183,0.7494998,0.74070287,0.7433481,0.7470703,0.73755205,0.7418402,0.739033,0.74229234,0.7300008,0.73741066,0.7431851,0.7424026,0.734264,0.7323861,0.74922794,0.7446561,0.74314183,0.73976004,0.7444467,0.7458587,0.739621,0.73268247,0.7408801,0.7491239,0.73903686,0.7426512,0.7324182,0.7327824,0.7523199,0.7338135,0.7379075,0.74821377,0.73996836,0.7364908,0.7409225,0.7467583,0.74722034,0.73795575,0.7418273,0.7423231,0.7474833,0.73749924,0.73866993,0.75126565,0.73616236,0.73892975,0.7431015,0.74198085,0.74785185,0.7388695,0.74094874,0.7428455,0.7414584,0.74635226,0.7409488,0.7437914,0.7423747,0.7429986,0.73845285,0.73293406,0.7429504,0.73317873,0.74380594,0.7494014,0.73661786,0.7404656,0.74007237,0.73328066,0.74079585,0.747315,0.74182445,0.73960274,0.7468845,0.7457394,0.7358102,0.7453272,0.7439713,0.74535716,0.73523283,0.74415547,0.7393452,0.7491909,0.7397426,0.7420602,0.74509865,0.73480564,0.7380967,0.7428113,0.73520726,0.7412628,0.7400785,0.7355722,0.7397081,0.74241287,0.7457373,0.7492871,0.73998266,0.74089646,0.7389219,0.7415952,0.73917663,0.7448298,0.7379044,0.74519193,0.7365136,0.73690534,0.7488094,0.7375699,0.7437607,0.7408178,0.7433732,0.7394345,0.7469315,0.73889977,0.7455378,0.7436409,0.7422514,0.74001586,0.7398989,0.74926054,0.7435911,0.73486716,0.7434056,0.74060076,0.7383574,0.7386793,0.73717004,0.7362506,0.735331,0.7362208,0.74097186,0.73013896,0.7427847,0.7412372,0.7383781,0.7499386,0.7379876,0.74608546,0.7381522,0.74460137,0.7419383,0.7333928,0.7315314,0.7435474,0.74169606,0.7421701,0.7478537,0.73487484,0.7546493,0.73945224,0.7322947,0.7386115,0.7356817,0.73554885,0.7350954,0.7391629,0.7372722,0.74043703,0.73794055,0.7418316,0.755822,0.7500376,0.7348694,0.74238867,0.7426705,0.74021745,0.7458567,0.73360384,0.74303395,0.7347398,0.73308444,0.7432182,0.7497699,0.7448328,0.74542576,0.7386171,0.74548364,0.7422048,0.7441734,0.7322609,0.73570824,0.7424033,0.7415122,0.7436346,0.7462026,0.74112177,0.73884255,0.7372338,0.74288857,0.7397489,0.7337042,0.7415825,0.7380661,0.74326867,0.729945,0.74555147,0.740051,0.74240386,0.742692,0.741657,0.74073297,0.7447398,0.74258786,0.7338671,0.7406718,0.7456407,0.7394891,0.7357576,0.7457675,0.73791945,0.7460634,0.7432905,0.7383043,0.7403855,0.7255,0.737387,0.7395321,0.74413854,0.74357355,0.7404253,0.7411066,0.7307757,0.73746765,0.74024767,0.7420691,0.74676275,0.72543937,0.7455713,0.74543905,0.73875,0.7444936,0.74465936,0.74195856,0.7425779,0.73982906,0.730299,0.7376571,0.7403835,0.7416138,0.74564695,0.7405536,0.74041444,0.73720825,0.74374354,0.7355708,0.7364462,0.7437199,0.7467121,0.74361444,0.7434961,0.7436281,0.73825985,0.7455885,0.74042845,0.7400251,0.7346186,0.7473974,0.7433263,0.7481034,0.73701686,0.7390464,0.7413337,0.74313045,0.7436255,0.7396648,0.7429595,0.7464783,0.728886,0.7364425,0.7432571,0.7319963,0.74884593,0.7442438,0.7463456,0.74756825,0.74587,0.74641603,0.7401082,0.7391832,0.7417948,0.7410911,0.73821753,0.74492294,0.74031484,0.72933507,0.74363786,0.7406142,0.730369,0.73326015,0.73932415,0.73627096,0.7420192,0.7477603,0.7370108,0.74088025,0.7403696,0.7378994,0.74187297,0.7419992,0.740532,0.744169,0.7393328,0.739064,0.73177177,0.74678934,0.7387371,0.7419768,0.74382967,0.73696166,0.7407319,0.73377275,0.7333318,0.74657553,0.74163425,0.7417316,0.744173,0.7401065,0.7522828,0.73849946,0.740176,0.7462131,0.7378046,0.74602014,0.73891205,0.7413896,0.7451164,0.73803777,0.7359294,0.7453146,0.7487427,0.734745,0.7402364,0.733782,0.74612683,0.743028,0.7351424,0.7407417,0.7433126,0.74414134,0.73844063,0.7363647,0.7361253,0.7514168,0.7442264,0.7323581,0.7460457,0.72889304,0.74589896,0.73355937,0.73686534,0.7453709,0.74460953,0.73256516,0.7401827,0.74562293,0.7411996,0.7370372,0.749418,0.72658384,0.7361812,0.73703253,0.7454088,0.73693615,0.745041,0.7458351,0.75105304,0.7427573,0.73922634,0.7372352,0.7531917,0.7433343,0.74391896,0.73692524,0.7557133,0.73546886,0.73243994,0.743467,0.74443483,0.7337449,0.74621004,0.7390954,0.73883,0.7405243,0.7327035,0.7369862,0.74431336,0.74301004,0.7346352,0.74061066,0.74097925,0.7447135,0.74195397,0.7431011,0.7411728,0.7350473,0.73469615,0.7354261,0.74346465,0.7406278,0.74140507,0.7351733,0.7436431,0.73630613,0.7320583,0.7392909,0.7417127,0.7370202,0.7404373,0.7465533,0.74024594,0.7370598,0.7404989,0.73732173,0.73743224,0.7417482,0.74164104,0.74244004,0.7373587,0.74108225,0.7492724,0.74098593,0.75052136,0.7469507,0.734208,0.74646926,0.7394831,0.74036634,0.7402874,0.7421169,0.7451848,0.73735213,0.74698514,0.73513967,0.7391185,0.74780154,0.75021166,0.75037235,0.7377648,0.73739076,0.7455877,0.7420456,0.7399196,0.7492593,0.74230886,0.74047065,0.74486214,0.7420999,0.7393544,0.7368735,0.74203163,0.7477237,0.7532849,0.7396606,0.7424428,0.732907,0.7410913,0.7425178,0.74241966,0.7530077,0.7386222,0.7310011,0.731392,0.7345252,0.7325881,0.7437024,0.735896,0.7453083,0.7317426,0.73574215,0.74364865,0.7373729,0.74648803,0.7429806,0.74499005,0.7496108,0.7397341,0.74340206,0.7387804,0.7395588,0.7342421,0.74780303,0.7451478,0.7394772,0.7466047,0.73788714,0.7331162,0.7361028,0.74678755,0.7322303,0.72953635,0.7376412,0.7407717,0.73722,0.7387738,0.73948956,0.7441555,0.7311211,0.74259394,0.73521894,0.7431768,0.73856753,0.7398997,0.7510385,0.7412617,0.742054,0.7425619,0.74921966,0.74018335,0.7377652,0.7381329,0.74042135,0.737132,0.74077994,0.74050915,0.74318945,0.73089516,0.7470342,0.7458947,0.7395855,0.7472205,0.7364922,0.74063337,0.74113685,0.73198056,0.7331377,0.74320215,0.7360248,0.743624,0.74127626,0.7462431,0.7375178,0.73213726,0.7448172,0.74026835,0.7482518,0.74495,0.74041945,0.7483116,0.74341905,0.7471859,0.73605454,0.74626106,0.7495042,0.7381249,0.7410908,0.731674,0.74336183,0.74321973,0.74859905,0.7387375,0.7391693,0.7492897,0.74159145,0.7294715,0.740469,0.7370374,0.74242586,0.7441559,0.73380995,0.74342257,0.73609465,0.7411995,0.73276925,0.7399567,0.7421884,0.73271805,0.74028724,0.7462614,0.74036294,0.7355603,0.7343536,0.7421045,0.7501134,0.72974914,0.73953325,0.7397821,0.74098164,0.7349017,0.74380195,0.7284847,0.7400437,0.74748325,0.73620343,0.7432157,0.74277526,0.7423871,0.7348109,0.7435315,0.7397348,0.75056636,0.7341268,0.73605055,0.74456716,0.7357799,0.7440381,0.7467543,0.7426288,0.73299766,0.7437989,0.73957956,0.75016123,0.7369368,0.74679404,0.7463591,0.7402475,0.7456317,0.73386467,0.73792213,0.7464321,0.7378433,0.74679524,0.7277706,0.74135065,0.74341583,0.73462313,0.7425963,0.73972446,0.7360575,0.735972,0.744944,0.7459462,0.73100525,0.73767304,0.73932,0.7401017,0.74137753,0.73931056,0.7363794,0.74478555,0.73933035,0.7387561,0.7383975,0.7328384,0.74166983,0.7410007,0.7451444,0.73812693,0.7386437,0.7406306,0.74161005,0.7445873,0.7419762,0.7462572,0.7397233,0.7413778,0.74080455,0.7417208,0.7346855,0.735958,0.7387005,0.74127483,0.74315447,0.7441609,0.74144757,0.73687536,0.7392901,0.740656,0.74054545,0.731129,0.7305208,0.73976827,0.7424938,0.7379092,0.7370073,0.7435299,0.7432669,0.73720765,0.7404569,0.7500222,0.7395559,0.74147415,0.735506,0.7324153,0.7536101,0.74386877,0.7497224,0.74512905,0.7439028,0.72991776,0.7407861,0.7386069,0.73443884,0.7336608,0.75339854,0.7437256,0.73489237,0.7387243,0.7432477,0.73947513,0.7397882,0.7400434,0.7452877,0.73359066,0.73713267,0.74020517,0.7437161,0.74220574,0.7326948,0.7316012,0.7377325,0.7409849,0.7357783,0.74205637,0.7392455,0.7442613,0.73598814,0.7423087,0.7410274,0.73506457,0.74637896,0.7299399,0.74330413,0.73799604,0.7387943,0.7402137,0.74274206,0.7426582,0.7384461,0.7361933,0.7368509,0.7354824,0.7429873,0.74495506,0.74408436,0.74612665,0.73802054,0.7346335,0.7366554,0.7412191,0.73221695,0.74057704,0.73080385,0.7434371,0.74381,0.73807853,0.7385284,0.74838656,0.73511326,0.74827373,0.7367911,0.73713577,0.7459671,0.743227,0.7358849,0.7447229,0.74317527,0.7377028,0.74117965,0.7309607,0.7457098,0.734311,0.73528135
0.88740176,0.883644,0.88760334,0.88743615,0.88931,0.883115,0.8738826,0.87956315,0.8873671,0.8805416,0.88255864,0.88220364,0.88680285,0.88566905,0.88230133,0.878337,0.89106727,0.88418037,0.8807637,0.8785262,0.87944824,0.88294446,0.88774216,0.88358486,0.8837532,0.872727,0.8880889,0.87928194,0.888442,0.8830833,0.88340133,0.8826606,0.88168085,0.8853971,0.8787116,0.88409686,0.88493246,0.88324094,0.8879996,0.88316286,0.88713735,0.88071114,0.89028215,0.87672335,0.88135135,0.88637,0.8824245,0.8854543,0.8914179,0.8846556,0.87865204,0.88195246,0.8859686,0.8836624,0.882126,0.8787406,0.88326085,0.8810899,0.87673855,0.8796289,0.8807304,0.878957,0.8886442,0.8802053,0.8824531,0.883497,0.8851072,0.88821036,0.8772762,0.8812705,0.88992804,0.8894706,0.88559353,0.8787279,0.88435787,0.87513393,0.8844998,0.88259524,0.88333935,0.8837018,0.8848285,0.8898214,0.89394003,0.87637395,0.881592,0.88301295,0.88447577,0.88327146,0.88477224,0.8847069,0.88326,0.8854733,0.8831872,0.87977594,0.8814403,0.89101547,0.8852973,0.8883552,0.89184237,0.8836298,0.8873143,0.8806805,0.879169,0.8834024,0.88402504,0.88670087,0.8842233,0.89025456,0.88210034,0.88247514,0.87752813,0.8784456,0.8806304,0.8912744,0.8852024,0.88450354,0.8838559,0.87789464,0.88236153,0.8778497,0.88444453,0.8819756,0.882662,0.8890793,0.88011086,0.8833918,0.8775608,0.8831513,0.8894681,0.8785588,0.876626,0.88682413,0.8791428,0.882308,0.87991226,0.8921969,0.88520974,0.87888974,0.8865969,0.885474,0.8796868,0.8836964,0.8836238,0.888044,0.8777356,0.88117737,0.8807245,0.882834,0.88570833,0.8759472,0.8811545,0.87923753,0.8831962,0.88735855,0.88224566,0.88874835,0.8825262,0.88651407,0.8873485,0.88474244,0.88180506,0.8739791,0.8797445,0.8801127,0.87497646,0.88140845,0.88276196,0.88590544,0.87936586,0.8813422,0.88217825,0.88163084,0.8908968,0.87800103,0.88475335,0.87806594,0.88169515,0.88225144,0.8820988,0.8912276,0.8938567,0.8791806,0.8799267,0.88614714,0.89037484,0.8715522,0.8850717,0.87809545,0.88769525,0.87752706,0.8855874,0.8778046,0.8829828,0.88294744,0.88926864,0.8883488,0.8844565,0.88388056,0.8834854,0.88139087,0.8917131,0.8815305,0.8806296,0.8781519,0.88418317,0.87919223,0.883789,0.8836726,0.8913959,0.89021516,0.88053334,0.87706405,0.88612026,0.87760246,0.8880832,0.8842972,0.88379663,0.88750535,0.88874054,0.8806591,0.89075315,0.8789917,0.881799,0.8808927,0.88141006,0.87733227,0.884105,0.876967,0.8827763,0.8854255,0.8842852,0.8896116,0.8783544,0.8910064,0.8799301,0.8870462,0.88530475,0.8800007,0.88561887,0.8812525,0.8931217,0.8825545,0.88410497,0.88438135,0.8860183,0.88946396,0.87736785,0.8855146,0.8850511,0.8772485,0.88466805,0.8823421,0.8852321,0.884618,0.8823307,0.88247496,0.88643175,0.8802753,0.8862302,0.8853857,0.8815419,0.8863976,0.8911956,0.88755286,0.8807057,0.88274795,0.8815135,0.88786244,0.8793944,0.880755,0.8936674,0.88200533,0.88322765,0.88139594,0.8832687,0.88258374,0.89254093,0.88498396,0.88326025,0.8856756,0.87981755,0.8825564,0.88250995,0.887286,0.8775567,0.8828145,0.8903616,0.8831841,0.88301426,0.8757567,0.88908815,0.88860565,0.88805187,0.88716936,0.8863751,0.8829781,0.885867,0.88078487,0.878723,0.88746345,0.88236296,0.88563156,0.8816458,0.88588816,0.88100314,0.8789028,0.87813514,0.880869,0.88621366,0.8846866,0.8816671,0.8824501,0.87665194,0.87780184,0.88412964,0.874741,0.89182234,0.88376164,0.8840174,0.88700813,0.88704,0.8897234,0.88338745,0.88756144,0.87784296,0.8870316,0.88086593,0.8795326,0.8813496,0.88684094,0.8896285,0.88619304,0.8805802,0.87849313,0.89412683,0.88578105,0.87769884,0.88924176,0.88345486,0.8835789,0.8738312,0.8835426,0.8854421,0.88882965,0.8853112,0.87677103,0.8853923,0.88259906,0.88693124,0.88011384,0.8815938,0.8844955,0.8867038,0.88265,0.88083446,0.8845598,0.8900566,0.8966139,0.8882931,0.88100666,0.88507754,0.8855111,0.8782309,0.88738227,0.8848631,0.8891553,0.88048345,0.88194174,0.88841665,0.87778443,0.87558115,0.8886946,0.882693,0.8808728,0.87541103,0.88847256,0.8889075,0.8852083,0.88288236,0.88284653,0.88042647,0.8891857,0.89067596,0.87885714,0.8787715,0.88470894,0.88457674,0.8853561,0.882881,0.8839102,0.87911725,0.8818987,0.88483804,0.884243,0.8840769,0.87698597,0.88406974,0.88262606,0.87612855,0.8814864,0.8808085,0.880217,0.885822,0.88862485,0.8798466,0.88047624,0.8823133,0.8844783,0.88654596,0.8909364,0.88302207,0.8841291,0.88943756,0.8848925,0.8882488,0.88720435,0.88283694,0.8896122,0.88023233,0.8913632,0.8796602,0.8892646,0.8915073,0.87981564,0.88934624,0.88363975,0.8850069,0.8846599,0.8801775,0.87559223,0.8789972,0.8914778,0.88334566,0.8882582,0.8872294,0.8845314,0.89481,0.8850751,0.88031185,0.88308775,0.88028216,0.884242,0.8763116,0.87978214,0.8864979,0.8775567,0.88814425,0.88213,0.88614553,0.8803727,0.88241476,0.8817941,0.8901246,0.88478976,0.882774,0.8777954,0.8862659,0.88261527,0.88862747,0.8816955,0.88432777,0.88726395,0.879764,0.88612837,0.88389426,0.8784078,0.8816899,0.87677145,0.8869493,0.8858353,0.88374364,0.88362575,0.8806415,0.89423496,0.8817164,0.8755366,0.8921404,0.88543326,0.88365525,0.88388735,0.8829002,0.88483346,0.8871787,0.8748253,0.8818742,0.87802434,0.88539636,0.88402873,0.88524926,0.8858046,0.8848955,0.87793225,0.8854983,0.8883794,0.8919167,0.8887962,0.8804446,0.88085896,0.8855815,0.8808703,0.88743764,0.8865881,0.88652074,0.87656635,0.88512504,0.8846043,0.88154614,0.881829,0.8876724,0.88471603,0.88062096,0.88999295,0.8804086,0.8887432,0.8816221,0.8790537,0.88176405,0.884102,0.8832662,0.88320667,0.89125264,0.8792997,0.8867023,0.8856292,0.88989705,0.88518685,0.88128,0.87651885,0.88369715,0.88631815,0.8751874,0.890764,0.88240343,0.8775066,0.88492936,0.88269925,0.8818714,0.8856987,0.87855643,0.89105093,0.8875723,0.88301957,0.88671833,0.88031733,0.8842301,0.8805579,0.8891943,0.8781802,0.87874466,0.8878035,0.88525987,0.88081914,0.88468087,0.8839574,0.8898393,0.88552624,0.88366455,0.8866727,0.8864306,0.88417494,0.8875252,0.87782013,0.88493925,0.8804812,0.87991774,0.8885118,0.88148046,0.88310796,0.8813334,0.88410896,0.8817333,0.883594,0.8793336,0.8869402,0.8876565,0.8834757,0.8781233,0.88483024,0.8853819,0.8883823,0.87931335,0.89206296,0.8850777,0.8819708,0.88011676,0.88751525,0.88376755,0.8837614,0.8842846,0.8846632,0.8783296,0.88683176,0.8855851,0.8830867,0.8786734,0.88257587,0.87533665,0.8858565,0.8777703,0.8791512,0.8794769,0.876756,0.88439554,0.8875506,0.8773646,0.8797685,0.8824302,0.8880713,0.8856619,0.8917039,0.885825,0.88541293,0.8883671,0.88358474,0.8760057,0.8826311,0.87948114,0.88513315,0.8819421,0.8853549,0.8857226,0.8886797,0.88104844,0.8799121,0.87771016,0.8839754,0.87957287,0.8853391,0.8840547,0.887134,0.87994725,0.87910944,0.8792783,0.8799356,0.88677734,0.88237166,0.88292783,0.8823336,0.88712984,0.8828276,0.8813329,0.8878381,0.8868128,0.8885372,0.88097435,0.8827703,0.87306255,0.8768993,0.8861737,0.8841676,0.8832574,0.87357694,0.89011335,0.87739795,0.8782976,0.87617606,0.88265604,0.88703865,0.87380546,0.87845635,0.88149697,0.8776399,0.88270235,0.89133096,0.8803513,0.88525414,0.8837752,0.8825922,0.8847398,0.89003325,0.88584834,0.8828372,0.89028203,0.879913,0.8841968,0.88672364,0.8913788,0.885873,0.8866505,0.8779814,0.8854929,0.8837643,0.888911,0.88565296,0.88731986,0.87400657,0.88316983,0.8817792,0.8828045,0.88302463,0.891098,0.8824393,0.8868341,0.88464564,0.8814674,0.8868607,0.8674438,0.8851011,0.8845621,0.8885848,0.88952833,0.8850847,0.8810852,0.89384174,0.87607384,0.88371235,0.8868919,0.8819095,0.8833893,0.88418317,0.8812504,0.8745572,0.87969196,0.8801537,0.88192827,0.87341416,0.8807644,0.8893412,0.88750297,0.8817191,0.8885601,0.88982725,0.8813799,0.89343184,0.88224715,0.89037305,0.8797137,0.87530315,0.88281757,0.88421935,0.87891865,0.87886,0.8828122,0.88473445,0.8762813,0.88337,0.8805863,0.8806328,0.8754114,0.88160866,0.8828964,0.8920243,0.8811721,0.88765055,0.8774408,0.8846419,0.8870355,0.88212186,0.87921757,0.8870086,0.8856768,0.8841225,0.88387734,0.8831934,0.87908155,0.885106,0.8789173,0.8816562,0.88862747,0.88459444,0.8854585,0.88267326,0.8737801,0.8823665,0.8829179,0.88214374,0.882335,0.8816981,0.8808002,0.8880434,0.88574636,0.8847511,0.8754061,0.88747233,0.89029,0.8771781,0.89000136,0.8869408,0.8895297,0.8834225,0.8773584,0.8836879,0.8890963,0.8850704,0.8808088,0.8835325,0.8844396,0.88700855,0.89299786,0.88571453,0.88893366,0.8842225,0.89475316,0.88350457,0.8832968,0.8818472,0.8825292,0.8772215,0.88488823,0.8817942,0.8804744,0.88094765,0.87782586,0.8794938,0.8887726,0.8820324,0.88134986,0.8765344,0.88627875,0.8834154,0.8768746,0.8894172,0.88240564,0.8785593,0.887024,0.8800145,0.8847686,0.883801,0.87876487,0.8848492,0.88371515,0.8812422,0.87395734,0.8846956,0.89152414,0.8849363,0.88691384,0.8908099,0.88368785,0.88952255,0.8853856,0.8868827,0.8849283,0.88972384,0.8815125,0.8878976,0.88264525,0.8871305,0.8860231,0.8804223,0.8861679,0.8812226,0.88149023,0.8794779,0.8843919,0.8869495,0.89034283,0.87934226,0.8855932,0.8816096,0.88120466,0.8886063,0.8770928,0.8890006,0.88730454,0.8828342,0.8879269,0.88779783,0.8826792,0.8823654,0.88625056,0.882173,0.89111775,0.8815283,0.88165766,0.8868845,0.87488216,0.8852258,0.8882751,0.88428676,0.88739777,0.88661885,0.87338465,0.88844115,0.87410223,0.8901116,0.88392997,0.8907967,0.8816204,0.88157415,0.8861967,0.8801713,0.88831663,0.8826791,0.8762178,0.8766942,0.87915057,0.8880345,0.88213986,0.88594604,0.8849088,0.8867719,0.8793024,0.8859238,0.8901614,0.8810396,0.8836504,0.8805318,0.8875949,0.89254665,0.8778237,0.88530606,0.8794464,0.87465113,0.88334745,0.88634515,0.88565445,0.8881686,0.882763,0.8846682,0.8719464,0.8894614,0.88750076,0.88668597,0.8832335,0.8814857,0.883762,0.8784879,0.8877026,0.8877164,0.88161993,0.8803833,0.88682556,0.8894125,0.88549143,0.8782031,0.8824876,0.8811349,0.8721396,0.8816341,0.88126117,0.8880039,0.8851228,0.8806677,0.8875302,0.8871472,0.8774662,0.8845879,0.88126713,0.8742938,0.88318366,0.88795865,0.87880975,0.88193285,0.8861761,0.8776677,0.8861339,0.8840613,0.88957083,0.88383037,0.88399124,0.8815706,0.88346785,0.88527834,0.8741048,0.87939864,0.88383955,0.88705057,0.88007665,0.8794901,0.8772729,0.88692135,0.8815454,0.8866191,0.8805988,0.88094205,0.8798493,0.87820834,0.8879565,0.8888123,0.88450414,0.88171417,0.8757046,0.8849093,0.87913626,0.8753943,0.8815421,0.8852156,0.89116853,0.8808392,0.8866928,0.88665605,0.876482,0.8851803,0.87663275,0.8836204,0.8845559,0.8804345,0.8794114,0.89229244,0.88644713,0.88192606,0.88307834,0.88335174,0.8896136,0.87664706,0.8873576,0.87631667,0.8884487,0.87286496
0.77990854,0.78488266,0.78139406,0.7889861,0.7939894,0.7894514,0.7782898,0.7812901,0.7878052,0.7886736,0.78329706,0.78456813,0.7920238,0.7848555,0.7796362,0.7813335,0.78009164,0.7918174,0.78143334,0.78513205,0.7819166,0.7840081,0.7894104,0.7818113,0.7910178,0.7830924,0.78797966,0.777913,0.7943535,0.79581434,0.7877118,0.78471535,0.79064256,0.79622406,0.7860935,0.7945414,0.7883055,0.7861496,0.7916502,0.7868992,0.7928884,0.7882809,0.79228514,0.7797488,0.78864586,0.7898835,0.79654855,0.78866804,0.7908846,0.78943866,0.7879313,0.7832092,0.7882195,0.78503215,0.7930995,0.78761137,0.792709,0.7842896,0.78687423,0.7939459,0.7854581,0.7785502,0.7854936,0.7816333,0.78157574,0.7842634,0.78727704,0.7858282,0.78045267,0.7879602,0.7905623,0.78190225,0.7843696,0.78861696,0.78653467,0.7861782,0.78874075,0.78896195,0.78769445,0.7846531,0.7849372,0.7855062,0.7888092,0.7817865,0.7825067,0.7821764,0.7938443,0.7893441,0.78623754,0.7860962,0.7810426,0.7827912,0.78756696,0.77905667,0.7857008,0.790906,0.78833586,0.77883077,0.7889781,0.78928405,0.7859934,0.78962266,0.78509426,0.7883476,0.7849711,0.7904992,0.78589493,0.7897783,0.7832354,0.78856504,0.78613436,0.78339857,0.78829885,0.7909068,0.79024076,0.784959,0.779502,0.7801201,0.7866188,0.78000295,0.779312,0.7864797,0.78698957,0.7923266,0.78484434,0.7830693,0.78028345,0.7872069,0.78914726,0.7832106,0.7846062,0.79108757,0.7804824,0.7822713,0.7843814,0.7908252,0.7906468,0.77846354,0.7938838,0.7895989,0.78523153,0.78337216,0.7894098,0.7857775,0.78405404,0.7809823,0.78728884,0.7886552,0.7906211,0.7841148,0.78138775,0.7860735,0.7809514,0.78090227,0.7877618,0.7860907,0.78188133,0.790366,0.79200053,0.7947747,0.78759366,0.7814711,0.7879289,0.77911437,0.7858377,0.7920823,0.7864423,0.7860135,0.79045874,0.7868598,0.7870598,0.785352,0.7921685,0.7913115,0.7845698,0.7880688,0.78127736,0.7877796,0.7843993,0.78658116,0.78821397,0.7847821,0.78933775,0.7879216,0.78714275,0.78651744,0.78229177,0.7849511,0.78939426,0.78599286,0.7858088,0.7764526,0.7889718,0.7851006,0.7870822,0.7861706,0.784102,0.7877349,0.78504753,0.77143264,0.78925234,0.7887125,0.7900869,0.7791423,0.7883443,0.7817124,0.78581107,0.787711,0.79336655,0.79112214,0.7808614,0.7860314,0.7792681,0.7752288,0.78546804,0.7861586,0.785527,0.79219043,0.79228926,0.7850078,0.7877007,0.7813975,0.7797177,0.7888054,0.78638184,0.78606635,0.78512853,0.78803086,0.7863599,0.7902274,0.7880655,0.7914109,0.7866608,0.7935782,0.78154105,0.78187406,0.7879547,0.780577,0.7866838,0.78268635,0.79311997,0.7875715,0.785764,0.7865078,0.78678256,0.78767556,0.7805821,0.78969806,0.78995353,0.78391284,0.7872655,0.7854918,0.7862476,0.77991366,0.7857897,0.78393006,0.7873851,0.78315276,0.79241955,0.7821246,0.7799622,0.784267,0.7880776,0.78910255,0.78603595,0.78697896,0.7907661,0.7871232,0.78962034,0.7806331,0.7899751,0.78804976,0.7877649,0.77784437,0.783536,0.7838701,0.7898248,0.78546065,0.7883878,0.7945093,0.78094256,0.7822146,0.7850838,0.78716433,0.78562295,0.78460145,0.7891059,0.786573,0.78847355,0.7832973,0.78679365,0.7901659,0.7861288,0.78538215,0.7922267,0.78284055,0.7917642,0.7813647,0.78277653,0.79045206,0.78545743,0.7902936,0.7850406,0.7861829,0.7852067,0.7879906,0.78215134,0.7792771,0.7909847,0.79019827,0.79001516,0.78844887,0.7855748,0.78563476,0.79554623,0.78107727,0.7935171,0.78252906,0.79147583,0.7924236,0.7927536,0.7865967,0.7895169,0.78405726,0.7835141,0.7852777,0.78283113,0.78012455,0.7873981,0.7862097,0.79049677,0.7856809,0.7850198,0.78649706,0.78936815,0.7901204,0.7841837,0.7884316,0.7871611,0.7884405,0.7842117,0.7878584,0.7859086,0.7843036,0.784621,0.78233445,0.7923615,0.7853055,0.79261976,0.7838649,0.78326726,0.78665674,0.7809658,0.7848185,0.782825,0.7887305,0.78304046,0.7892477,0.78086865,0.7884487,0.7892289,0.7858624,0.7918001,0.78706676,0.78451914,0.7879835,0.7845317,0.78359014,0.78604615,0.7817124,0.77594614,0.78613293,0.77744657,0.78219604,0.78326225,0.7933969,0.7840255,0.7833492,0.786519,0.7849809,0.7884402,0.7822741,0.7901117,0.78831154,0.7852884,0.789418,0.7879804,0.7826494,0.7943485,0.78364074,0.78830343,0.78228617,0.78570247,0.7923088,0.78787774,0.7867695,0.79071784,0.7861541,0.77930695,0.7789226,0.7816935,0.7809706,0.78422946,0.785428,0.7894433,0.78922796,0.78745496,0.78207046,0.78822017,0.7910947,0.7873073,0.7865661,0.7883982,0.7902164,0.79062194,0.7848926,0.7917215,0.7917489,0.78240216,0.7861215,0.7798722,0.7779684,0.7941743,0.7918576,0.7893445,0.7934835,0.794316,0.7885399,0.78154296,0.7795487,0.7805864,0.7930495,0.7844144,0.7823677,0.7840854,0.7817392,0.79140735,0.78494686,0.7798021,0.7859125,0.79043084,0.78831553,0.78166026,0.78373885,0.788062,0.786481,0.79174536,0.78697747,0.78625,0.7857102,0.7937365,0.7854055,0.7870119,0.78368574,0.78958786,0.78393835,0.791876,0.78702307,0.794744,0.7817459,0.79108834,0.78735405,0.78549606,0.7894477,0.7837754,0.78809255,0.78914815,0.7816467,0.79381514,0.78527075,0.789928,0.7910974,0.7825559,0.7932237,0.7861887,0.78120476,0.7968916,0.78898275,0.79041344,0.7867072,0.77615476,0.7903195,0.7905205,0.78685033,0.78495103,0.7845233,0.78252554,0.7806725,0.78520316,0.7875948,0.79213655,0.78892356,0.7826916,0.7886323,0.78608674,0.7883378,0.7862168,0.7872445,0.78156585,0.78726995,0.78894484,0.7853041,0.7889015,0.77790457,0.79554856,0.7868233,0.78817636,0.78244805,0.78796947,0.78797287,0.7817227,0.79045576,0.788937,0.7808113,0.78253764,0.7848221,0.7892231,0.7844212,0.78048867,0.7873405,0.79248506,0.7850541,0.7829051,0.79278463,0.789546,0.7841692,0.7853757,0.782292,0.7847661,0.7886015,0.7861295,0.78506875,0.7887286,0.7828436,0.7844565,0.78247464,0.7899202,0.7833858,0.78548324,0.7938924,0.79122066,0.78046364,0.78784955,0.7829917,0.7814176,0.7795839,0.7954408,0.7850967,0.7868387,0.7912105,0.78812724,0.782593,0.7898324,0.7946835,0.78342843,0.7864671,0.7865098,0.7872625,0.787248,0.78285956,0.7855046,0.7874582,0.7853949,0.7851843,0.78345174,0.7970151,0.7877344,0.78408164,0.7842973,0.79411054,0.7935061,0.7906984,0.7789723,0.79133505,0.7880907,0.7878076,0.7847823,0.7871093,0.79025203,0.7830314,0.7817447,0.79183257,0.79180074,0.7912267,0.78980297,0.78936785,0.7809069,0.78271955,0.7809253,0.7846331,0.7906057,0.7814988,0.7818132,0.7809241,0.7795279,0.79124343,0.78541255,0.78285193,0.7797977,0.78609747,0.78299636,0.7864147,0.7844618,0.7804156,0.78210604,0.7906717,0.7825365,0.788799,0.7881857,0.7880436,0.78454024,0.7884893,0.78614223,0.79047763,0.7841386,0.78527504,0.79061913,0.7885864,0.7850896,0.7899149,0.784703,0.785526,0.7870478,0.7831258,0.7872409,0.78360057,0.78306943,0.7875276,0.78409046,0.78580254,0.7853111,0.782551,0.7850774,0.7878363,0.79053134,0.7867912,0.781706,0.7878323,0.793035,0.7858431,0.7876912,0.7869675,0.7783912,0.79294,0.78205234,0.7920246,0.7820434,0.7886485,0.78890747,0.7842903,0.78352046,0.78119516,0.7924409,0.78040326,0.78644097,0.7815837,0.7943997,0.78606635,0.7817185,0.7860724,0.78788805,0.784236,0.77983314,0.7930722,0.78161263,0.78979725,0.78544563,0.78486156,0.7809771,0.7953334,0.7897189,0.78861284,0.792483,0.7814401,0.78496253,0.78948283,0.7897425,0.79398745,0.78472745,0.7815757,0.7817535,0.78820777,0.7837874,0.7893868,0.7882049,0.78480095,0.7847728,0.7854,0.7859879,0.7869329,0.7923653,0.79143274,0.7957062,0.78412956,0.7840159,0.7850832,0.7826125,0.7925027,0.7909798,0.7901765,0.7894435,0.7846095,0.7822432,0.78879243,0.78383696,0.7832816,0.7807139,0.78600127,0.78507215,0.7916507,0.78180224,0.77677417,0.78628784,0.78412366,0.7861208,0.77764666,0.78166026,0.78800553,0.79038614,0.7918019,0.79050666,0.7894804,0.78303146,0.7953325,0.7855538,0.79238147,0.7851098,0.7847119,0.785468,0.7881208,0.7814669,0.7859853,0.79108757,0.780757,0.786496,0.7863495,0.78677875,0.78675497,0.78148425,0.78096867,0.788014,0.7897431,0.7830499,0.79196095,0.78111285,0.78281844,0.7829133,0.7881976,0.7850338,0.7874925,0.78658956,0.79009515,0.7846445,0.79025453,0.7853181,0.78440547,0.77692676,0.7816358,0.7862728,0.7833618,0.786718,0.78520507,0.78391474,0.78420633,0.785563,0.78247386,0.78780645,0.7787586,0.78533375,0.7927582,0.7839923,0.78386885,0.7858933,0.78690857,0.7876835,0.7810809,0.7898132,0.79033655,0.7861621,0.78416365,0.786376,0.78593034,0.7811257,0.7852672,0.7958501,0.7916619,0.78633803,0.7934031,0.79074293,0.7861695,0.7913993,0.7851412,0.78280824,0.7847124,0.7953499,0.7853103,0.7857345,0.786283,0.7899162,0.7836981,0.78362596,0.78446966,0.7822436,0.783753,0.7888074,0.79007393,0.78748775,0.78210896,0.79208934,0.79080456,0.780412,0.7878568,0.7852227,0.7879109,0.78870875,0.79103476,0.7901329,0.7875134,0.7921629,0.7834146,0.79533195,0.78529423,0.7872421,0.78820175,0.7910611,0.79194254,0.7930267,0.78298396,0.7830956,0.7927115,0.7877257,0.78884524,0.7895274,0.7924715,0.7825714,0.79123354,0.7837951,0.7943982,0.78914106,0.7832279,0.78796697,0.78603834,0.78531384,0.7812851,0.7892874,0.78652835,0.7941981,0.78115755,0.7778942,0.7925065,0.7900154,0.78762656,0.78457433,0.7870948,0.7831165,0.7845869,0.788504,0.7870758,0.79271907,0.7842702,0.7807505,0.78753936,0.78436285,0.7859503,0.78638065,0.7900691,0.781569,0.7852571,0.7929261,0.78690445,0.785257,0.7853629,0.7798346,0.7830986,0.78189635,0.79318124,0.7901862,0.78795666,0.7830194,0.7844434,0.7812236,0.7851795,0.79154,0.785628,0.782473,0.78613627,0.78026134,0.78601253,0.7833283,0.78655857,0.7866255,0.7886059,0.7859765,0.77892685,0.79326576,0.78331494,0.7846887,0.78415155,0.7901338,0.7893226,0.78929055,0.7836754,0.78038865,0.78910494,0.78587204,0.7922044,0.782758,0.79058933,0.7781647,0.78746104,0.7790818,0.79157674,0.78602386,0.7888216,0.78249645,0.7813158,0.79351324,0.7837995,0.78444487,0.78959054,0.78857404,0.7850372,0.7832578,0.7921949,0.78918314,0.786231,0.780775,0.78766537,0.78430015,0.783231,0.7842533,0.781031,0.7856787,0.7869707,0.7854998,0.7845002,0.78778,0.7863575,0.7884143,0.7875621,0.789051,0.78228194,0.7850195,0.78356296,0.78609365,0.7860147,0.7874888,0.7848337,0.79468995,0.7887493,0.78275347,0.78657705,0.7842509,0.7913907,0.78160346,0.7842863,0.7860829,0.7871406,0.787484,0.7865998,0.78467613,0.7932083,0.79056704,0.7839451,0.7897239,0.78349215,0.7868523,0.78672415,0.78960294,0.7919191,0.79192024,0.78954244,0.78255826,0.78799576,0.78524166,0.7807766,0.7884147,0.7897538,0.7899571,0.77875733,0.7900752,0.78813225,0.7878636,0.7865111,0.7807764,0.78545105,0.79144746,0.7842079,0.7867371,0.79449636,0.79020524,0.78762114,0.78686225,0.7848148,0.78555,0.78929377,0.78970164,0.79213727,0.78751326,0.7772368
0.0,0.0,0.0,0.0,0.0,0.0,0.0,0.0,0.0,0.0,0.0,0.0,0.0,0.0,0.0,0.0,0.0,0.0,0.0,0.0,0.0,0.0,0.0,0.0,0.0,0.0,0.0,0.0,0.0,0.0,0.0,0.0,0.0,0.0,0.0,0.0,0.0,0.0,0.0,0.0,0.0,0.0,0.0,0.0,0.0,0.0,0.0,0.0,0.0,0.0,0.0,0.0,0.0,0.0,0.0,0.0,0.0,0.0,0.0,0.0,0.0,0.0,0.0,0.0,0.0,0.0,0.0,0.0,0.0,0.0,0.0,0.0,0.0,0.0,0.0,0.0,0.0,0.0,0.0,0.0,0.0,0.0,0.0,0.0,0.0,0.0,0.0,0.0,0.0,0.0,0.0,0.0,0.0,0.0,0.0,0.0,0.0,0.0,0.0,0.0,0.0,0.0,0.0,0.0,0.0,0.0,0.0,0.0,0.0,0.0,0.0,0.0,0.0,0.0,0.0,0.0,0.0,0.0,0.0,0.0,0.0,0.0,0.0,0.0,0.0,0.0,0.0,0.0,0.0,0.0,0.0,0.0,0.0,0.0,0.0,0.0,0.0,0.0,0.0,0.0,0.0,0.0,0.0,0.0,0.0,0.0,0.0,0.0,0.0,0.0,0.0,0.0,0.0,0.0,0.0,0.0,0.0,0.0,0.0,0.0,0.0,0.0,0.0,0.0,0.0,0.0,0.0,0.0,0.0,0.0,0.0,0.0,0.0,0.0,0.0,0.0,0.0,0.0,0.0,0.0,0.0,0.0,0.0,0.0,0.0,0.0,0.0,0.0,0.0,0.0,0.0,0.0,0.0,0.0,0.0,0.0,0.0,0.0,0.0,0.0,0.0,0.0,0.0,0.0,0.0,0.0,0.0,0.0,0.0,0.0,0.0,0.0,0.0,0.0,0.0,0.0,0.0,0.0,0.0,0.0,0.0,0.0,0.0,0.0,0.0,0.0,0.0,0.0,0.0,0.0,0.0,0.0,0.0,0.0,0.0,0.0,0.0,0.0,0.0,0.0,0.0,0.0,0.0,0.0,0.0,0.0,0.0,0.0,0.0,0.0,0.0,0.0,0.0,0.0,0.0,0.0,0.0,0.0,0.0,0.0,0.0,0.0,0.0,0.0,0.0,0.0,0.0,0.0,0.0,0.0,0.0,0.0,0.0,0.0,0.0,0.0,0.0,0.0,0.0,0.0,0.0,0.0,0.0,0.0,0.0,0.0,0.0,0.0,0.0,0.0,0.0,0.0,0.0,0.0,0.0,0.0,0.0,0.0,0.0,0.0,0.0,0.0,0.0,0.0,0.0,0.0,0.0,0.0,0.0,0.0,0.0,0.0,0.0,0.0,0.0,0.0,0.0,0.0,0.0,0.0,0.0,0.0,0.0,0.0,0.0,0.0,0.0,0.0,0.0,0.0,0.0,0.0,0.0,0.0,0.0,0.0,0.0,0.0,0.0,0.0,0.0,0.0,0.0,0.0,0.0,0.0,0.0,0.0,0.0,0.0,0.0,0.0,0.0,0.0,0.0,0.0,0.0,0.0,0.0,0.0,0.0,0.0,0.0,0.0,0.0,0.0,0.0,0.0,0.0,0.0,0.0,0.0,0.0,0.0,0.0,0.0,0.0,0.0,0.0,0.0,0.0,0.0,0.0,0.0,0.0,0.0,0.0,0.0,0.0,0.0,0.0,0.0,0.0,0.0,0.0,0.0,0.0,0.0,0.0,0.0,0.0,0.0,0.0,0.0,0.0,0.0,0.0,0.0,0.0,0.0,0.0,0.0,0.0,0.0,0.0,0.0,0.0,0.0,0.0,0.0,0.0,0.0,0.0,0.0,0.0,0.0,0.0,0.0,0.0,0.0,0.0,0.0,0.0,0.0,0.0,0.0,0.0,0.0,0.0,0.0,0.0,0.0,0.0,0.0,0.0,0.0,0.0,0.0,0.0,0.0,0.0,0.0,0.0,0.0,0.0,0.0,0.0,0.0,0.0,0.0,0.0,0.0,0.0,0.0,0.0,0.0,0.0,0.0,0.0,0.0,0.0,0.0,0.0,0.0,0.0,0.0,0.0,0.0,0.0,0.0,0.0,0.0,0.0,0.0,0.0,0.0,0.0,0.0,0.0,0.0,0.0,0.0,0.0,0.0,0.0,0.0,0.0,0.0,0.0,0.0,0.0,0.0,0.0,0.0,0.0,0.0,0.0,0.0,0.0,0.0,0.0,0.0,0.0,0.0,0.0,0.0,0.0,0.0,0.0,0.0,0.0,0.0,0.0,0.0,0.0,0.0,0.0,0.0,0.0,0.0,0.0,0.0,0.0,0.0,0.0,0.0,0.0,0.0,0.0,0.0,0.0,0.0,0.0,0.0,0.0,0.0,0.0,0.0,0.0,0.0,0.0,0.0,0.0,0.0,0.0,0.0,0.0,0.0,0.0,0.0,0.0,0.0,0.0,0.0,0.0,0.0,0.0,0.0,0.0,0.0,0.0,0.0,0.0,0.0,0.0,0.0,0.0,0.0,0.0,0.0,0.0,0.0,0.0,0.0,0.0,0.0,0.0,0.0,0.0,0.0,0.0,0.0,0.0,0.0,0.0,0.0,0.0,0.0,0.0,0.0,0.0,0.0,0.0,0.0,0.0,0.0,0.0,0.0,0.0,0.0,0.0,0.0,0.0,0.0,0.0,0.0,0.0,0.0,0.0,0.0,0.0,0.0,0.0,0.0,0.0,0.0,0.0,0.0,0.0,0.0,0.0,0.0,0.0,0.0,0.0,0.0,0.0,0.0,0.0,0.0,0.0,0.0,0.0,0.0,0.0,0.0,0.0,0.0,0.0,0.0,0.0,0.0,0.0,0.0,0.0,0.0,0.0,0.0,0.0,0.0,0.0,0.0,0.0,0.0,0.0,0.0,0.0,0.0,0.0,0.0,0.0,0.0,0.0,0.0,0.0,0.0,0.0,0.0,0.0,0.0,0.0,0.0,0.0,0.0,0.0,0.0,0.0,0.0,0.0,0.0,0.0,0.0,0.0,0.0,0.0,0.0,0.0,0.0,0.0,0.0,0.0,0.0,0.0,0.0,0.0,0.0,0.0,0.0,0.0,0.0,0.0,0.0,0.0,0.0,0.0,0.0,0.0,0.0,0.0,0.0,0.0,0.0,0.0,0.0,0.0,0.0,0.0,0.0,0.0,0.0,0.0,0.0,0.0,0.0,0.0,0.0,0.0,0.0,0.0,0.0,0.0,0.0,0.0,0.0,0.0,0.0,0.0,0.0,0.0,0.0,0.0,0.0,0.0,0.0,0.0,0.0,0.0,0.0,0.0,0.0,0.0,0.0,0.0,0.0,0.0,0.0,0.0,0.0,0.0,0.0,0.0,0.0,0.0,0.0,0.0,0.0,0.0,0.0,0.0,0.0,0.0,0.0,0.0,0.0,0.0,0.0,0.0,0.0,0.0,0.0,0.0,0.0,0.0,0.0,0.0,0.0,0.0,0.0,0.0,0.0,0.0,0.0,0.0,0.0,0.0,0.0,0.0,0.0,0.0,0.0,0.0,0.0,0.0,0.0,0.0,0.0,0.0,0.0,0.0,0.0,0.0,0.0,0.0,0.0,0.0,0.0,0.0,0.0,0.0,0.0,0.0,0.0,0.0,0.0,0.0,0.0,0.0,0.0,0.0,0.0,0.0,0.0,0.0,0.0,0.0,0.0,0.0,0.0,0.0,0.0,0.0,0.0,0.0,0.0,0.0,0.0,0.0,0.0,0.0,0.0,0.0,0.0,0.0,0.0,0.0,0.0,0.0,0.0,0.0,0.0,0.0,0.0,0.0,0.0,0.0,0.0,0.0,0.0,0.0,0.0,0.0,0.0,0.0,0.0,0.0,0.0,0.0,0.0,0.0,0.0,0.0,0.0,0.0,0.0,0.0,0.0,0.0,0.0,0.0,0.0,0.0,0.0,0.0,0.0,0.0,0.0,0.0,0.0,0.0,0.0,0.0,0.0,0.0,0.0,0.0,0.0,0.0,0.0,0.0,0.0,0.0,0.0,0.0,0.0,0.0,0.0,0.0,0.0,0.0,0.0,0.0,0.0,0.0,0.0,0.0,0.0,0.0,0.0,0.0,0.0,0.0,0.0,0.0,0.0,0.0,0.0,0.0,0.0,0.0,0.0,0.0,0.0,0.0,0.0,0.0,0.0,0.0,0.0,0.0,0.0,0.0,0.0,0.0,0.0,0.0,0.0,0.0,0.0,0.0,0.0,0.0,0.0,0.0,0.0,0.0,0.0,0.0,0.0,0.0,0.0,0.0,0.0,0.0,0.0,0.0,0.0,0.0,0.0,0.0,0.0,0.0,0.0,0.0,0.0,0.0,0.0,0.0,0.0,0.0,0.0
1.0716821,1.0731127,1.0668385,1.077172,1.0691943,1.0699071,1.0646836,1.0672364,1.0750488,1.069709,1.0658698,1.0703548,1.081373,1.0681553,1.0722945,1.0727868,1.0733601,1.0758562,1.0696024,1.073403,1.0708866,1.0743778,1.0780687,1.0696584,1.074423,1.064812,1.0730302,1.0689731,1.0813471,1.080994,1.068807,1.0702764,1.0678684,1.0725133,1.0705173,1.0771763,1.0723933,1.0684305,1.074769,1.0750362,1.0740216,1.0688089,1.072999,1.0724281,1.07166,1.0720315,1.075683,1.0758793,1.0723218,1.0707233,1.0752952,1.0781167,1.0726562,1.0742478,1.0749114,1.0726763,1.0746498,1.0669751,1.0659462,1.0787992,1.065125,1.066096,1.0760405,1.0633421,1.0745244,1.0678486,1.0749263,1.0630376,1.0667583,1.0726628,1.0765132,1.0730903,1.0779034,1.0761886,1.0730509,1.0740279,1.0768695,1.0700725,1.0779393,1.0691264,1.0774386,1.0759238,1.0781518,1.068941,1.0720859,1.0718757,1.0742337,1.0773072,1.0744482,1.0690266,1.0712134,1.073339,1.0761883,1.0674171,1.0618644,1.0689974,1.0739657,1.0751945,1.0764415,1.0757434,1.0720959,1.0678118,1.0691689,1.0785947,1.0672363,1.081838,1.0734698,1.0753775,1.0731725,1.069551,1.0651044,1.0649867,1.0761791,1.0771779,1.0739514,1.0702367,1.0732753,1.067313,1.0749965,1.0670015,1.06882,1.0745203,1.0750523,1.0672809,1.0699811,1.0734888,1.0696491,1.0792058,1.0774311,1.07738,1.0686076,1.0732768,1.0649674,1.0732889,1.0704055,1.0757613,1.068095,1.0625889,1.0759166,1.0844946,1.0712957,1.0748355,1.0773832,1.0738032,1.0727236,1.0748702,1.0716479,1.0666825,1.0709205,1.0761718,1.0683908,1.0632712,1.0678352,1.0704877,1.0749797,1.0749562,1.0714762,1.0694226,1.0786732,1.0739081,1.0768008,1.0697595,1.0747942,1.0703735,1.0678599,1.074501,1.0721953,1.0770242,1.067729,1.0668917,1.0724303,1.0628059,1.0804261,1.0709,1.068628,1.0717871,1.0677507,1.0766977,1.0773829,1.0742898,1.0745409,1.0693225,1.0790353,1.0687833,1.0750369,1.0655655,1.069411,1.0700372,1.0716043,1.0690551,1.0722387,1.0653421,1.073766,1.0726091,1.0778437,1.0706118,1.0797876,1.0751022,1.0662377,1.0674429,1.0759519,1.0705938,1.0695904,1.0628937,1.0772946,1.0708231,1.0752131,1.074259,1.072463,1.0752167,1.0674235,1.0692424,1.0734881,1.0674872,1.0776521,1.0720612,1.0753417,1.0754381,1.0735847,1.0739745,1.0718209,1.0716027,1.069143,1.0733367,1.0654,1.074546,1.0688984,1.071747,1.0730743,1.0756816,1.0698254,1.0790479,1.0671769,1.0791656,1.0694703,1.0700002,1.0721108,1.0722312,1.0758342,1.0747037,1.0731573,1.0736264,1.0697515,1.0759649,1.0770864,1.0743539,1.075339,1.0724739,1.0710841,1.0705202,1.0769271,1.0740194,1.0740966,1.0704062,1.0751178,1.0663036,1.0719382,1.0685408,1.0772254,1.0687311,1.0657591,1.0746219,1.0758704,1.0763191,1.0713506,1.0725234,1.0740885,1.0756415,1.0757427,1.0727484,1.0787787,1.0706164,1.07158,1.0659541,1.0737648,1.0789689,1.0733951,1.0696025,1.0761808,1.0774264,1.0667669,1.0706345,1.0723882,1.0790457,1.0737556,1.0730957,1.0710834,1.0696288,1.0684634,1.0662508,1.0755905,1.0796043,1.0715008,1.0741986,1.072626,1.068665,1.0692052,1.070401,1.0679069,1.0738152,1.0714827,1.0664518,1.0753237,1.0700583,1.0721827,1.0743941,1.0633386,1.0688719,1.0730808,1.0718175,1.0756857,1.0732669,1.0673265,1.0726302,1.0768889,1.0726222,1.0738709,1.070371,1.0754294,1.0708386,1.0813198,1.0770149,1.0733641,1.073024,1.0746236,1.0750427,1.0715513,1.070826,1.073807,1.0807251,1.076701,1.0726691,1.0708091,1.0731099,1.0768212,1.0748436,1.0700045,1.0705127,1.0730084,1.0750335,1.0752476,1.0716139,1.0720583,1.0756874,1.0729604,1.0706668,1.0765759,1.0755337,1.0813493,1.0680331,1.0638894,1.0728033,1.0748899,1.0762749,1.072011,1.0752051,1.0747356,1.0715163,1.0687768,1.0751646,1.0725466,1.0726571,1.0700536,1.0772625,1.0724326,1.0758005,1.0724012,1.0711111,1.0694336,1.0700507,1.064668,1.0790048,1.068191,1.0692116,1.0713606,1.0778391,1.0749148,1.0673239,1.0794706,1.0759908,1.0821662,1.0722102,1.080673,1.0725689,1.0718716,1.0779545,1.0730848,1.0695933,1.077744,1.0673084,1.0744401,1.0695486,1.069212,1.0734614,1.0755314,1.0600654,1.0743095,1.0738583,1.0654253,1.0643696,1.0705463,1.0727818,1.0667772,1.0736948,1.0738711,1.0815166,1.0669415,1.0687145,1.0777197,1.0702926,1.0734177,1.0708917,1.0742838,1.075885,1.0755377,1.0698394,1.0752577,1.0761665,1.0715809,1.0763339,1.0755236,1.0753777,1.0836288,1.068724,1.0700879,1.0726905,1.0733685,1.0732243,1.0706916,1.0765917,1.0668073,1.0760751,1.0728272,1.0733831,1.065232,1.0658584,1.0756366,1.0770237,1.0749958,1.0755172,1.0749187,1.0768915,1.0728515,1.0699619,1.0716617,1.07398,1.070017,1.0696892,1.0753227,1.0729952,1.0737622,1.072687,1.0723134,1.0713207,1.079186,1.0670898,1.0754994,1.0726445,1.069737,1.0658933,1.072683,1.0738188,1.0710307,1.0694593,1.074904,1.071662,1.0768713,1.0655165,1.0783839,1.0754269,1.0711489,1.0720435,1.073935,1.0769365,1.0753114,1.0665748,1.0730776,1.0681396,1.0731938,1.0761042,1.0702776,1.0741681,1.0738052,1.0730971,1.072439,1.0717782,1.0714974,1.0714067,1.0719705,1.070249,1.075297,1.068321,1.071657,1.0709887,1.0708363,1.0719678,1.0770154,1.0748401,1.0760196,1.0748956,1.0657141,1.0680603,1.0724306,1.0701921,1.0783168,1.0810789,1.0693846,1.0740628,1.0715641,1.0774624,1.0737373,1.0739954,1.0691726,1.0667702,1.0737271,1.07111,1.076255,1.0755391,1.0724425,1.0738971,1.0722512,1.0652176,1.0777675,1.0694345,1.0722919,1.0699469,1.0774173,1.0626402,1.0695349,1.0749993,1.0775484,1.0683631,1.077858,1.0646653,1.071462,1.0703094,1.0712358,1.0813406,1.066585,1.0670801,1.0731368,1.0685787,1.067371,1.0686814,1.078142,1.0654227,1.0744061,1.0696434,1.0708133,1.0713179,1.0686631,1.075447,1.071134,1.0759798,1.0736103,1.080129,1.0773923,1.0731617,1.0719743,1.0665578,1.0776707,1.0703514,1.0743954,1.0687056,1.0732201,1.0708435,1.0694734,1.0738462,1.0714109,1.0726546,1.0788662,1.0747904,1.0744555,1.0734327,1.0685859,1.0703328,1.0693161,1.0700366,1.0706016,1.0763537,1.0708404,1.0737115,1.0687935,1.06681,1.0717977,1.0748234,1.0726206,1.075316,1.0747199,1.0765474,1.0768518,1.0656172,1.0719099,1.0734357,1.0675018,1.0711486,1.0654761,1.0679351,1.0637197,1.0722564,1.0724696,1.0753735,1.0703158,1.0703248,1.0682002,1.0719321,1.071327,1.0713439,1.0762007,1.0825045,1.0695558,1.0743425,1.0754584,1.0787575,1.0652167,1.0671458,1.0768281,1.073647,1.0689231,1.0735724,1.0762928,1.0723302,1.0716193,1.070852,1.0750599,1.0691543,1.0703338,1.0689495,1.07061,1.0742167,1.0722889,1.0641204,1.07527,1.0745388,1.0785747,1.0692353,1.0709273,1.0687418,1.0694067,1.0784467,1.0747635,1.0752715,1.0742568,1.0749059,1.0792496,1.0731347,1.0680472,1.0780903,1.0769615,1.0730224,1.0696198,1.0700494,1.0770924,1.063545,1.07206,1.0758796,1.0727091,1.0735486,1.0756906,1.0699779,1.0754006,1.0751164,1.0735658,1.0783732,1.0665957,1.0718869,1.0679529,1.0723411,1.0698907,1.0736101,1.0718197,1.0720791,1.076205,1.0667998,1.0698413,1.0781281,1.0738986,1.0770516,1.0766451,1.0699928,1.0771445,1.069873,1.072124,1.0743251,1.0740764,1.0700475,1.0672597,1.0732609,1.068094,1.0745595,1.0766445,1.0683744,1.0754265,1.0631795,1.0712602,1.0735644,1.064922,1.0702819,1.0708894,1.0761265,1.0719135,1.0755821,1.0759356,1.0769708,1.070996,1.0695974,1.072215,1.078769,1.0714544,1.0755271,1.0689427,1.0704257,1.068781,1.060702,1.069576,1.068841,1.0624335,1.0786982,1.0712998,1.0778533,1.0672395,1.0812851,1.0700426,1.080813,1.0710819,1.0762355,1.0717345,1.0724497,1.0755167,1.0711781,1.0642587,1.0687724,1.0831406,1.0651131,1.0692624,1.0726584,1.0675915,1.0707222,1.0655993,1.0652539,1.0756415,1.0753305,1.0725381,1.0746052,1.0703686,1.0675035,1.0661558,1.0698512,1.0655811,1.0784832,1.0775133,1.0655127,1.0693936,1.073995,1.0668098,1.0748682,1.0662577,1.0694338,1.0764865,1.0703067,1.074014,1.0686617,1.0742911,1.0654438,1.0690528,1.0685971,1.0754676,1.0729594,1.066385,1.0707641,1.0737771,1.0727113,1.0711495,1.077247,1.0678651,1.0648096,1.0750859,1.0744582,1.07423,1.0704057,1.0731306,1.0703086,1.0771431,1.0690918,1.0756489,1.0747164,1.0732406,1.0785722,1.076577,1.0681162,1.067552,1.0702915,1.0747341,1.0752296,1.0762221,1.0724154,1.0715579,1.0684263,1.072849,1.0781,1.063848,1.0738034,1.0714927,1.0726156,1.0740659,1.0718179,1.0730563,1.0675005,1.072128,1.0746951,1.0725484,1.0675757,1.0756948,1.0736383,1.072663,1.0718765,1.0717192,1.0721515,1.0742757,1.0723165,1.0767711,1.0734842,1.066153,1.0808399,1.0784452,1.0705103,1.0743665,1.0770885,1.0734367,1.0761219,1.075221,1.0758901,1.0721868,1.0728122,1.0701753,1.0764582,1.0767764,1.0774531,1.0710499,1.0706055,1.067083,1.0725753,1.0692892,1.0654652,1.0717297,1.0713004,1.0773832,1.0719442,1.0724767,1.0728928,1.0746335,1.0739307,1.0700588,1.0728443,1.0693858,1.0709645,1.0705142,1.076768,1.076835,1.0754386,1.0767475,1.0709093,1.0758762,1.0731958,1.0719155,1.0760398,1.0729083,1.0766538,1.0816902,1.0720185,1.0695554,1.0743926,1.064478,1.0759482,1.0720096,1.0753245,1.0740224,1.0798752,1.0621448,1.0706551,1.074076,1.0755466,1.0723431,1.0714257,1.0706224,1.0768394,1.0696024,1.0758308,1.0712318,1.0736166,1.0703942,1.0702691,1.0684174,1.0762167,1.0749053,1.074198,1.0745078,1.0749458,1.0749664,1.0718291,1.0680314,1.0721043,1.0668453,1.0700045,1.0767928,1.0819749,1.0712434,1.0730891,1.0671945,1.073622,1.0629971,1.0781422,1.0753125,1.0749094,1.0717599,1.0696312,1.0760034,1.0678525,1.0700772,1.0707746,1.0752535,1.070494,1.0755442,1.0732303,1.0715293,1.063161,1.0593635,1.0669745,1.075173,1.0648226,1.0661391,1.074066,1.0710253,1.0731084,1.0811154,1.0738584,1.0734135,1.0692246,1.067776,1.0714024,1.0749105,1.0781802,1.0720823,1.0672334,1.0757319,1.0742769,1.0717248,1.0744845,1.0732739,1.0685966,1.0755162,1.0723251,1.0688978,1.0757697,1.0681975,1.0693542,1.0709133,1.0747192,1.0708036,1.0734558,1.069142,1.0753785,1.0775826,1.0732734,1.0714734,1.0701272,1.073824,1.0730906,1.0720406,1.0739411,1.0743033,1.0699556,1.0702491,1.0682262,1.0663971,1.0624627,1.0757571,1.0697608,1.0729591,1.0713423,1.0747886,1.0766326,1.0801693,1.0722696,1.0652016,1.0770468,1.0723172,1.0694726,1.0652514,1.0808281,1.0784843,1.075849,1.0724092,1.0738412,1.077848,1.0725765,1.069197,1.066488,1.0729134,1.0597416
0.9523546,0.9418767,0.94793624,0.9454533,0.94447625,0.932865,0.93634737,0.94439363,0.9414623,0.93527627,0.9458797,0.9399778,0.93300796,0.94456214,0.94186187,0.9431432,0.9404369,0.9415644,0.94537735,0.94446594,0.9507685,0.9503258,0.94818825,0.9464573,0.94353855,0.9404636,0.94714004,0.94146615,0.94395137,0.94599646,0.94002753,0.94318527,0.94093746,0.9512215,0.9417523,0.94668746,0.9497126,0.9420478,0.9457128,0.94525903,0.94131565,0.9484061,0.94657123,0.94126475,0.9414342,0.9454796,0.937597,0.9469418,0.93623227,0.9447589,0.9433031,0.94630104,0.9415626,0.9432512,0.94104105,0.9453049,0.9448468,0.9421197,0.94059145,0.9451686,0.94385475,0.9402209,0.94844013,0.94120705,0.94272757,0.9397388,0.9516755,0.9428818,0.9389795,0.9427068,0.9504719,0.9530013,0.94529206,0.94938403,0.9443213,0.9337465,0.9464756,0.9443594,0.93604034,0.93867767,0.94664305,0.9562225,0.9452965,0.93713206,0.9380401,0.9422374,0.94448024,0.94336313,0.94304556,0.9443146,0.9464929,0.9499012,0.95210755,0.9418192,0.9372331,0.94522196,0.9468597,0.94504833,0.9416381,0.94339657,0.9474643,0.9392299,0.9362068,0.94133353,0.942784,0.9469131,0.94321984,0.94605976,0.94191366,0.94305307,0.9431107,0.93338734,0.94639117,0.9489495,0.94551027,0.9466124,0.95121646,0.9397653,0.94136775,0.94027156,0.94887024,0.94763887,0.942554,0.9387326,0.9470087,0.9426111,0.93866205,0.95067453,0.9490846,0.94576544,0.94177455,0.9446785,0.94285953,0.9431094,0.9402,0.94398665,0.93505996,0.9378066,0.93900263,0.93943876,0.93991876,0.9401765,0.9437636,0.9503297,0.93507564,0.94842255,0.9464753,0.93784314,0.94100356,0.9451485,0.9498382,0.9352191,0.9450309,0.94248825,0.9418465,0.94478405,0.94388664,0.9417662,0.93678194,0.94113165,0.94762695,0.943064,0.9436856,0.9404438,0.939867,0.9402482,0.93244547,0.94929314,0.9401376,0.9428891,0.9428196,0.94388324,0.9466945,0.937509,0.9437742,0.94088256,0.9399574,0.938472,0.9364866,0.9454042,0.9376085,0.94408435,0.9365696,0.94148165,0.9460105,0.9351037,0.94773996,0.9387323,0.94353145,0.9365892,0.9533067,0.93767697,0.9368108,0.94382876,0.94598323,0.9427567,0.9544583,0.950118,0.94781035,0.9396623,0.946444,0.95043945,0.9460168,0.9388184,0.9378782,0.9426593,0.94680285,0.9487935,0.9453375,0.94404733,0.9416123,0.9416291,0.94343436,0.94565445,0.9482661,0.9436657,0.94913393,0.9417275,0.94824183,0.937248,0.948857,0.9440303,0.9435126,0.94071686,0.9387087,0.93859875,0.9422549,0.9437142,0.9474052,0.94223607,0.9449357,0.93881685,0.94115496,0.9461893,0.93984103,0.9462403,0.94262856,0.94974935,0.9508389,0.94476277,0.94223946,0.9424999,0.94182533,0.9491108,0.9418567,0.942902,0.9437436,0.95084196,0.9405971,0.9425629,0.94433486,0.9385272,0.9437427,0.9411438,0.94002193,0.94188684,0.9517517,0.9403093,0.94411504,0.94221324,0.942551,0.94666594,0.94339675,0.94238967,0.94585234,0.94356734,0.9439648,0.94487804,0.9473551,0.93485326,0.94299567,0.93949896,0.9443471,0.9350357,0.939457,0.9434243,0.94087166,0.94476104,0.9412295,0.9415345,0.94016474,0.9534839,0.95505756,0.9427497,0.94790596,0.94157565,0.95615155,0.94228846,0.94402146,0.94359064,0.9477171,0.9446363,0.9424127,0.9496893,0.9434107,0.9467917,0.945621,0.94635284,0.9395718,0.9490789,0.9373512,0.940569,0.9466179,0.9411413,0.9446902,0.9429276,0.9484152,0.9464241,0.9422563,0.93465316,0.943818,0.93851775,0.9408074,0.9381686,0.9481734,0.9394193,0.9517591,0.9467161,0.9409001,0.9417437,0.94811827,0.9383758,0.9455682,0.9427148,0.9365283,0.94864905,0.9367648,0.9431813,0.9369668,0.9516295,0.9391681,0.9444421,0.9363296,0.94824225,0.94651335,0.9446224,0.94376796,0.9435134,0.9410641,0.94810116,0.93528455,0.9426965,0.9437182,0.94631857,0.9469075,0.94206595,0.9491908,0.94377273,0.9512527,0.94311446,0.94441575,0.9390349,0.95148104,0.94394416,0.9337476,0.9423578,0.95072967,0.9467695,0.9470075,0.9451655,0.9484921,0.9386781,0.94517344,0.94770247,0.9456217,0.9522871,0.94203705,0.93837625,0.9413064,0.9341826,0.9439199,0.95274353,0.93582284,0.9420281,0.940684,0.94801956,0.9522243,0.9462989,0.9452091,0.9423958,0.9421276,0.9449678,0.9445174,0.9417022,0.94955856,0.945603,0.9426942,0.94157094,0.9499022,0.94442356,0.94567114,0.94964796,0.9350166,0.93847054,0.9426285,0.9330013,0.9391973,0.9437709,0.94265765,0.9338015,0.9520388,0.9423245,0.9412744,0.94827026,0.94291866,0.9395232,0.9390084,0.9389368,0.9459921,0.9474513,0.94745415,0.94385624,0.9446169,0.94457585,0.9448559,0.9464332,0.94230044,0.9515548,0.9494268,0.9492006,0.9411353,0.9470547,0.9434567,0.94123083,0.9384487,0.936491,0.9400374,0.9419826,0.94047284,0.9420174,0.93799907,0.9363196,0.9389101,0.94776785,0.94629085,0.9474618,0.9425928,0.94615877,0.94234854,0.94589615,0.9433242,0.94089437,0.9433766,0.93933266,0.9392054,0.94345963,0.9444399,0.93330246,0.94998425,0.9401961,0.9441145,0.9405397,0.9445925,0.94944113,0.9406904,0.93731475,0.949112,0.9381238,0.943805,0.93865305,0.94468725,0.9458633,0.9417316,0.9485724,0.95371646,0.9407415,0.94223857,0.94160676,0.944613,0.9432574,0.9456391,0.949731,0.9460844,0.94776523,0.94244057,0.93795145,0.9464214,0.94102657,0.938273,0.94381565,0.9402633,0.93903357,0.94136935,0.9432527,0.9486353,0.9395532,0.948986,0.9442969,0.9384901,0.95034385,0.9407004,0.94125706,0.9421161,0.94311106,0.945324,0.9491853,0.9450548,0.94344157,0.9407905,0.94025433,0.93866366,0.9404755,0.9378043,0.9431135,0.9422682,0.93923974,0.9304482,0.94225234,0.9501253,0.9440605,0.94549966,0.95022976,0.9415927,0.9468588,0.9463601,0.9471444,0.93723947,0.9498419,0.947256,0.94133663,0.94613737,0.93768525,0.9420989,0.93749356,0.9445155,0.9476548,0.9399963,0.9432488,0.9418857,0.9392138,0.94375217,0.9495671,0.94569904,0.93945026,0.9464101,0.94285727,0.9380661,0.94971704,0.94733,0.9410956,0.94290346,0.94540423,0.94113475,0.9468829,0.95072204,0.9389295,0.95399547,0.9421056,0.93815386,0.94953364,0.9459751,0.9411269,0.9353248,0.949012,0.95249045,0.9459605,0.943338,0.9439067,0.9427571,0.941235,0.93722296,0.9368461,0.9481596,0.9415808,0.94218403,0.9420879,0.9395656,0.93587565,0.94506866,0.9419458,0.9412742,0.94564086,0.94458544,0.9449099,0.94768405,0.94653684,0.9361172,0.9413628,0.9448696,0.9368322,0.9431835,0.94845176,0.93792194,0.94111073,0.9384187,0.94877607,0.939558,0.9419607,0.95478785,0.94828135,0.9402339,0.9406184,0.94383013,0.93637466,0.9492612,0.94375324,0.94266826,0.93908995,0.94015473,0.932664,0.949054,0.93742704,0.9362733,0.94779897,0.94296885,0.9458578,0.95363504,0.9436374,0.9443771,0.95232916,0.94685453,0.94445693,0.94243634,0.94666225,0.933774,0.9405573,0.9454682,0.9411423,0.9371938,0.9459835,0.94514775,0.9402711,0.935722,0.94639117,0.9492678,0.9354791,0.94151896,0.934738,0.9387153,0.94672626,0.94356585,0.9410998,0.9465722,0.9412491,0.9401288,0.9483767,0.94773567,0.9444326,0.9483038,0.9411275,0.94385535,0.95022637,0.9396681,0.951427,0.94344014,0.93718296,0.94243073,0.9445573,0.94462997,0.93686765,0.9431882,0.93765575,0.9482522,0.93706954,0.9350453,0.94983155,0.94033253,0.9424654,0.946115,0.94160396,0.94343317,0.94580364,0.94996154,0.9520543,0.9403652,0.9408366,0.94698954,0.9370505,0.94953257,0.9367255,0.93480974,0.94730693,0.945337,0.944172,0.94665945,0.943779,0.94404054,0.94344336,0.9470353,0.9416714,0.94256413,0.9348908,0.9403143,0.94624954,0.94694555,0.93741506,0.94589216,0.9500029,0.93357825,0.94222236,0.93622696,0.942838,0.9366617,0.94445133,0.94074017,0.94807136,0.9331432,0.9484722,0.94804776,0.9426869,0.9495925,0.9496568,0.9432908,0.94663996,0.9357328,0.94164246,0.94259953,0.9434787,0.9527635,0.9452318,0.94503284,0.9408496,0.9425517,0.93332356,0.93885744,0.9457781,0.9376123,0.94361496,0.9426257,0.9324964,0.93801296,0.9481322,0.9387852,0.9470167,0.9347423,0.952921,0.9402411,0.9349472,0.94528824,0.94013566,0.9361107,0.94558114,0.94461375,0.94196016,0.9366633,0.9428299,0.941428,0.9513276,0.9425916,0.9430878,0.93954587,0.9509879,0.94112337,0.9428304,0.9411534,0.94329864,0.93384063,0.9446897,0.93793404,0.94619954,0.9441608,0.9306531,0.95019704,0.93933755,0.9408167,0.9498728,0.9452576,0.94707197,0.9359811,0.9411924,0.9449951,0.94473547,0.9388565,0.9336887,0.941894,0.93935376,0.94388103,0.94593954,0.9414115,0.94834536,0.9393973,0.94037795,0.9442705,0.9475028,0.94908124,0.9388406,0.94268674,0.9434266,0.952175,0.9424631,0.93911475,0.9379781,0.94304883,0.9421412,0.945707,0.9400943,0.94471043,0.94835204,0.9500909,0.94154835,0.9422402,0.9530233,0.95034873,0.94454587,0.94466174,0.9427418,0.9377651,0.934513,0.9357424,0.94326645,0.9367616,0.9447092,0.94050837,0.94039077,0.9429267,0.94098467,0.94299924,0.9392228,0.9431564,0.9426005,0.9433306,0.94749045,0.94396085,0.9443161,0.9416628,0.93666196,0.9434428,0.945859,0.9443094,0.9439927,0.94560015,0.94001365,0.94262886,0.9505927,0.9486502,0.9481647,0.94122434,0.94323164,0.94742495,0.939116,0.94215876,0.9420358,0.9437688,0.9404344,0.9487864,0.9402263,0.94193983,0.94544256,0.9474568,0.94419557,0.9389627,0.9411386,0.94039285,0.9392229,0.95310056,0.9527692,0.9401301,0.94578046,0.9438716,0.93896294,0.93956065,0.9449029,0.93854594,0.94425744,0.94225675,0.93745613,0.9415887,0.9468516,0.9363995,0.9439171,0.9429658,0.94236976,0.94055694,0.9422064,0.93373364,0.9445705,0.93978846,0.9423017,0.94942755,0.94301444,0.94215924,0.94899166,0.9354738,0.9458565,0.9386913,0.9466755,0.94349575,0.944522,0.9403934,0.9451622,0.94369674,0.9355715,0.9439689,0.9405238,0.94452703,0.93031526,0.9452333,0.94106364,0.94530165,0.94203377,0.93636197,0.9469105,0.94370306,0.94896376,0.94286126,0.94751954,0.9433378,0.9427484,0.9482358,0.94411033,0.9404226,0.93866736,0.94118696,0.9468356,0.9466893,0.9512772,0.9483787,0.94659036,0.9429531,0.93974406,0.9435079,0.9484968,0.9442274,0.93947715,0.94120634,0.9441637,0.941459,0.94075006,0.93963987,0.9505776,0.9431872,0.9420453,0.9469703,0.94098413,0.93996423,0.94206405,0.94353724,0.9423113,0.9361169,0.9455647,0.9393988,0.9433397,0.94181,0.9444543,0.94476366,0.948819,0.94592005,0.94382596,0.9321788,0.9401346,0.94831604,0.94321495,0.940654,0.94357926,0.94234735,0.9482149,0.9488229,0.94772124,0.9412125,0.9484132,0.95029974,0.94595367,0.93834686,0.9464873,0.9422446,0.9431208,0.9409714,0.949083,0.9442741,0.94679165,0.94211125,0.9494156,0.95096546,0.9436277,0.9408844,0.94382197,0.9413384,0.94590646,0.9516215,0.94714546,0.94201744,0.9416176,0.9391313,0.9466622,0.94279313,0.9326487,0.94343466,0.9380394,0.9472689,0.9403015,0.944092,0.9401871,0.9492146,0.95002085,0.9433258,0.94131935,0.9399736,0.94637114,0.9454253,0.95039886,0.94807595,0.9411931,0.944665,0.95235634,0.9476671,0.9367907,0.94290465,0.94076025,0.9455734,0.93976784
1.1419587,1.130612,1.1382055,1.1359706,1.1381339,1.1433841,1.1345817,1.1381481,1.1452936,1.138712,1.1271514,1.1320624,1.1415753,1.1404731,1.1359283,1.140833,1.141822,1.1374475,1.138397,1.1395813,1.1408265,1.1433111,1.1374351,1.1369747,1.1432327,1.1332397,1.1376255,1.1338114,1.1393473,1.1386393,1.1384535,1.1436245,1.1305882,1.1255918,1.1439557,1.1383418,1.1473595,1.140421,1.1322352,1.1411201,1.1376816,1.1424398,1.1378284,1.1377046,1.1378895,1.1392108,1.1381015,1.1353996,1.1425157,1.1384909,1.1395001,1.1303344,1.1393244,1.13541,1.1392658,1.136266,1.1420399,1.1387918,1.1356542,1.1351469,1.1356175,1.1408852,1.1400898,1.1352329,1.1404327,1.1364753,1.1471022,1.13504,1.140146,1.1391233,1.134812,1.1412147,1.1314101,1.1408515,1.145261,1.1424317,1.1408798,1.1393892,1.136808,1.1300337,1.1385176,1.1388253,1.142246,1.1384937,1.1321054,1.1354815,1.1383893,1.1379105,1.134902,1.127287,1.1333425,1.1422284,1.1442127,1.1381097,1.1281135,1.1284984,1.1304253,1.1448814,1.1384974,1.1420549,1.1320266,1.1407251,1.1507696,1.1348219,1.1357238,1.1429276,1.1437216,1.1350411,1.1311954,1.1350073,1.1429948,1.1303451,1.138633,1.1390612,1.1339794,1.139481,1.1384902,1.1379393,1.1389709,1.1355165,1.1472638,1.1437393,1.1304785,1.1341884,1.1369538,1.1404556,1.1363728,1.1359749,1.1427588,1.1369773,1.1429065,1.1413373,1.1394567,1.1342163,1.132856,1.1396121,1.1398753,1.1334816,1.1375324,1.1468133,1.1421499,1.1406369,1.1404159,1.1349638,1.1317419,1.1360197,1.1385454,1.131957,1.1369452,1.1368383,1.1363747,1.1374438,1.1313586,1.1398706,1.1398965,1.1397527,1.1377485,1.1347772,1.1407205,1.1460006,1.1393161,1.138762,1.1399072,1.1364486,1.1414703,1.13337,1.1439286,1.140937,1.1400702,1.1398526,1.1323605,1.1396935,1.1352253,1.1385045,1.1430453,1.1405731,1.1373549,1.1382354,1.1370524,1.1372077,1.1316571,1.1419084,1.1419996,1.1381258,1.131062,1.1356938,1.1417457,1.1400727,1.1458689,1.133141,1.136015,1.1397165,1.132842,1.1350615,1.1374105,1.1353421,1.1433299,1.1351104,1.1473,1.1326241,1.13483,1.1446143,1.1400392,1.1422385,1.139183,1.1346838,1.1436878,1.1368873,1.1361352,1.1328793,1.1348034,1.1400654,1.1466591,1.1391556,1.1427941,1.1328126,1.1436416,1.1348275,1.145819,1.1372385,1.1458606,1.1341734,1.1443266,1.1351169,1.1352627,1.1341101,1.1376778,1.1402274,1.1415632,1.1416337,1.1411021,1.1314559,1.1366036,1.1307844,1.1361164,1.1383371,1.1422088,1.1360422,1.1392714,1.1389484,1.1408724,1.1449598,1.1362898,1.1452459,1.139329,1.1388297,1.1372519,1.1371943,1.1278795,1.142287,1.1391901,1.145187,1.1336697,1.1378413,1.1476407,1.1392382,1.1419786,1.1368053,1.1431288,1.1351386,1.1360937,1.1426837,1.1388637,1.1466181,1.1417012,1.1349918,1.1340098,1.1337895,1.1404955,1.1395851,1.1286256,1.1387855,1.1379408,1.1345204,1.131978,1.1409317,1.1376126,1.1290948,1.1433272,1.1318927,1.1365355,1.1358414,1.1391959,1.1397043,1.1418691,1.1407326,1.1433274,1.1413261,1.1398588,1.1441283,1.1383816,1.1395099,1.1415817,1.1377065,1.1337966,1.1401848,1.1479728,1.1385115,1.1339941,1.1385547,1.138192,1.1377144,1.136472,1.1404558,1.1408578,1.1377841,1.139876,1.1350937,1.1391819,1.1394033,1.1433699,1.1428581,1.1355642,1.1426401,1.1445873,1.1410077,1.1392106,1.1424007,1.1501222,1.1361486,1.1403183,1.1376023,1.1360788,1.1403308,1.1364976,1.1373485,1.1270889,1.1392397,1.1376928,1.1336545,1.135389,1.1334141,1.1342297,1.1400703,1.1351006,1.1357927,1.135388,1.1441711,1.1376042,1.135174,1.1346895,1.1368756,1.1407795,1.1438241,1.1388189,1.133086,1.1340231,1.1356441,1.1386169,1.1437278,1.1341935,1.1389699,1.1439267,1.135952,1.1389757,1.1316348,1.1361142,1.1406455,1.1393826,1.133162,1.1417418,1.1355896,1.138909,1.1386886,1.1420026,1.1378126,1.1339252,1.1404989,1.1394571,1.1388971,1.1370268,1.1389121,1.1305918,1.1460379,1.1427999,1.1415961,1.1423138,1.1350305,1.1457124,1.1346107,1.1444752,1.1377991,1.1313426,1.1254586,1.1412604,1.1388494,1.1366737,1.138487,1.1363162,1.1321231,1.1448936,1.1391306,1.1360346,1.1431779,1.1359369,1.1415459,1.1390117,1.1383922,1.1326314,1.1381053,1.1408564,1.1418002,1.1374242,1.1486802,1.1365458,1.1432691,1.1417136,1.1368465,1.137831,1.1365383,1.1443883,1.1452543,1.1394818,1.1402346,1.1322676,1.1348333,1.1419058,1.1390561,1.1313577,1.1370928,1.1410196,1.1382011,1.1362346,1.1377444,1.1310533,1.1367786,1.1432865,1.1365452,1.1355499,1.1390221,1.1369445,1.1461488,1.1310515,1.1293575,1.1409327,1.1426926,1.1298364,1.142056,1.1353674,1.1300741,1.1404843,1.138894,1.1380718,1.1327531,1.1335739,1.1343575,1.1345462,1.1487702,1.1376126,1.1379849,1.1359596,1.1373044,1.1402472,1.1442549,1.1390458,1.1385117,1.1407652,1.1346074,1.136588,1.1359689,1.1281337,1.1363612,1.1411705,1.1366129,1.1398907,1.1389899,1.1261998,1.1427877,1.1460978,1.1370739,1.1369028,1.1464599,1.1396153,1.1363647,1.1371386,1.1384764,1.1385145,1.1354983,1.139372,1.1417743,1.1385778,1.1337492,1.1365287,1.138636,1.1363803,1.1361223,1.1382475,1.1314319,1.1356633,1.13567,1.1385049,1.1380229,1.1342168,1.1390116,1.1378481,1.135366,1.1321042,1.136467,1.138453,1.1349729,1.1317197,1.135682,1.1415032,1.1361693,1.1406521,1.136679,1.1366255,1.1314331,1.1490605,1.1349902,1.1347024,1.1437542,1.1437478,1.13817,1.1312268,1.1438787,1.1302674,1.136559,1.1354464,1.1413726,1.1398654,1.1347537,1.1370044,1.1348356,1.1416893,1.138692,1.1413431,1.141592,1.1428592,1.1408728,1.1430709,1.1380064,1.1439037,1.1384065,1.1351712,1.1442671,1.1329963,1.1379783,1.1400858,1.1389142,1.1441106,1.1400234,1.147812,1.1351513,1.1326679,1.1470989,1.1411837,1.1377596,1.1372617,1.1394373,1.1436168,1.1441756,1.1342298,1.1322961,1.1424066,1.140859,1.142552,1.1282606,1.137383,1.1359944,1.1347381,1.1458147,1.1343716,1.1265719,1.1383463,1.1422136,1.1396668,1.1452335,1.1415013,1.143038,1.1418431,1.1443686,1.1369032,1.1289883,1.146902,1.1317406,1.1352197,1.1483679,1.1262193,1.1317959,1.1316462,1.1401703,1.1329981,1.1468652,1.142602,1.1422257,1.1350046,1.1419568,1.134032,1.1425089,1.1398826,1.1381499,1.1381334,1.1360668,1.1445625,1.139584,1.1354619,1.1328512,1.1435215,1.1317406,1.1444575,1.1371769,1.1327494,1.1326181,1.137597,1.1387662,1.1313169,1.1380194,1.1471546,1.1318688,1.1371821,1.137674,1.1394955,1.1366391,1.1323603,1.1372381,1.1381452,1.1407427,1.1341478,1.1394615,1.1354295,1.1370778,1.1388513,1.133487,1.1403111,1.1399108,1.1375785,1.1314642,1.1304132,1.1389945,1.1374468,1.1381681,1.1442142,1.1418214,1.127457,1.139755,1.1445765,1.1369812,1.1390462,1.1400415,1.1415594,1.1406871,1.1374217,1.1329173,1.1391333,1.1339417,1.1355402,1.1390804,1.1341076,1.1331708,1.1388973,1.139594,1.1330369,1.1383263,1.1432134,1.137654,1.1366138,1.1397861,1.138687,1.132467,1.1342365,1.1420435,1.1365505,1.1462874,1.1323588,1.1374942,1.1373041,1.1362113,1.1364928,1.1286122,1.1391183,1.1472317,1.140351,1.1322614,1.1376905,1.1389505,1.1456814,1.1360189,1.1385328,1.1421251,1.1395963,1.1400858,1.1364584,1.137985,1.1389309,1.1331059,1.1407471,1.140045,1.1312908,1.1438774,1.1365298,1.1399363,1.1342491,1.1354151,1.1351308,1.1402271,1.135169,1.1410446,1.135147,1.1410387,1.1339793,1.143564,1.1417503,1.1426419,1.1393665,1.1397513,1.1368024,1.1385001,1.1424128,1.1365263,1.1318287,1.1348014,1.1384655,1.1342715,1.1355602,1.1386,1.1389409,1.1385573,1.1371942,1.1383739,1.1415036,1.1401738,1.137495,1.1386333,1.142248,1.1404538,1.1394607,1.136007,1.1291261,1.1396391,1.1327342,1.1338108,1.1339426,1.141822,1.1316227,1.1441696,1.1347151,1.1391023,1.1419977,1.1370381,1.1355884,1.1327819,1.1384765,1.1470973,1.1472203,1.1369994,1.1352069,1.1422362,1.1385784,1.1339793,1.1399364,1.1423593,1.1456473,1.1315538,1.1312813,1.1320326,1.1364889,1.141089,1.1380055,1.1311929,1.1454114,1.1401105,1.1351401,1.1351545,1.141064,1.143846,1.1319019,1.1350105,1.1427374,1.1412727,1.1375809,1.140747,1.1398957,1.1388916,1.1418936,1.1382977,1.1401277,1.1353972,1.1422822,1.13773,1.1343964,1.1340934,1.1378938,1.138133,1.1385661,1.1314039,1.1388118,1.1387169,1.1369637,1.1343828,1.1368825,1.1436713,1.1350968,1.1371348,1.1382548,1.1353415,1.1353087,1.1412879,1.1372329,1.1370847,1.1339116,1.1369556,1.1388763,1.1358353,1.1441115,1.1377833,1.1340299,1.1373699,1.1376592,1.1430978,1.1347841,1.1326282,1.1424164,1.1438572,1.1401606,1.1345124,1.1372178,1.1354895,1.1375154,1.1312587,1.1405075,1.1349808,1.1342055,1.1336282,1.1369168,1.1424717,1.1444534,1.1372843,1.1338747,1.1374424,1.1359701,1.1434883,1.134661,1.1432421,1.135324,1.1511486,1.1396977,1.1411372,1.1415688,1.1375763,1.1468297,1.1372951,1.1373485,1.1396298,1.1347431,1.1460307,1.1383089,1.1328669,1.1362383,1.1423938,1.1412762,1.1362655,1.1371738,1.1392084,1.1318573,1.1421024,1.1391728,1.1368053,1.1395319,1.1332806,1.1410557,1.1363152,1.1318455,1.1411355,1.1381401,1.1364862,1.1353824,1.1345464,1.1445706,1.1380906,1.1395968,1.1325845,1.1375443,1.1444484,1.1388358,1.1411017,1.1396322,1.1384262,1.136996,1.1379575,1.1313628,1.1349224,1.1304047,1.1423855,1.1372446,1.1351966,1.1388931,1.1402546,1.1452796,1.1337688,1.1436111,1.1396339,1.135946,1.1382765,1.1421108,1.1388983,1.1413953,1.1442238,1.1438644,1.1399592,1.1395414,1.1381341,1.1347299,1.1333656,1.1385083,1.1437339,1.145347,1.1390158,1.1331044,1.1364027,1.1426036,1.1375866,1.1383358,1.1350641,1.1332247,1.1417726,1.1464821,1.1322693,1.1348834,1.1415709,1.1407726,1.1309171,1.1372168,1.1312797,1.1372584,1.1368355,1.140173,1.1412188,1.1346833,1.1359919,1.1320864,1.1405394,1.1422051,1.1357526,1.128591,1.1382881,1.1381449,1.1361157,1.1363717,1.1358817,1.1376694,1.1375445,1.1431108,1.1377281,1.1344718,1.1372849,1.129843,1.144355,1.1382645,1.1325085,1.1442692,1.1325732,1.1403122,1.1373931,1.1492186,1.1313192,1.1432868,1.1445841,1.135669,1.1354969,1.139935,1.1471826,1.1439976,1.1320679,1.1360937,1.1426362,1.135028,1.1386782,1.1383501,1.1377852,1.1385784,1.1421024,1.1370759,1.1392614,1.1392317,1.1408716,1.1396972,1.1352587,1.1406624,1.1408893,1.1349615,1.1386641,1.1377422,1.1322905,1.1391169,1.1367216,1.1401539,1.1410432,1.1405046,1.1414108,1.1369351,1.1422502,1.130805,1.1441065,1.1435791,1.1351736,1.1435224,1.1392363,1.144823,1.1438371
0.32372612,0.3323252,0.32377827,0.33038923,0.3276405,0.332984,0.33120722,0.32718825,0.33058318,0.33507586,0.33578673,0.33341375,0.32882372,0.334337,0.3360986,0.3269258,0.3290627,0.32730356,0.3259589,0.32919794,0.33473682,0.32861418,0.33224022,0.3361281,0.33387414,0.32639948,0.3304994,0.33103737,0.32762155,0.32753628,0.32481942,0.32682854,0.33016762,0.33452338,0.3227524,0.33471712,0.32717383,0.33349764,0.33713913,0.33505687,0.32635096,0.32471183,0.33275196,0.32267234,0.3383647,0.3336561,0.33102554,0.32814708,0.33947453,0.3336229,0.33800164,0.32586047,0.32178548,0.3301222,0.3349249,0.3309492,0.32858497,0.3190626,0.33179104,0.3340055,0.33068627,0.32723048,0.333875,0.32804516,0.32522434,0.33210954,0.3319894,0.32876325,0.32505232,0.32908857,0.3341095,0.32819316,0.3352447,0.33354494,0.3244774,0.33044192,0.32325223,0.33047768,0.33350572,0.33448598,0.33228117,0.33065534,0.33662957,0.3320855,0.33262298,0.32384765,0.3373126,0.33066076,0.3306115,0.33306018,0.32950693,0.31990513,0.33143327,0.3276174,0.33621204,0.33714625,0.33330956,0.3313815,0.33051926,0.32045114,0.33096197,0.32938758,0.32742497,0.33526525,0.33650902,0.3317825,0.33280894,0.33818507,0.3251584,0.3390922,0.33004197,0.33657545,0.32900298,0.32989168,0.32958102,0.3332858,0.33416888,0.33232528,0.3265189,0.33143464,0.32341012,0.3260419,0.32982883,0.33168185,0.3272767,0.32589006,0.33036774,0.33078665,0.32346988,0.33288065,0.32768136,0.332455,0.330568,0.3320394,0.33217764,0.32737914,0.32724547,0.33246538,0.32946607,0.3375249,0.32479852,0.32772082,0.33963448,0.33225724,0.32969257,0.330006,0.33223063,0.33001572,0.33320346,0.32544908,0.3321399,0.3254466,0.33262265,0.33001032,0.3260324,0.32658005,0.32216075,0.3365422,0.32822344,0.3335305,0.3264987,0.33234385,0.3294059,0.32327187,0.3299293,0.32655007,0.33000273,0.33640367,0.33191028,0.33320045,0.33198553,0.33113328,0.32650298,0.32791233,0.32955456,0.32620353,0.32456875,0.32693374,0.33298492,0.33127984,0.33773574,0.3249744,0.33422416,0.33908272,0.33004948,0.3279277,0.3312842,0.32878765,0.32697463,0.328491,0.33037305,0.3282383,0.3288391,0.3317183,0.3267541,0.3388233,0.32444012,0.32734883,0.33911207,0.3295563,0.32959688,0.32855326,0.3327071,0.32153353,0.340212,0.3285796,0.3287979,0.33156472,0.32704428,0.34063253,0.32959446,0.32950333,0.32946745,0.33406043,0.3258851,0.32758388,0.32696494,0.33530667,0.31879547,0.33056828,0.32866636,0.32412452,0.32261944,0.33464342,0.3296523,0.32704198,0.33465442,0.32825294,0.3267003,0.33074,0.3220263,0.33087516,0.33352503,0.3379279,0.3344028,0.34410602,0.33095008,0.3261431,0.32559055,0.33282617,0.33643883,0.33467558,0.34083426,0.3288792,0.3256009,0.33373722,0.3329653,0.33343562,0.33148602,0.33345622,0.33307227,0.3292895,0.3389956,0.32956716,0.32703844,0.3295788,0.3305996,0.32783747,0.33109236,0.33378235,0.3278306,0.32060605,0.33240935,0.3309726,0.33182132,0.33238947,0.328282,0.33717063,0.33122343,0.3245221,0.32918572,0.33396825,0.332604,0.33305743,0.32497653,0.32395193,0.33914402,0.32786062,0.3281317,0.33485582,0.32207033,0.3305116,0.3313823,0.33395702,0.32844532,0.3304783,0.33224422,0.3304541,0.3349872,0.33108047,0.32565728,0.33719054,0.32806474,0.336857,0.33126563,0.33204716,0.33021164,0.32906228,0.33804324,0.33818686,0.33334053,0.33550173,0.33477107,0.32895097,0.32691622,0.328714,0.32456926,0.31656024,0.3313293,0.3260621,0.33335853,0.32914108,0.33034652,0.32201445,0.33098537,0.32269168,0.33589768,0.32663727,0.3260846,0.3261056,0.3290798,0.33348963,0.3241067,0.32460713,0.33267662,0.3371175,0.33211088,0.32917544,0.33301085,0.33874017,0.33522865,0.33597404,0.33578357,0.32693258,0.3321605,0.3287407,0.33115044,0.3330007,0.3365567,0.32692048,0.32119465,0.33406007,0.3299883,0.3365733,0.3376607,0.3365265,0.33030233,0.32743904,0.33159482,0.33435285,0.3377213,0.3246202,0.33283588,0.3312666,0.3323007,0.32884887,0.33530128,0.3292039,0.33323506,0.33479315,0.32605988,0.33257937,0.33296573,0.3334957,0.33361617,0.33095798,0.32673454,0.3372167,0.33289254,0.32840306,0.33411118,0.33273408,0.32862273,0.3277647,0.3268916,0.33474687,0.32531947,0.33642864,0.32682744,0.33074424,0.33136696,0.32261813,0.33222187,0.33845305,0.332335,0.32469094,0.32563663,0.3355177,0.32941008,0.32704246,0.32418433,0.3268063,0.33222917,0.32579288,0.33114493,0.32341048,0.33444324,0.33006534,0.32807118,0.33075875,0.33184177,0.322604,0.33396912,0.32260075,0.32937303,0.33501405,0.33056858,0.33221805,0.33593717,0.3394026,0.33398882,0.32860303,0.3339933,0.3327153,0.33520132,0.3351801,0.32929367,0.3401436,0.32282257,0.33067763,0.327904,0.3309885,0.32678872,0.32709387,0.32993147,0.3258617,0.33187693,0.33164635,0.32971525,0.32871255,0.33419454,0.32604265,0.3345473,0.3317958,0.32667685,0.3245798,0.33502418,0.32636446,0.3282007,0.33493635,0.32112312,0.32557023,0.32648775,0.33879423,0.331395,0.3350289,0.33571938,0.326791,0.32674626,0.32765847,0.33064353,0.33527878,0.33170092,0.32769462,0.32573175,0.33461407,0.34126294,0.33471006,0.33427107,0.32965338,0.32456946,0.3356382,0.32070655,0.3326158,0.33262718,0.33047315,0.33568406,0.3396885,0.32716215,0.33299762,0.3355615,0.3332823,0.31963015,0.33073565,0.3213023,0.32734528,0.33618355,0.33217826,0.33270344,0.3277294,0.33000037,0.33439645,0.33315116,0.32262227,0.33680478,0.32623532,0.33548528,0.33426806,0.33149865,0.33201975,0.33289415,0.3291124,0.33367035,0.33321297,0.33101708,0.3302604,0.33121005,0.33892232,0.3339481,0.3299709,0.3277657,0.33188093,0.32710084,0.3199101,0.328078,0.33455426,0.3275941,0.3300475,0.32404447,0.3373133,0.32549885,0.33125675,0.3267929,0.32992193,0.33493114,0.31625095,0.33368897,0.3254355,0.3210308,0.33569956,0.3326306,0.3322067,0.33319548,0.3337673,0.33137387,0.32823393,0.322028,0.3346606,0.32586694,0.340704,0.3226398,0.3328135,0.31923527,0.3266569,0.33225906,0.32612574,0.32736224,0.32780886,0.32721382,0.33527705,0.3361704,0.3317047,0.32391346,0.3333926,0.3331312,0.32879534,0.33902505,0.3262891,0.33352634,0.33324933,0.33312044,0.3321086,0.33271062,0.33533165,0.3319015,0.32962707,0.33564126,0.33343202,0.3291747,0.3255797,0.33613735,0.32659605,0.33101457,0.33976957,0.3347214,0.33175296,0.32645404,0.32600823,0.32359654,0.32166696,0.32763213,0.3323426,0.33066198,0.33506933,0.32750982,0.338782,0.32842296,0.3327521,0.33808365,0.33597726,0.33550996,0.33220118,0.33541295,0.33137545,0.32615504,0.32894972,0.3349375,0.32666454,0.33222824,0.3315014,0.33434147,0.33324686,0.32624337,0.32387084,0.32460392,0.3263011,0.3347471,0.33698565,0.33395773,0.33227217,0.3230551,0.3291964,0.33412558,0.33112442,0.330747,0.337564,0.33178416,0.3290952,0.3244784,0.33504266,0.3290761,0.3381521,0.33271903,0.33176085,0.32726425,0.32951713,0.3242701,0.33547187,0.32956183,0.33011848,0.33375394,0.32665798,0.32495615,0.32213405,0.33324218,0.33186996,0.3305881,0.32668757,0.33035487,0.33068374,0.33356318,0.32661855,0.32906342,0.3389135,0.32687026,0.3313511,0.3238989,0.33950803,0.32487282,0.33223224,0.3282206,0.32909432,0.32340875,0.32759815,0.32632682,0.3301166,0.32848483,0.33623123,0.32772613,0.32924595,0.33026448,0.31917852,0.33036178,0.32744992,0.32541046,0.32375827,0.33507925,0.3353344,0.32371917,0.32546082,0.33327892,0.33139896,0.32991087,0.3325081,0.33464837,0.33461505,0.3347358,0.33428434,0.3281612,0.34237742,0.3331523,0.32561713,0.33728203,0.3277584,0.3285929,0.3313941,0.3335228,0.3371335,0.3351696,0.3325552,0.32947508,0.32459816,0.32744744,0.33412147,0.32979512,0.33371267,0.3300709,0.336793,0.32973418,0.3256372,0.33497578,0.33400506,0.33501175,0.32514817,0.33383054,0.3299691,0.32817188,0.32848388,0.32948935,0.3329948,0.33160934,0.32650852,0.3273255,0.32688084,0.33004194,0.33360836,0.3344527,0.32335246,0.3306718,0.3315739,0.33475128,0.32140747,0.33381578,0.3311674,0.33226335,0.33038634,0.3340998,0.3343968,0.3288521,0.32761517,0.3376894,0.33249828,0.3296174,0.32551283,0.33532575,0.33666283,0.33422735,0.31834087,0.33559987,0.33981624,0.32844684,0.33331868,0.3307256,0.3236524,0.3264069,0.3324194,0.32948247,0.32940152,0.32577407,0.33661705,0.32648078,0.3354089,0.33350265,0.32576713,0.32525024,0.34120598,0.3318119,0.32876438,0.33314013,0.33406022,0.33297154,0.33550426,0.32261556,0.34191284,0.33688354,0.32957673,0.32083243,0.32658044,0.32763305,0.32905048,0.3282174,0.33485958,0.32367724,0.3309446,0.3270803,0.33415776,0.3314041,0.33243182,0.32826948,0.3313594,0.3235687,0.33099467,0.3284157,0.33501717,0.32929,0.33337003,0.3332894,0.34324065,0.32751548,0.32334495,0.32268703,0.3250193,0.33023122,0.324863,0.33609867,0.32589442,0.3269552,0.33057162,0.3384413,0.33984375,0.3386261,0.3285694,0.3302682,0.32783502,0.33702374,0.32964954,0.33160403,0.32577312,0.32714096,0.33511055,0.33032063,0.3222417,0.33432117,0.32970124,0.3295697,0.3325081,0.32849124,0.33155853,0.332372,0.3292031,0.32579914,0.3362092,0.3305298,0.32640284,0.3307178,0.3284561,0.33220667,0.32644242,0.33275062,0.33066952,0.3343968,0.3291151,0.32548183,0.33220002,0.32641396,0.32382932,0.32506746,0.32256633,0.33274537,0.33762923,0.33560798,0.3386245,0.32819596,0.3345848,0.3295779,0.32881603,0.3312834,0.34158778,0.3290334,0.3228688,0.32230034,0.32852596,0.33349365,0.33381325,0.33539903,0.32595772,0.33394945,0.3284596,0.3273269,0.33466148,0.3335284,0.33714953,0.32581824,0.33076057,0.33959472,0.3255223,0.3232682,0.32511798,0.3300866,0.33194235,0.32876226,0.32982844,0.33007523,0.32746896,0.3250173,0.33166462,0.3228404,0.3283241,0.33013165,0.3294295,0.3289827,0.33211827,0.32584453,0.3256141,0.33000663,0.33161113,0.32855767,0.32815918,0.33286777,0.33324122,0.32779118,0.33610192,0.32851493,0.33006546,0.3343116,0.32691458,0.3263261,0.33206418,0.34259892,0.32457438,0.33016872,0.3397611,0.32438242,0.33090842,0.33412716,0.32254556,0.33215404,0.32683212,0.3269323,0.32797545,0.33335137,0.33088177,0.32648972,0.3283918,0.33396783,0.32849002,0.32117093,0.3309897,0.32758322,0.3293361,0.33338916,0.32544303,0.33324122,0.32899183,0.33335647,0.32629442,0.34094372,0.33029118,0.3269947,0.3220383,0.32155585,0.3334897,0.32850143,0.33954206,0.3259433,0.33585712,0.33172208,0.3320053,0.32640585,0.32794616,0.32294258,0.3305503,0.33145136,0.32499063,0.3375038,0.33354747,0.32591426,0.32632688,0.3289525,0.33527538,0.33056384,0.33132264,0.31960353,0.33913356,0.33088222,0.3278524,0.33267835,0.3298258,0.3308752,0.3344815,0.32015297,0.3322117,0.33186653,0.32177198,0.3311918,0.33750755,0.32529378,0.33053282,0.31973442,0.34358618,0.32837516,0.3236059,0.32517147,0.33142486,0.3317018,0.3335328,0.3277375,0.33132362,0.32957125,0.33530268,0.3301406,0.33246073,0.33505097,0.33763078,0.33310694,0.32454252,0.33006477,0.33006617,0.3406192,0.3288724,0.3366658,0.3261011,0.33362505,0.3262409,0.3309534,0.32487756,0.33285567,0.32846963,0.33144957,0.3280942,0.33291993,0.3339268,0.33758917,0.33187976,0.3273351,0.33684465,0.3216243,0.3309902,0.32515386,0.32136983
