0.6569729,0.66455334,0.6638804,0.663898,0.66772246,0.66355366,0.6648363,0.66016126,0.6686504,0.6682667,0.654797,0.6663344,0.6699822,0.6602203,0.6712113,0.66779363,0.66869634,0.66023266,0.66560835,0.6642611,0.66034245,0.65269345,0.6624182,0.66198474,0.65645444,0.6628381,0.6594553,0.6589769,0.6598414,0.6634084,0.664067,0.6676673,0.65009356,0.6507096,0.67098004,0.6641768,0.66867507,0.65585184,0.6626689,0.66043115,0.66348195,0.6699033,0.65548015,0.6621831,0.6664522,0.66015524,0.66638595,0.6639282,0.67041194,0.6565582,0.6632724,0.6628143,0.6594453,0.6515331,0.6542555,0.66003704,0.66201043,0.66352427,0.65001553,0.65371203,0.6633805,0.6660837,0.6623826,0.66862005,0.65876305,0.6573061,0.66640115,0.6538254,0.6545559,0.66073304,0.65288806,0.6613306,0.6693902,0.66205496,0.6590916,0.65994084,0.66463757,0.6657629,0.662854,0.6670452,0.66373664,0.6569194,0.66257244,0.6599947,0.66764706,0.66394764,0.6618357,0.66264194,0.6661709,0.6673902,0.6630627,0.65366715,0.66205376,0.66441554,0.6645338,0.66241586,0.6674012,0.6646469,0.66447043,0.6539081,0.66115403,0.6580168,0.6604796,0.6641161,0.6562732,0.6516298,0.6578802,0.6562654,0.6674816,0.65897596,0.65638304,0.6592372,0.6583201,0.66564876,0.66273665,0.66474646,0.6608015,0.65861434,0.6656468,0.6608105,0.6631595,0.65223086,0.6600054,0.66573626,0.67260593,0.6649243,0.6631873,0.6674902,0.6568361,0.6611404,0.6602521,0.65394145,0.6631495,0.65579253,0.6671654,0.6577013,0.66860473,0.6649878,0.67043406,0.6627627,0.66494954,0.65983975,0.66804624,0.6596246,0.6703017,0.6637342,0.669363,0.6615857,0.66877,0.6602327,0.65858203,0.66430354,0.6653847,0.66943824,0.66322213,0.6628691,0.6551176,0.6521333,0.6681567,0.66052514,0.6632808,0.6617034,0.66190153,0.6549968,0.6602817,0.6666419,0.6566902,0.66539735,0.6597944,0.66288215,0.6613473,0.65717363,0.6600548,0.6600873,0.65624285,0.6603947,0.66505927,0.66123056,0.6659317,0.66037524,0.6610623,0.6652315,0.65783787,0.6645195,0.66084594,0.6605014,0.66124743,0.6575869,0.664871,0.6602163,0.6614913,0.6687738,0.6636456,0.6622275,0.66242754,0.663018,0.6589609,0.6514311,0.6666805,0.6574715,0.66303897,0.6588906,0.6724859,0.6598849,0.6594951,0.67747694,0.66316366,0.6546479,0.66633576,0.6590728,0.658399,0.66099834,0.6583907,0.67133725,0.65788394,0.66206837,0.6589943,0.6533322,0.6707234,0.66888547,0.6607152,0.65688527,0.6692591,0.6684767,0.67694724,0.6594037,0.65907997,0.6568081,0.66406155,0.65380025,0.6560192,0.6619027,0.6633155,0.6597659,0.6632025,0.6670857,0.67959696,0.6633354,0.65863264,0.6628813,0.66097814,0.6554595,0.67116785,0.6725287,0.6595506,0.6684087,0.67413574,0.66052294,0.66360074,0.66939855,0.6643566,0.6589726,0.65905356,0.6622399,0.65259975,0.6582188,0.6663173,0.6565764,0.66010004,0.657288,0.6645458,0.66275656,0.65606505,0.66138273,0.65601104,0.66407615,0.66000825,0.6512686,0.6599974,0.6650903,0.66877323,0.6606089,0.6606999,0.6658447,0.6555837,0.66191775,0.65998083,0.6597913,0.6573112,0.66138947,0.66063887,0.6599013,0.66146094,0.6679429,0.6600348,0.6628532,0.66084886,0.6644179,0.6627767,0.65839565,0.65229243,0.66175306,0.66576225,0.6594541,0.66179526,0.6562846,0.6631812,0.6535564,0.6595817,0.66190374,0.65798664,0.65921444,0.6570721,0.64561695,0.6574202,0.6654866,0.6568056,0.6674718,0.66102284,0.6678192,0.6533046,0.66867405,0.6631504,0.6631438,0.66508293,0.6532129,0.6609416,0.66340566,0.6629105,0.65858436,0.6664653,0.66426396,0.66178083,0.659123,0.6607662,0.6620754,0.6618355,0.66343296,0.6610589,0.66802007,0.6645822,0.65842456,0.6591924,0.6681,0.6532228,0.6669447,0.6577641,0.65986234,0.65706897,0.65927905,0.6700321,0.65884054,0.6699165,0.6592193,0.6539276,0.660425,0.65883523,0.66237533,0.64981264,0.65870404,0.6592655,0.65812826,0.6670662,0.66589046,0.6638561,0.66027623,0.66881484,0.6638077,0.653877,0.66164494,0.66751724,0.66315967,0.6657456,0.6631781,0.6668921,0.657679,0.6556394,0.6593407,0.67022455,0.65915006,0.6688024,0.6589692,0.6570679,0.6727578,0.6630162,0.668109,0.6568478,0.6641789,0.65930057,0.6504842,0.65751034,0.6661171,0.65878093,0.6617481,0.6590277,0.6650209,0.65609235,0.6560416,0.6481353,0.66303194,0.6690697,0.6615669,0.6538582,0.6490485,0.66485775,0.6700469,0.66673636,0.65496755,0.66264206,0.6615507,0.65830964,0.6597944,0.66560733,0.66484183,0.6631938,0.6634312,0.6560628,0.6628604,0.6597498,0.65934896,0.67264044,0.66793203,0.664638,0.64847344,0.6631385,0.6561434,0.6532042,0.66232985,0.6605074,0.6669585,0.65869313,0.65957147,0.6559277,0.6558568,0.6636354,0.6580593,0.66624033,0.6619609,0.67478216,0.65500116,0.6681811,0.65513927,0.66079706,0.66332555,0.65902185,0.65571815,0.65940946,0.6557999,0.6614597,0.66073084,0.6529887,0.6614348,0.6541965,0.6654688,0.6658879,0.6676701,0.663595,0.6648358,0.67098546,0.6712842,0.6562397,0.6532844,0.6619823,0.6602327,0.6635434,0.65162045,0.66815203,0.659067,0.66662884,0.6650005,0.66078365,0.66347784,0.6609705,0.66870356,0.66163987,0.67120105,0.6604638,0.65935874,0.6592423,0.6674164,0.66337764,0.66466516,0.6562469,0.65860945,0.6625066,0.6578633,0.6645593,0.6675202,0.67238927,0.66150624,0.66153586,0.6609765,0.6654386,0.6583717,0.6671221,0.6703173,0.65995026,0.6660026,0.6601028,0.66481614,0.66956174,0.66088665,0.66014385,0.6532615,0.6526524,0.6548759,0.65288085,0.6634746,0.65875113,0.6596556,0.66381705,0.6651092,0.6580894,0.654035,0.65904194,0.6638985,0.65623397,0.66344196,0.6566225,0.66282976,0.6712458,0.66508126,0.65954345,0.65626764,0.672507,0.66279364,0.66238123,0.66603285,0.6657596,0.6559844,0.6677742,0.656176,0.65743244,0.6577325,0.65907884,0.6632023,0.6601059,0.6539806,0.66045326,0.66620064,0.65244174,0.65719295,0.6527358,0.6646344,0.66185486,0.66674054,0.6624513,0.6622535,0.6604238,0.65893424,0.6670159,0.658597,0.6579075,0.6608544,0.66497326,0.6625121,0.6533601,0.6574812,0.6548981,0.6567556,0.6619738,0.65851396,0.6731842,0.6553806,0.6671005,0.6629293,0.6571086,0.6594823,0.6699746,0.6598686,0.66117007,0.6587504,0.66519904,0.6655942,0.6455374,0.6644629,0.6621053,0.66301095,0.65696055,0.65776634,0.66619605,0.6616914,0.6627905,0.6590897,0.6585751,0.66940916,0.65874195,0.66108507,0.6639962,0.66004205,0.65758306,0.6648378,0.66552556,0.65915614,0.6555543,0.65604824,0.666473,0.6653476,0.66685265,0.6636442,0.66502726,0.6669495,0.6631454,0.66900325,0.656794,0.6618993,0.6607632,0.655656,0.66877586,0.66232115,0.6681065,0.6603324,0.65534675,0.66627926,0.66936034,0.65308666,0.65796936,0.6646575,0.66487306,0.66815925,0.65836537,0.66524404,0.6622661,0.667008,0.6722293,0.6577878,0.65787643,0.66744626,0.66367966,0.6596706,0.6575497,0.6618152,0.6676441,0.6706748,0.6580128,0.66236997,0.65410674,0.66788095,0.65453655,0.6567406,0.6555867,0.661289,0.6584482,0.6531787,0.65822655,0.6616976,0.65492034,0.6528251,0.66137856,0.6642885,0.66915953,0.65667456,0.6651166,0.6623464,0.667574,0.6534092,0.654714,0.65783405,0.65735394,0.66152644,0.662904,0.6679152,0.66415334,0.6660469,0.6642182,0.65766996,0.6621542,0.67442656,0.66240096,0.6612759,0.66198313,0.6570615,0.661402,0.6588186,0.6576681,0.65752316,0.66104794,0.6677659,0.66204625,0.66825664,0.66405565,0.66289186,0.665257,0.65986663,0.65669173,0.6599723,0.66190016,0.6614389,0.666601,0.65986687,0.6569473,0.6616969,0.65793145,0.6607104,0.6623518,0.6492185,0.66087407,0.6617426,0.6677239,0.66135925,0.6623016,0.65608114,0.669016,0.660601,0.6578136,0.65883315,0.65787476,0.66377926,0.6508215,0.66598094,0.6606335,0.6627652,0.653899,0.65830845,0.6528903,0.6583006,0.6632845,0.66115516,0.6566331,0.6581804,0.6574984,0.66653,0.6596624,0.65913224,0.6572023,0.6601837,0.65967304,0.6615786,0.66282195,0.65560365,0.6588401,0.6571005,0.6596689,0.66211915,0.66482294,0.6612176,0.6650634,0.6599749,0.66425914,0.6631192,0.65854543,0.66127664,0.66253537,0.66266733,0.6486928,0.65988535,0.65728647,0.6661269,0.6642005,0.6577692,0.65643835,0.6618429,0.66925716,0.65486825,0.665578,0.6657024,0.6567762,0.67246544,0.66043353,0.6644452,0.6573769,0.65790564,0.6686676,0.6580827,0.6613316,0.6676958,0.66035414,0.66283816,0.6637957,0.6635392,0.669811,0.6569615,0.66845053,0.6623492,0.6571231,0.6573637,0.6638827,0.66055,0.67678154,0.65814894,0.6638343,0.66025585,0.66064334,0.65833944,0.66370076,0.66199386,0.66218984,0.66415405,0.66261345,0.6653655,0.66265064,0.6703967,0.6642489,0.66771686,0.6619974,0.65296465,0.665942,0.657542,0.6630846,0.66247505,0.66649294,0.66993266,0.66827816,0.6546506,0.6635289,0.66040367,0.6661155,0.65662986,0.65904874,0.66109985,0.66279984,0.65229046,0.6712684,0.658977,0.64851177,0.6742717,0.6600978,0.6547298,0.6583115,0.65775305,0.6535768,0.66268307,0.6641674,0.6631081,0.6650051,0.6606619,0.6579648,0.66428584,0.66091067,0.6631421,0.6659029,0.6513006,0.65873444,0.6598888,0.66184497,0.6612471,0.6658589,0.6614247,0.66464233,0.6634589,0.6600586,0.66004175,0.66017294,0.6604737,0.66174304,0.6617816,0.6641168,0.66538405,0.66641426,0.6572291,0.65936476,0.6582001,0.65292627,0.66367,0.6646017,0.65860146,0.6616704,0.66412765,0.65823245,0.6594297,0.6584458,0.65943426,0.6471935,0.6550562,0.65210354,0.66065735,0.6561868,0.66143197,0.6658865,0.6580695,0.6604852,0.6633574,0.6611846,0.6635196,0.6627005,0.6597976,0.6552466,0.6683789,0.6611824,0.6648461,0.67571044,0.66233784,0.6643408,0.6595158,0.6550484,0.6624936,0.6619904,0.6682411,0.6599501,0.65845925,0.66757154,0.6633981,0.6556473,0.66340154,0.6569848,0.6597967,0.66978055,0.6557127,0.6639462,0.66348183,0.66348994,0.66818416,0.66044915,0.6542094,0.6679351,0.6645081,0.6690876,0.66071725,0.6501127,0.66669446,0.65497226,0.67375773,0.65109426,0.66160816,0.66824174,0.6610893,0.65747,0.6673793,0.66197616,0.66302663,0.665389,0.65643305,0.65751135,0.6620872,0.6611726,0.66732615,0.6626085,0.66496485,0.6640933,0.6642046,0.6611222,0.6589234,0.6610849,0.6640949,0.6571303,0.66526735,0.6604349,0.6712543,0.66012186,0.6640592,0.6799182,0.66297626,0.6576286,0.6681991,0.65491426,0.6626791,0.6695252,0.6646878,0.6613482,0.66037416,0.652135,0.6583611,0.67372584,0.66638255,0.6656706,0.6542279,0.6648024,0.65907663,0.66534764,0.6653634,0.6677108,0.6470122,0.66080713,0.6576079,0.65685976,0.6647158,0.65739286,0.6599009,0.659974,0.6697288,0.65465206,0.6658373,0.66785914,0.6660058,0.67244065,0.64805245,0.6605358,0.6599499,0.66474026,0.6668949,0.6670897,0.66819316,0.65351325,0.66806763,0.6657678,0.6550319,0.6610011,0.6624836,0.65978134,0.66849715,0.65074944,0.6571197,0.6605532,0.65969306,0.66087115,0.6580438,0.66226816,0.65486056,0.657969,0.6692133,0.66559786,0.65670115,0.6611242,0.6609828,0.64971757,0.66689295,0.65878934,0.66861534,0.67027247,0.6601447
0.8139766,0.8188146,0.81893736,0.8220941,0.8185589,0.8230218,0.82219154,0.8233178,0.8282809,0.8229669,0.8223987,0.8143856,0.82196486,0.81797165,0.8276168,0.8194328,0.825791,0.82673275,0.8151677,0.80906236,0.8191538,0.82364905,0.813344,0.80250806,0.8164586,0.8160725,0.8182976,0.81766313,0.8165935,0.8184025,0.82071614,0.8169225,0.8205036,0.8163769,0.8260711,0.8151076,0.81961614,0.81810564,0.8248945,0.8254607,0.8217838,0.8234794,0.82012427,0.82367337,0.82198703,0.81994647,0.82246995,0.80979276,0.82044876,0.8144735,0.815,0.8245853,0.8144933,0.82142836,0.82372487,0.81932247,0.8286482,0.8217708,0.80926895,0.8202685,0.8224928,0.8255023,0.81760037,0.82222474,0.82785255,0.82440656,0.82124305,0.8093814,0.8163809,0.81884384,0.82210785,0.8204835,0.8179023,0.82036936,0.8173556,0.8129919,0.8156106,0.822484,0.81870365,0.8187793,0.8202086,0.8139176,0.81521994,0.81113493,0.8209174,0.8204833,0.8170502,0.82109797,0.82092077,0.81072867,0.81794465,0.82113504,0.81991225,0.82031536,0.82493585,0.81877404,0.82541627,0.8179223,0.8242338,0.81413794,0.81786263,0.8216184,0.8194431,0.81837887,0.8164641,0.8153481,0.82234055,0.8170013,0.82259536,0.8196195,0.81799966,0.81796867,0.81235784,0.820243,0.8189347,0.814877,0.8157081,0.8219171,0.81533384,0.81535774,0.8203205,0.8232161,0.8254001,0.81544435,0.8165869,0.8190959,0.819342,0.82351476,0.8223077,0.82049143,0.82011247,0.8135527,0.8192066,0.82224053,0.8196837,0.8188494,0.8177955,0.82602143,0.824129,0.8231082,0.82788265,0.8163896,0.82039547,0.81542057,0.8244054,0.82401,0.81872517,0.823543,0.8198637,0.8121031,0.82523847,0.8183129,0.82721525,0.8264182,0.81912094,0.8165009,0.81251323,0.8135004,0.8260843,0.81758815,0.8230754,0.81489533,0.82412493,0.8151356,0.8211697,0.8271956,0.8178706,0.81735784,0.8246224,0.8190986,0.8205263,0.8185884,0.81254333,0.808039,0.8193245,0.8187035,0.8230211,0.8148736,0.811702,0.8145113,0.8295446,0.8241495,0.81451565,0.8146995,0.8320905,0.8156797,0.8163643,0.8222663,0.81956995,0.8331593,0.82110363,0.81980175,0.8238211,0.81982267,0.8154194,0.8219111,0.82965326,0.81009763,0.81839657,0.82680625,0.8207986,0.8198171,0.8379401,0.81870174,0.81254226,0.8243357,0.81862384,0.8226442,0.81900233,0.82211524,0.8187151,0.81703806,0.8221507,0.82153904,0.81837314,0.81186557,0.80781823,0.8177493,0.8198369,0.8265022,0.8220221,0.8252787,0.8226995,0.81181854,0.82742304,0.8130802,0.8207906,0.8207039,0.81439227,0.81696564,0.81770515,0.8204875,0.8181909,0.82183224,0.81839836,0.81993026,0.83132833,0.82351345,0.81107074,0.8171181,0.8186458,0.8254865,0.81849897,0.816493,0.82580817,0.82895887,0.82710075,0.81802624,0.81289107,0.8101507,0.8216254,0.8155222,0.81397706,0.8373628,0.80313015,0.8243133,0.82229173,0.8238359,0.8144052,0.81875634,0.81883204,0.8138235,0.81684345,0.8262853,0.8180417,0.8247168,0.8138827,0.8200827,0.8156446,0.81678104,0.8227494,0.8149938,0.8215414,0.82561725,0.8119406,0.81669945,0.8216634,0.82947165,0.8215371,0.82489353,0.82240903,0.8319933,0.82189536,0.8176245,0.82025176,0.81782275,0.8151973,0.8147637,0.8218591,0.82365716,0.8249245,0.82360536,0.82528555,0.8146328,0.8190936,0.81791806,0.81313646,0.8106078,0.8095196,0.8182153,0.82404137,0.8203271,0.81735075,0.81252795,0.8161188,0.81892437,0.8134647,0.8267643,0.8178203,0.82267207,0.81956315,0.81833994,0.81312704,0.81452197,0.81445104,0.8190073,0.8229639,0.8186814,0.814726,0.8170057,0.82848996,0.81556827,0.81243545,0.8152015,0.8205948,0.8264103,0.814894,0.82850605,0.81051505,0.8204301,0.81668025,0.8127255,0.823256,0.8124301,0.8124874,0.8238972,0.81572676,0.8159265,0.8138697,0.8165515,0.81917006,0.8158114,0.81681746,0.8129419,0.82002246,0.8191246,0.82400894,0.8172363,0.8165118,0.82170826,0.8193842,0.8204113,0.82130486,0.8268918,0.8130232,0.8194762,0.8193494,0.8200968,0.81196696,0.8087474,0.82151264,0.82342255,0.81803644,0.82001925,0.8226715,0.82102793,0.8121032,0.82219845,0.81282026,0.8201431,0.8188172,0.81954354,0.8160678,0.8293491,0.8215146,0.81697625,0.8152392,0.81526285,0.82277817,0.8229136,0.8213998,0.82399803,0.8236177,0.81286645,0.8168173,0.81382644,0.820245,0.8175497,0.81793684,0.8200864,0.8182444,0.81720746,0.8111184,0.8144217,0.82105935,0.8186204,0.824557,0.81286645,0.8229567,0.8245985,0.81096286,0.8199962,0.8204715,0.82269883,0.82276547,0.8154408,0.8102211,0.82349455,0.8201495,0.8261738,0.8195978,0.82567334,0.8166662,0.82159793,0.81886333,0.814744,0.8117173,0.8263442,0.8239383,0.8203065,0.81424886,0.81375283,0.8202495,0.8193531,0.82160634,0.8275209,0.8201233,0.8120609,0.82114047,0.81929237,0.82207704,0.8177413,0.82324624,0.83372384,0.8153039,0.81176704,0.82576305,0.8155495,0.81393325,0.8197145,0.8165566,0.81346005,0.8135892,0.8195888,0.81817085,0.82213837,0.82103276,0.8196529,0.82612133,0.8256949,0.8139622,0.8121571,0.82358474,0.8204494,0.8258146,0.8189328,0.82101196,0.8126137,0.8192859,0.8177247,0.8176547,0.8198519,0.81069165,0.82596827,0.81812376,0.8237726,0.819883,0.8206572,0.8158555,0.8153049,0.8124389,0.82821655,0.8113765,0.8109008,0.8308966,0.8087456,0.8155564,0.82428604,0.8217849,0.82091945,0.8090795,0.8172231,0.82092714,0.82299596,0.82088053,0.8212326,0.81342375,0.81276226,0.81365347,0.8128521,0.81769484,0.81808275,0.8163893,0.81281877,0.81600964,0.8189699,0.82528603,0.81666577,0.8185194,0.8151126,0.8098593,0.8124795,0.81203437,0.81895,0.8118827,0.823559,0.8170159,0.8156885,0.8178636,0.81708956,0.82437414,0.827693,0.8145217,0.8144533,0.8157195,0.8247331,0.8227068,0.8230999,0.8061004,0.81247526,0.8182332,0.8213317,0.818448,0.8140178,0.8234038,0.81763107,0.82318366,0.82082254,0.8253393,0.8195187,0.8168142,0.8192587,0.8147699,0.81244767,0.8127543,0.82340395,0.81873906,0.8252697,0.8121104,0.8181818,0.821921,0.8147781,0.81800234,0.81844485,0.8185574,0.82190293,0.8182529,0.8187576,0.8243234,0.8146328,0.8213964,0.8124647,0.8239252,0.80835396,0.81776094,0.81750154,0.8102031,0.82451636,0.82102036,0.81855386,0.8210642,0.81812096,0.824845,0.83147204,0.81182677,0.8162891,0.8171756,0.8169451,0.81965095,0.8249425,0.8179037,0.80791163,0.8203187,0.8235789,0.816319,0.8249506,0.82245916,0.81154907,0.81548345,0.8200978,0.8198168,0.81905997,0.8215918,0.8103023,0.8177114,0.80695176,0.82459944,0.81791455,0.81203794,0.8215039,0.81591403,0.8162139,0.8216087,0.8193685,0.81673974,0.82085735,0.82023984,0.8147142,0.8226864,0.8233198,0.8167548,0.8230376,0.8124437,0.82491755,0.8189909,0.81506693,0.81637317,0.8200615,0.82189274,0.8214018,0.820382,0.8268311,0.8198381,0.811137,0.8262617,0.81054544,0.82062846,0.81443644,0.820959,0.820117,0.8161607,0.8207658,0.82145727,0.82014793,0.8214085,0.81727856,0.82365227,0.80334884,0.81697446,0.81479585,0.8188986,0.8190146,0.81580937,0.81975037,0.81956595,0.81791127,0.82182664,0.82244277,0.8162658,0.8228379,0.8188208,0.8204424,0.8269358,0.814917,0.821225,0.8234971,0.8114794,0.81476474,0.8238138,0.81737435,0.81681013,0.82486117,0.81627595,0.823881,0.8284667,0.8089008,0.8254698,0.8210439,0.82153577,0.82548505,0.81875277,0.8186587,0.8199089,0.82297707,0.81646067,0.8181318,0.82363045,0.81940407,0.82312816,0.8324051,0.8116647,0.81267995,0.82371324,0.8175405,0.8259731,0.81805253,0.8209606,0.8192738,0.81970114,0.8114839,0.81904805,0.81403977,0.82133394,0.8136849,0.8259844,0.8145796,0.82110894,0.8301779,0.8197841,0.8125158,0.81733435,0.8165768,0.8261811,0.8221472,0.8062204,0.81434715,0.8224476,0.82040125,0.82792497,0.82807827,0.81349885,0.82814604,0.8121174,0.81771827,0.82361746,0.8222248,0.8213518,0.8246398,0.82013243,0.8126977,0.8173214,0.81911623,0.8288568,0.82036227,0.8205558,0.82071763,0.82683104,0.8227102,0.8182674,0.81935966,0.8248171,0.82620925,0.8131024,0.81505877,0.82193345,0.8190938,0.8094661,0.8223858,0.82767934,0.82175416,0.8181346,0.81601083,0.81636983,0.82365674,0.8171837,0.81499004,0.81910396,0.8247087,0.82057506,0.81840754,0.8080896,0.8201564,0.8236669,0.8241292,0.8171621,0.82149816,0.8234087,0.8211612,0.82044005,0.8205385,0.81817424,0.8215169,0.8231961,0.8098153,0.8198122,0.8222492,0.8222992,0.81829494,0.82057726,0.8242098,0.8242351,0.81442845,0.81695443,0.818538,0.811556,0.8142363,0.82607204,0.8210087,0.8254832,0.81546885,0.8196136,0.8267177,0.8223028,0.81817335,0.815457,0.81266993,0.82462823,0.82028097,0.81870365,0.81676203,0.8146653,0.8315865,0.8160261,0.81990105,0.8298542,0.8216262,0.8222666,0.8169943,0.81450397,0.80952966,0.81870264,0.81689054,0.822809,0.8044188,0.8247857,0.8206732,0.82769215,0.8175717,0.8225748,0.8168291,0.81969446,0.8196882,0.8229108,0.81926435,0.81647223,0.8277979,0.8180636,0.8131982,0.81071407,0.82062674,0.81150854,0.817076,0.8116587,0.82290316,0.8232648,0.82220304,0.81381613,0.8190127,0.81295455,0.81663215,0.8214809,0.8165813,0.82104564,0.82550234,0.8182157,0.8135444,0.8211985,0.82127106,0.81371844,0.81526744,0.8218998,0.8167206,0.82408637,0.8182575,0.822149,0.8220839,0.82611257,0.81449854,0.8204871,0.81456876,0.8224151,0.8263699,0.8118906,0.8185076,0.829304,0.8185433,0.8217909,0.82075864,0.814643,0.81561667,0.82146865,0.8181996,0.8203368,0.82051367,0.8153513,0.81863165,0.8153939,0.820275,0.8119348,0.81646514,0.8182933,0.81454253,0.82076657,0.8228313,0.8159304,0.8190284,0.817173,0.8242057,0.82328904,0.8165456,0.8154116,0.82350034,0.8196814,0.8132217,0.8174067,0.8144566,0.8174376,0.81798965,0.820075,0.8237271,0.8196016,0.8191405,0.817608,0.8229355,0.81556815,0.82804656,0.8206647,0.81031394,0.81177104,0.82101816,0.8217143,0.8188151,0.81338286,0.817955,0.81826735,0.81923807,0.8249972,0.8168569,0.8192824,0.8241913,0.81870043,0.8260208,0.8217463,0.8160741,0.81731224,0.8216824,0.8174826,0.8166204,0.8188865,0.825901,0.81900215,0.8189867,0.81171495,0.8236408,0.822115,0.8165002,0.8253183,0.82398486,0.82054234,0.8267291,0.8193153,0.8120243,0.8259971,0.8093025,0.8166845,0.8247107,0.8181344,0.82452494,0.81877977,0.8271534,0.82326615,0.8314473,0.8070139,0.8217844,0.81545824,0.81465614,0.8265964,0.81788856,0.8211945,0.81101215,0.8214632,0.8202455,0.81705433,0.82505274,0.8299754,0.82564384,0.821031,0.8160186,0.8200508,0.82236075,0.82782817,0.8153019,0.8158421,0.81665546,0.81237614,0.81829816,0.81102157,0.822605,0.8102258,0.8186372,0.81197184,0.8262501,0.8254599,0.82817847,0.8191379,0.8185733,0.8164742,0.81742823,0.82455087,0.8210851,0.82188565,0.8344573,0.81764686,0.8140029,0.81519204,0.8130177,0.81730974,0.8141628,0.8197878,0.8280741,0.8114255,0.81319624,0.8237655,0.8125104,0.8197393,0.8154101,0.81605244,0.81483597,0.8157458,0.82030123,0.8255273,0.824831,0.815761,0.81616354,0.81865966,0.81700027,0.8227861,0.8210033,0.82058936,0.80957234
0.9434576,0.93938756,0.9520106,0.9455485,0.9408959,0.93904275,0.95402163,0.9382149,0.9415404,0.94926375,0.94308966,0.94128805,0.9512906,0.9423666,0.95091784,0.94341105,0.94893116,0.9437449,0.9339001,0.9361236,0.94064736,0.93024755,0.9453793,0.94345915,0.9397757,0.9437335,0.9417781,0.94799256,0.94348544,0.938843,0.937787,0.94470096,0.93673885,0.93559283,0.9535472,0.95174253,0.94813067,0.94117516,0.94614184,0.9474255,0.93808,0.95142645,0.9369306,0.9411359,0.9496722,0.9393483,0.9510511,0.94072455,0.94534326,0.94450897,0.94648176,0.94843376,0.9366852,0.93969965,0.93540335,0.9456662,0.9379982,0.9488647,0.93398684,0.9416017,0.9445775,0.9445922,0.943684,0.94594073,0.943907,0.9393729,0.94747216,0.9388923,0.9360348,0.9413214,0.94530255,0.94138277,0.9426759,0.94121194,0.94031185,0.9395913,0.9486318,0.9392078,0.9443596,0.9422763,0.9439345,0.9468801,0.9351448,0.93858415,0.9365497,0.94557905,0.9378598,0.9429526,0.9481009,0.9377543,0.9400032,0.93789387,0.9466107,0.9458049,0.9369705,0.9518998,0.94756544,0.941998,0.94291335,0.94578356,0.9400759,0.9388254,0.9325621,0.9437769,0.9432005,0.93810743,0.93864447,0.94694436,0.94214314,0.9440935,0.93284,0.9405847,0.94499767,0.93988556,0.9431696,0.9387344,0.9383948,0.94583964,0.9435898,0.9372351,0.938363,0.9390741,0.94480294,0.94757795,0.9440567,0.94136286,0.9434883,0.94241214,0.9407475,0.9421722,0.9389902,0.93701804,0.9375687,0.9483092,0.9444419,0.9496066,0.9464762,0.9426063,0.94739956,0.94674546,0.9424676,0.93824977,0.9482459,0.94056445,0.9484769,0.9423094,0.9429362,0.9453915,0.9386523,0.93882877,0.9440161,0.9348296,0.9351383,0.9454805,0.94806665,0.9420994,0.9390104,0.9424482,0.9445886,0.94220585,0.93828493,0.9433743,0.9359375,0.9462568,0.943797,0.95159495,0.94003654,0.94175845,0.9482347,0.94490635,0.9467551,0.94387305,0.9440663,0.9354491,0.93910956,0.9497584,0.9511909,0.93468165,0.95111865,0.9355052,0.93971044,0.9470983,0.94303906,0.93919325,0.93888396,0.94364774,0.9401075,0.947532,0.93698156,0.9487207,0.9466829,0.94460535,0.9417565,0.94135475,0.9396849,0.94642496,0.93896997,0.93417215,0.93997425,0.9375409,0.9441867,0.94475424,0.952287,0.94226927,0.9377229,0.9486148,0.9365011,0.94105935,0.94686264,0.9439931,0.9405019,0.9409274,0.9345638,0.94276744,0.9388242,0.9466784,0.9446386,0.9405425,0.9382866,0.9520194,0.94543934,0.9398096,0.944017,0.94085866,0.9515868,0.9384281,0.94587064,0.94350207,0.9423163,0.94558716,0.94060093,0.95257264,0.95017403,0.94037706,0.9461402,0.9473706,0.94985574,0.9330688,0.9434718,0.94450384,0.9494678,0.93740034,0.94578743,0.9525947,0.94295657,0.9469675,0.94600123,0.952377,0.94330263,0.94556934,0.9457874,0.9432135,0.93669504,0.9482586,0.9348506,0.93778366,0.9450913,0.9446741,0.9460809,0.9356112,0.9367865,0.94161975,0.94891024,0.9491445,0.94051194,0.94708866,0.9408369,0.93425816,0.9501434,0.9468356,0.94831157,0.9415755,0.9426911,0.94597715,0.94308347,0.9442145,0.9373937,0.94288784,0.9360641,0.9401858,0.94111526,0.9473964,0.9429331,0.94189984,0.9505129,0.947889,0.9417979,0.94283134,0.94650966,0.94253147,0.94083744,0.9460521,0.93982744,0.931628,0.9440017,0.94166386,0.94053644,0.9380489,0.94107354,0.93594265,0.9368723,0.9391429,0.94074774,0.935703,0.94470435,0.94956225,0.9394362,0.9429762,0.93525034,0.94712746,0.93569183,0.9446604,0.93592674,0.94375104,0.9406528,0.9361669,0.93763083,0.9412256,0.9399777,0.94019717,0.9526624,0.9361161,0.9362883,0.9497559,0.93948895,0.95038074,0.94194174,0.9435056,0.9472497,0.9433387,0.9487374,0.9382647,0.9434894,0.9451085,0.93729633,0.9471735,0.94347215,0.9465287,0.946916,0.9337351,0.94354594,0.94505525,0.9423188,0.94019705,0.9500901,0.941685,0.9465494,0.94340056,0.94086343,0.94667,0.937141,0.94005615,0.94725215,0.9510252,0.947312,0.9459505,0.94402134,0.9421049,0.9370701,0.928852,0.9472875,0.9394152,0.9430257,0.93929183,0.9480526,0.94145286,0.9409151,0.9433975,0.94507706,0.9364819,0.95269203,0.94206214,0.94840324,0.94962776,0.94310576,0.9448052,0.9448161,0.9319217,0.9407228,0.93868476,0.9468059,0.9448247,0.94773537,0.93744546,0.93923074,0.943813,0.94373655,0.9410927,0.93277794,0.94169855,0.9459239,0.9425842,0.93668634,0.9358793,0.9406603,0.94583446,0.9403013,0.9407384,0.9420513,0.95011836,0.9344629,0.94181675,0.94260097,0.9450257,0.947582,0.9380452,0.9310689,0.9489798,0.9324529,0.93981487,0.94557536,0.9509246,0.9353244,0.9387983,0.94003475,0.9397223,0.9357324,0.946044,0.9449156,0.9429867,0.9403346,0.94554096,0.9400272,0.9420386,0.9433909,0.9458027,0.94875276,0.9495295,0.9513628,0.9396748,0.94968367,0.94544333,0.9481753,0.95312625,0.9350798,0.93637824,0.9510303,0.9419194,0.93875015,0.95180446,0.9389475,0.9422959,0.9390316,0.9486801,0.94500893,0.9396382,0.9412623,0.95233124,0.94548666,0.9461717,0.944764,0.94647986,0.9459285,0.9404022,0.9491915,0.9411343,0.9487647,0.93605304,0.94134414,0.9480614,0.9389434,0.94821715,0.9343411,0.9504064,0.9438729,0.9413926,0.9444121,0.9485961,0.94405144,0.9438218,0.9423611,0.9478575,0.94420236,0.938025,0.93903625,0.9393768,0.94563097,0.9445282,0.93919253,0.94497126,0.937845,0.94088435,0.94834036,0.94492245,0.9431742,0.94873697,0.94282657,0.94486856,0.9397614,0.9413302,0.95187,0.9461649,0.9435828,0.94120663,0.9417483,0.9405046,0.94536513,0.9420526,0.9371972,0.9395013,0.94182575,0.9421592,0.9330884,0.93539786,0.94838876,0.9455957,0.9393925,0.93658906,0.9410518,0.94192135,0.94201314,0.946355,0.9362829,0.9457869,0.9488578,0.94489264,0.9519251,0.9477005,0.93718815,0.93683887,0.94297093,0.9413084,0.9372764,0.9441649,0.9485881,0.9442368,0.9390852,0.9498782,0.941924,0.94544506,0.94331336,0.9396276,0.932971,0.9443247,0.9432743,0.9477028,0.94933033,0.95272374,0.9405754,0.9400221,0.9444978,0.94609064,0.94421995,0.94519824,0.93913984,0.944772,0.9365631,0.94395334,0.93785983,0.94123983,0.9462999,0.9312571,0.94457626,0.934347,0.95096344,0.94288266,0.9387552,0.9452299,0.94682413,0.9403087,0.9487602,0.9388285,0.9456518,0.9551512,0.9410323,0.9359371,0.9446559,0.9428557,0.93053573,0.94949543,0.9418832,0.9350663,0.94607145,0.9487097,0.9400031,0.94828796,0.9352764,0.94583225,0.9430346,0.94752854,0.93812287,0.9370408,0.94643664,0.939018,0.942642,0.9362783,0.9450758,0.9435653,0.94370514,0.948528,0.94374317,0.9391823,0.94495845,0.9482735,0.9339496,0.9512613,0.93848073,0.9380782,0.94305736,0.94799894,0.94589263,0.946089,0.94216794,0.95084333,0.94919807,0.9372834,0.9431005,0.95031977,0.94817436,0.94222575,0.9409865,0.94525844,0.9407874,0.942209,0.9489156,0.9415337,0.94505227,0.941827,0.936755,0.9496237,0.9421815,0.94175404,0.9444737,0.9473677,0.9453641,0.94181633,0.9414774,0.94539684,0.94039476,0.927353,0.92985165,0.9406686,0.9491047,0.93733484,0.94922984,0.9407166,0.9420837,0.9417017,0.9348939,0.9378823,0.9495005,0.93954444,0.9436951,0.9400788,0.9421598,0.947365,0.940756,0.9380903,0.93720734,0.9363512,0.9440188,0.9431508,0.94572127,0.94742316,0.947297,0.93584603,0.94851196,0.95066476,0.942475,0.94205946,0.94692093,0.9467685,0.94171315,0.9497863,0.9408473,0.9431479,0.9468539,0.93917584,0.9490897,0.9438193,0.93669873,0.9412282,0.94214165,0.94660467,0.94288427,0.94340265,0.94513345,0.94653827,0.94317406,0.94361264,0.9389261,0.94647074,0.9486594,0.9491458,0.9374227,0.94320583,0.94281214,0.94405687,0.94012606,0.9390244,0.94987386,0.94164443,0.94613606,0.9414227,0.9453673,0.9395303,0.94728404,0.9489368,0.9418439,0.947773,0.9414363,0.946422,0.946629,0.9384973,0.9418065,0.94568664,0.9438316,0.9443113,0.93838716,0.9366624,0.9411672,0.9452375,0.94810486,0.9480108,0.9471921,0.946268,0.94360954,0.94996804,0.9436005,0.9391082,0.949227,0.9345372,0.93535566,0.94443,0.9344894,0.94323915,0.93925315,0.9436945,0.9473808,0.9502252,0.9435954,0.94619834,0.94560987,0.9429938,0.93175536,0.94714254,0.937703,0.9429556,0.9402977,0.93821704,0.93648744,0.9413782,0.9455038,0.94279903,0.9445293,0.9487241,0.9405455,0.9424246,0.9419789,0.9416215,0.941138,0.9411456,0.9387302,0.93214166,0.9419056,0.9464727,0.95233136,0.9470464,0.9436775,0.94604367,0.9477507,0.94393605,0.9431918,0.9455707,0.9427802,0.94025695,0.9477222,0.9424232,0.9477805,0.9425692,0.9490762,0.9429631,0.94654036,0.9423281,0.93761206,0.94637805,0.94401366,0.9481066,0.946012,0.94618726,0.9452533,0.95074004,0.9414537,0.9458603,0.9557149,0.9465364,0.938415,0.94242305,0.9445371,0.9437258,0.94513,0.9416524,0.94716483,0.94331163,0.9462238,0.94060886,0.9504418,0.93763274,0.94385237,0.93507713,0.9465297,0.9371504,0.94395506,0.93680143,0.94132984,0.9488967,0.9429485,0.93629974,0.9370557,0.9452106,0.9363817,0.9359291,0.9377394,0.942551,0.9447743,0.94550985,0.9454532,0.94395894,0.941617,0.9443879,0.94644994,0.93772554,0.94028276,0.9460247,0.9454379,0.9416229,0.93957436,0.9439522,0.9427204,0.9460654,0.9451876,0.94097024,0.939588,0.9356767,0.9444371,0.95116603,0.94904315,0.94824815,0.94677204,0.94304585,0.9437652,0.9464612,0.93467253,0.9443778,0.94045055,0.93898934,0.9339858,0.95197564,0.94379526,0.9465834,0.93693405,0.94089997,0.9362199,0.9386321,0.9366273,0.94284385,0.9468918,0.94282585,0.9449879,0.9399303,0.9337095,0.94556,0.94312835,0.94691586,0.9422686,0.9450634,0.9403284,0.94475967,0.9395393,0.9472036,0.9412152,0.9492564,0.94657075,0.9374323,0.9359807,0.9383704,0.9403953,0.9440405,0.9426009,0.9384206,0.9379049,0.94380355,0.9447695,0.94639903,0.9362074,0.9489051,0.9463501,0.93365014,0.93831116,0.9458037,0.9464203,0.9445236,0.9395807,0.9430394,0.9454121,0.94344985,0.94553304,0.946891,0.9474217,0.9500376,0.9458014,0.9546008,0.9315917,0.9399332,0.93826556,0.94603956,0.94103247,0.94215906,0.9428565,0.94153684,0.94517237,0.93976897,0.93325216,0.947822,0.94304115,0.9468107,0.94660795,0.94128907,0.9479922,0.940106,0.93959665,0.9442107,0.94062245,0.9407704,0.93955946,0.9391512,0.9389235,0.95097125,0.9397822,0.9488711,0.9483129,0.9455862,0.9306652,0.9512346,0.9398866,0.93849874,0.9437958,0.9461992,0.94761884,0.94153255,0.94245857,0.9445417,0.9464028,0.9416041,0.94552016,0.9449956,0.95011514,0.9478001,0.94483995,0.94496137,0.94483316,0.94516456,0.9450617,0.94087327,0.93362695,0.9411177,0.9392702,0.9417201,0.94194645,0.9423209,0.9378923,0.9486102,0.9460204,0.9410162,0.93687975,0.9420759,0.9504799,0.9431949,0.94508535,0.9403469,0.94309556,0.9384588,0.9415137,0.95015293,0.94137675,0.94176084,0.93863106,0.93835074,0.9454948,0.9443412,0.9396316,0.9488185,0.9375315,0.9414716,0.94245565,0.93990314,0.9439202,0.94064415,0.940481,0.9458841,0.9468164,0.94596267,0.94483656,0.9408615,0.945739,0.94388324,0.9486007,0.94464344,0.9470758,0.94071287
0.8492375,0.8504188,0.85329264,0.8526846,0.8512591,0.85425377,0.85679686,0.8549931,0.8468078,0.8563151,0.8506493,0.84957397,0.85620147,0.85341877,0.8444375,0.8496846,0.8447051,0.8449776,0.85516304,0.8462368,0.8504001,0.8446407,0.848289,0.84952575,0.84644485,0.847646,0.85289836,0.8573875,0.85604376,0.8480669,0.8515323,0.84849715,0.8522181,0.84354377,0.8608515,0.8567511,0.8512876,0.8480578,0.8512748,0.85289896,0.84769714,0.8496776,0.8476201,0.8470931,0.85591,0.84838015,0.8488917,0.85383886,0.8496884,0.85138947,0.84305,0.8501885,0.8499868,0.84269714,0.84975195,0.8495052,0.8451847,0.8536574,0.85590214,0.8481857,0.8463226,0.8580359,0.84980243,0.85737586,0.84878296,0.8505384,0.8492634,0.85208255,0.84847087,0.8479667,0.8465322,0.85075563,0.85379326,0.84217095,0.8504702,0.8504361,0.84731746,0.85366875,0.84774,0.8496128,0.8545897,0.8540225,0.8559324,0.8482586,0.84862065,0.85097396,0.83920985,0.8495878,0.8494508,0.8506855,0.8443444,0.84130114,0.8529735,0.8425064,0.84773177,0.8526829,0.8446348,0.85622627,0.84862864,0.8556546,0.853485,0.85362995,0.84487635,0.8505906,0.84675235,0.85119706,0.84845847,0.8505103,0.859178,0.84498584,0.85164565,0.8468583,0.85670656,0.84982127,0.8485258,0.8476034,0.8563479,0.8568523,0.8491033,0.84554154,0.8472535,0.84616166,0.85175747,0.84877473,0.85469335,0.84787506,0.85381424,0.8426744,0.84627795,0.84582615,0.8505469,0.8502243,0.8491962,0.8483517,0.8547545,0.8574592,0.851387,0.857144,0.84463674,0.85321254,0.8538524,0.8483442,0.85511243,0.8475581,0.8539975,0.8519709,0.8445257,0.8473926,0.8585396,0.8561033,0.8515439,0.8448099,0.84605676,0.848596,0.8491423,0.8598939,0.857381,0.84909225,0.8450114,0.85524386,0.8475952,0.8439622,0.85469717,0.8511629,0.8525922,0.85758704,0.8524705,0.850194,0.8475791,0.8488692,0.84081817,0.8558626,0.8506662,0.84392774,0.8488285,0.8435142,0.84808785,0.849624,0.8485527,0.84556645,0.84885067,0.8513842,0.849271,0.8566797,0.84523815,0.859186,0.8564313,0.8513159,0.84603196,0.85119396,0.85198426,0.8484993,0.8513662,0.85023725,0.8474079,0.85012156,0.843077,0.84971046,0.8471484,0.8500883,0.85831124,0.8536092,0.8516462,0.847718,0.84078866,0.85872954,0.85277814,0.8486234,0.8488478,0.85437036,0.8426772,0.84947836,0.8574365,0.85228854,0.84693414,0.8527984,0.8456003,0.8570897,0.85357267,0.85098684,0.8394911,0.84901935,0.8503359,0.84824574,0.8595588,0.8533589,0.8480249,0.84640086,0.85432184,0.8442248,0.8549497,0.8537368,0.8555502,0.85266703,0.84995043,0.8506761,0.85215396,0.8486094,0.85763425,0.8489148,0.84524125,0.85111,0.8478052,0.8489116,0.84721696,0.8515954,0.8531195,0.86081105,0.8529007,0.8590114,0.85012037,0.8542914,0.8502076,0.847286,0.8518315,0.85158175,0.853192,0.8548627,0.85034984,0.8479936,0.8497016,0.8506806,0.8506694,0.8506665,0.8473445,0.84271604,0.8542597,0.851799,0.8503481,0.8533724,0.8475347,0.853971,0.85115314,0.85410756,0.8474895,0.8527709,0.85160494,0.8558312,0.8550126,0.8480344,0.8588092,0.8466399,0.84452456,0.85752577,0.8507883,0.84562415,0.8563984,0.85032314,0.85208136,0.8487774,0.8471925,0.8463977,0.85549366,0.8463989,0.85159963,0.84781206,0.8439802,0.851349,0.85544735,0.84754384,0.8474429,0.8471965,0.8430095,0.8539065,0.8506482,0.85044914,0.8507958,0.8495747,0.8446985,0.85479313,0.8491903,0.8498065,0.8512109,0.8495939,0.85471433,0.8572012,0.8551846,0.8469697,0.851545,0.8566093,0.84871227,0.85456896,0.85594183,0.85538286,0.8482478,0.856379,0.8480756,0.8516046,0.8476123,0.86154944,0.8477468,0.8485318,0.8566594,0.8502443,0.84905535,0.8474293,0.8509267,0.8498242,0.8481161,0.85592234,0.8618705,0.84937114,0.8530316,0.85510135,0.852791,0.8503061,0.8445914,0.8521532,0.8446276,0.8507337,0.8570116,0.8499991,0.85193145,0.847915,0.850951,0.8506616,0.85301524,0.83951944,0.8413507,0.84494567,0.8536088,0.8454615,0.8527815,0.85099256,0.8507396,0.8519577,0.8478943,0.8460966,0.84656894,0.8520339,0.85479695,0.8531928,0.8470218,0.85598904,0.8504219,0.85245204,0.84643775,0.849745,0.8469114,0.84874004,0.8502036,0.8556787,0.84859097,0.84290534,0.8515459,0.85254234,0.8498371,0.8583234,0.8489534,0.8488047,0.85288066,0.8519116,0.85282534,0.8538567,0.84784317,0.8633102,0.85047054,0.8507099,0.84762233,0.8499715,0.8476977,0.8511662,0.8511928,0.85821015,0.85135114,0.848387,0.8496698,0.8527063,0.8450166,0.8489902,0.84714353,0.85293853,0.84173256,0.8552019,0.8508929,0.8485662,0.8490062,0.8487851,0.8571093,0.8518689,0.85683364,0.8492449,0.8483985,0.84867144,0.84999555,0.8507939,0.84801406,0.8560432,0.85808617,0.8485839,0.84543806,0.857012,0.8460893,0.85358804,0.8481436,0.8461825,0.8498934,0.8555997,0.8530826,0.84587973,0.8529661,0.85603684,0.8523837,0.84112203,0.85045964,0.85846436,0.8522095,0.85604674,0.84678555,0.8532543,0.8458432,0.85238725,0.8552194,0.8505195,0.8533178,0.8433598,0.84741336,0.8488333,0.85223055,0.8597989,0.8484714,0.8539886,0.85730386,0.8558267,0.84715617,0.8521405,0.85562146,0.8572399,0.84545183,0.8525807,0.845153,0.8520253,0.84820515,0.85286593,0.8448929,0.8573876,0.84644,0.85409397,0.8518588,0.84910804,0.85867786,0.857223,0.8533397,0.84916824,0.85489106,0.8541665,0.8521644,0.85369134,0.85896474,0.8484292,0.8525226,0.8596358,0.8551285,0.8553228,0.85332733,0.8576418,0.84548634,0.85209453,0.84922075,0.85957247,0.85697705,0.8531244,0.847103,0.8440533,0.85193014,0.8537951,0.85408574,0.8530111,0.851196,0.846118,0.85078067,0.8513831,0.85819286,0.85259414,0.857163,0.8483854,0.85188395,0.847036,0.8624647,0.84941953,0.8493835,0.8493374,0.8493353,0.84681547,0.85213566,0.85324186,0.8437684,0.8485899,0.84782845,0.84704846,0.8469736,0.852117,0.84568715,0.8566722,0.8444066,0.8517384,0.8527125,0.85006875,0.8535875,0.85052824,0.85024977,0.8485491,0.8499914,0.84952813,0.8561907,0.8496427,0.84495294,0.85041285,0.8407252,0.8507286,0.8538296,0.86021745,0.8513904,0.84945494,0.8440642,0.8514001,0.85487705,0.84973073,0.85260165,0.8503291,0.85236853,0.8483315,0.84633076,0.8590765,0.85076493,0.8422766,0.8600713,0.85358983,0.8428224,0.84827435,0.8553756,0.8587662,0.8535887,0.852577,0.8508297,0.8527189,0.8471772,0.85579866,0.8528832,0.85592574,0.8532209,0.8493911,0.8514,0.8519785,0.85119635,0.8458537,0.84664726,0.8498434,0.85033554,0.8433467,0.84717876,0.85150266,0.84444046,0.85182357,0.8573082,0.84541917,0.8505462,0.85353374,0.85401374,0.85038215,0.8464102,0.8515925,0.85553557,0.8493482,0.85302997,0.84536517,0.85266924,0.86546844,0.85153735,0.85315835,0.84756297,0.8522969,0.8517751,0.8587679,0.85748726,0.8551078,0.8495067,0.8587928,0.8613291,0.84978837,0.84854966,0.85313,0.8479739,0.84978724,0.85141397,0.8586896,0.85070485,0.86069417,0.841273,0.8470532,0.8446595,0.84851897,0.850639,0.84515774,0.8556836,0.8483633,0.83863837,0.8416908,0.8480762,0.8411056,0.85079855,0.84850264,0.85290897,0.8513478,0.847605,0.85093194,0.84738433,0.84710306,0.8486607,0.846645,0.85222334,0.8450872,0.8499696,0.8529348,0.84768724,0.8477103,0.8470277,0.85372585,0.85446674,0.8496855,0.8524083,0.8557421,0.8542329,0.8468495,0.8536483,0.844022,0.861824,0.84507513,0.85358024,0.85043997,0.84950805,0.85151875,0.8554568,0.8569002,0.85388887,0.85491574,0.8425229,0.84881264,0.84596056,0.8543246,0.84531826,0.8517486,0.8507448,0.85594374,0.84832036,0.841089,0.84978026,0.8435388,0.84616286,0.8550468,0.85094726,0.8536599,0.84314305,0.85231394,0.8491166,0.8534499,0.8463727,0.8458555,0.8479156,0.8516617,0.8524723,0.8516981,0.8522026,0.84809315,0.8522982,0.85283166,0.848282,0.8449413,0.8476777,0.8430971,0.8485241,0.8609331,0.8493504,0.8492055,0.84476274,0.85007167,0.84829646,0.8491387,0.85360086,0.8459762,0.8439541,0.847535,0.85023475,0.8513311,0.84805894,0.84514165,0.85610443,0.8464943,0.85556656,0.85270745,0.842414,0.85450107,0.8495629,0.84990895,0.84664625,0.8490172,0.8559955,0.8498614,0.8566485,0.8469041,0.85069925,0.85197854,0.85662377,0.84798115,0.8558172,0.85617137,0.85143036,0.8535882,0.85139006,0.86027044,0.8602452,0.84911394,0.84616685,0.84574544,0.856686,0.84669405,0.84445006,0.863454,0.85423416,0.8578278,0.8555315,0.8503905,0.847275,0.8596137,0.85322493,0.8555021,0.84914476,0.84565353,0.85548085,0.85091585,0.8456647,0.8431286,0.84249043,0.84847176,0.8510556,0.85221255,0.8489369,0.85068774,0.8482069,0.85606116,0.8472797,0.8456397,0.84441435,0.84911084,0.85116297,0.8560185,0.8501974,0.8483429,0.84961575,0.859647,0.8476551,0.84518564,0.8590768,0.8563815,0.8446539,0.8431221,0.8534528,0.8426405,0.8501754,0.8534319,0.8485039,0.84648293,0.8447609,0.84750956,0.849513,0.8515923,0.8497609,0.85309255,0.851452,0.84565914,0.85736203,0.8513157,0.849883,0.8525497,0.8455542,0.8445774,0.85184026,0.8516416,0.85142124,0.8550832,0.8513917,0.8554386,0.8521919,0.8480851,0.8453082,0.8493092,0.8560499,0.8528181,0.8472659,0.8537823,0.85402584,0.8523708,0.85102165,0.8450052,0.846667,0.8531716,0.8426131,0.85719484,0.8519039,0.85541,0.85192764,0.85439765,0.84615666,0.85806495,0.8554039,0.846036,0.8462575,0.8447002,0.8516724,0.8572738,0.8499073,0.8533315,0.8474818,0.85043824,0.84358627,0.84721655,0.8489872,0.85192984,0.85417956,0.8442294,0.85039777,0.84199077,0.8496258,0.8501192,0.85760796,0.8511056,0.85347015,0.85575444,0.8497588,0.84842014,0.84268576,0.8538819,0.85263836,0.84720385,0.8530287,0.8537881,0.84387565,0.8544425,0.8483487,0.8493072,0.84992343,0.8510881,0.8528474,0.85337085,0.8541639,0.85034055,0.85381466,0.8534901,0.85146093,0.8515913,0.8466433,0.85265845,0.852327,0.8465797,0.8417223,0.84725,0.853514,0.85302,0.84266037,0.8544731,0.8583144,0.8509887,0.843861,0.85388523,0.84808743,0.84705526,0.85642654,0.84743446,0.85059863,0.84974843,0.84229666,0.8548838,0.84956694,0.8539804,0.84862393,0.8441949,0.8457275,0.855318,0.8459143,0.8454892,0.8572744,0.84728277,0.84859043,0.8482079,0.8546929,0.8427398,0.84951216,0.84694284,0.84857047,0.8422947,0.85374457,0.84123677,0.855042,0.84691036,0.8441835,0.8540791,0.84572273,0.8531518,0.85099787,0.8554059,0.8491975,0.8450832,0.85199016,0.8477249,0.8468625,0.85815686,0.85878855,0.85651094,0.85051656,0.8484262,0.8513445,0.84591806,0.8555785,0.8566888,0.84772426,0.8486596,0.8561143,0.8484925,0.8556435,0.8534541,0.8473045,0.8520434,0.8523373,0.85257345,0.8538502,0.8485517,0.84833395,0.8408947,0.8501038,0.84870356,0.8470459,0.8452294,0.8472953,0.85505974,0.8481676,0.8478693,0.8503328,0.8581394,0.84819144,0.8469598,0.8520637,0.85434896,0.84518844,0.84886587,0.85098207,0.8492237,0.84529316,0.85396093,0.8525529,0.852251,0.8491308,0.8460694,0.8486003,0.85567194,0.84902316,0.84840745,0.8483528,0.851351,0.8530997,0.85500926
0.8408603,0.8433141,0.85048884,0.8508735,0.846118,0.853196,0.8490063,0.84604764,0.84068567,0.8488365,0.8422428,0.8432725,0.8477396,0.83594817,0.8392465,0.83894545,0.84057736,0.84291375,0.8496403,0.8417343,0.8455069,0.8431849,0.84166884,0.8481807,0.8398163,0.84202313,0.84355706,0.85153854,0.85158503,0.8383079,0.83855647,0.8487597,0.84503114,0.8464273,0.85082984,0.8481622,0.8451444,0.846211,0.8449768,0.8471477,0.84467024,0.8445454,0.8485918,0.84166455,0.8479118,0.84543407,0.84930694,0.8446966,0.8388941,0.8426915,0.8506034,0.846098,0.8506536,0.84708166,0.8457012,0.84216094,0.8353037,0.8542341,0.8473942,0.84794563,0.8439459,0.84929943,0.8362462,0.85151654,0.8476567,0.840345,0.84786564,0.84777504,0.84205073,0.8485057,0.8389784,0.8441103,0.85023624,0.838823,0.8486666,0.8452438,0.8522879,0.84972566,0.83876055,0.8449893,0.8554973,0.85453516,0.83541495,0.83683085,0.8388683,0.8487336,0.8386537,0.84752136,0.8474459,0.8483971,0.8426822,0.8408344,0.8457622,0.8467173,0.8431827,0.841625,0.8478272,0.84082425,0.8345925,0.84458786,0.85221565,0.8429935,0.8388514,0.849926,0.8414036,0.84634894,0.84231013,0.8381188,0.8516001,0.84333813,0.85212666,0.8475113,0.84811497,0.83819556,0.8434904,0.8464576,0.84257436,0.8497325,0.84953123,0.83864826,0.84512573,0.84452415,0.84279203,0.8499294,0.8500605,0.838396,0.84455746,0.84830624,0.84561133,0.84373206,0.84499407,0.83807945,0.8370746,0.845018,0.84930927,0.8480184,0.84570396,0.84218323,0.8416068,0.84928066,0.8448417,0.84261286,0.8540782,0.836401,0.85228556,0.84360284,0.8387884,0.8526642,0.8509499,0.85163397,0.8536206,0.8445454,0.8464059,0.8478493,0.8467613,0.8516166,0.8481469,0.8419732,0.84484744,0.84575295,0.8416078,0.8473207,0.8483346,0.8442908,0.8437827,0.84027135,0.8488776,0.8448099,0.843607,0.8434573,0.8443129,0.84738195,0.8401382,0.84571064,0.8447241,0.8469735,0.8454553,0.8435489,0.8487786,0.84781724,0.84001553,0.8452378,0.8475837,0.84012145,0.8382439,0.84777874,0.8467769,0.8446809,0.84009355,0.84265196,0.8485773,0.84115124,0.8418906,0.8428077,0.84937096,0.85048646,0.8389248,0.83900434,0.8453806,0.8451885,0.83953106,0.84804744,0.8492821,0.8451303,0.84388834,0.8561118,0.8508771,0.845174,0.84572285,0.8475269,0.84105724,0.8408321,0.84726936,0.85294944,0.8418261,0.8410062,0.8514574,0.84812826,0.8515293,0.85272044,0.8389493,0.84843045,0.8455419,0.8406894,0.85229135,0.8463581,0.8447278,0.84870887,0.84422743,0.8441091,0.8478194,0.8455658,0.8436338,0.8446004,0.8523118,0.8458763,0.8477434,0.8396759,0.84995997,0.84638345,0.83745503,0.8433503,0.84643775,0.84687126,0.8474496,0.8470228,0.84266084,0.8508354,0.84606016,0.8493044,0.8428908,0.8501529,0.85073435,0.83677214,0.83964455,0.8429872,0.8509682,0.8466265,0.8403443,0.8443712,0.850841,0.84832674,0.8462106,0.8450247,0.8412165,0.8392083,0.84837705,0.8457266,0.84762233,0.843458,0.8425511,0.8466857,0.84802186,0.8476319,0.84352934,0.8441133,0.8471498,0.84570163,0.8481281,0.8460911,0.84394795,0.8373529,0.84300596,0.84688056,0.84070057,0.84533805,0.8431271,0.8492079,0.8468909,0.84639233,0.8399403,0.84235346,0.8453629,0.83889645,0.8461096,0.84014505,0.84073645,0.84224373,0.8494443,0.8402049,0.84063375,0.84475374,0.8393788,0.84574145,0.84581256,0.84914565,0.845466,0.84033215,0.8460076,0.84061205,0.83884007,0.8502557,0.85000724,0.846272,0.8523969,0.8398832,0.84882635,0.8455214,0.84729815,0.8575932,0.83908045,0.84797406,0.84282714,0.8472783,0.83874476,0.840242,0.8426119,0.8499302,0.84206355,0.8526154,0.8456565,0.8425096,0.8419303,0.84818405,0.85186267,0.8457591,0.8527134,0.8476961,0.83867776,0.84279776,0.84347683,0.8434165,0.8500383,0.845436,0.8416908,0.8472841,0.8430899,0.8419244,0.84552985,0.84733474,0.8513219,0.848837,0.8470206,0.84598315,0.8446842,0.84057254,0.84672517,0.83619815,0.8462445,0.8406264,0.84529126,0.84311295,0.84159696,0.84655166,0.8512228,0.849463,0.83948755,0.8370777,0.8481951,0.84448105,0.8558008,0.84720004,0.8398812,0.8450772,0.8494209,0.85154444,0.83978826,0.83748436,0.8447804,0.8493092,0.85222715,0.84518105,0.843609,0.8396175,0.8480059,0.83851284,0.84791446,0.8548986,0.8414411,0.84300554,0.852687,0.85200244,0.84179616,0.84615624,0.84533614,0.84817207,0.8437756,0.8432181,0.8428963,0.84517026,0.8395033,0.8389958,0.84916115,0.84234554,0.846548,0.837212,0.84720397,0.8498547,0.842472,0.8400108,0.8443174,0.8522679,0.8401446,0.8504487,0.85006565,0.847932,0.8456573,0.84553105,0.84964305,0.84073573,0.84145695,0.8495549,0.8479542,0.84576,0.84232706,0.8443641,0.8499781,0.8524742,0.8458604,0.85022473,0.8422576,0.8571066,0.84215784,0.84541446,0.8365779,0.8444031,0.8518936,0.8485773,0.84288657,0.8430649,0.84974253,0.85583854,0.8439639,0.83766466,0.8467148,0.847843,0.8397289,0.85362554,0.84733516,0.8509433,0.8449859,0.8462048,0.8400074,0.8415556,0.8482211,0.83994424,0.8425147,0.84235203,0.85145515,0.8396776,0.84130204,0.84305835,0.8536476,0.8464405,0.84348,0.84776545,0.8488119,0.84815377,0.84725714,0.844854,0.8367754,0.84270173,0.8465766,0.8553206,0.8424147,0.845501,0.8427737,0.84459543,0.8501762,0.84658706,0.8545412,0.85039866,0.8449849,0.8408062,0.84277385,0.8512769,0.8429254,0.8486021,0.847463,0.84156317,0.83745813,0.8491762,0.8440612,0.84454274,0.8402054,0.84767264,0.84198,0.84161997,0.8491494,0.8489013,0.84417516,0.8517155,0.847143,0.8406225,0.85304904,0.8445148,0.8456565,0.8449945,0.8482151,0.8410431,0.84754586,0.85012394,0.8436443,0.84990704,0.84874904,0.8413722,0.847109,0.8494467,0.8515158,0.8489923,0.84702516,0.8418592,0.84395975,0.8488426,0.8464921,0.84444046,0.8432419,0.85100985,0.8448688,0.84433395,0.8389671,0.84976995,0.84607697,0.8467136,0.8409531,0.8500167,0.8480611,0.8447841,0.8422419,0.8497948,0.84377223,0.84971017,0.8356135,0.85234284,0.85322493,0.84225273,0.8472974,0.84958786,0.8440035,0.8511284,0.8435666,0.84720975,0.83980066,0.8432145,0.8422797,0.8436061,0.84546995,0.84041107,0.84492266,0.8472049,0.843774,0.8408021,0.8455049,0.856907,0.8466792,0.8424701,0.8487787,0.84895855,0.83999527,0.8384935,0.8469898,0.84491885,0.8490533,0.8515735,0.84299105,0.8465495,0.84603506,0.8469233,0.8456711,0.8445902,0.8467577,0.84804463,0.8345619,0.8483302,0.8463871,0.8439661,0.83697855,0.8431348,0.84235173,0.84005296,0.8442716,0.8422433,0.8442229,0.84338355,0.8394106,0.8408663,0.84668493,0.8492715,0.84255886,0.84713984,0.8389656,0.8517181,0.8488658,0.8391732,0.84321624,0.84560716,0.84658206,0.8522611,0.85344833,0.84790564,0.84278715,0.8486153,0.84699124,0.84554744,0.85601413,0.8439479,0.85067105,0.84727204,0.8570091,0.84613025,0.84813374,0.8476733,0.8490808,0.847148,0.8430615,0.84759706,0.83792084,0.8503355,0.84260327,0.8439816,0.8421538,0.8451946,0.8444177,0.8396013,0.8486774,0.84818864,0.84136057,0.84400725,0.8447635,0.8408522,0.8435587,0.8438573,0.84304553,0.84476984,0.8440178,0.85561913,0.84173584,0.8433544,0.8490448,0.8386781,0.85033756,0.83645475,0.84598446,0.8419187,0.8437801,0.8383888,0.8514891,0.85516673,0.83988994,0.8421435,0.85458076,0.84365374,0.8494294,0.84516263,0.84455633,0.8405126,0.8543799,0.8355899,0.8432925,0.8418639,0.844932,0.84785897,0.8500195,0.8496817,0.8482275,0.8444398,0.8439703,0.84687126,0.83932155,0.84429914,0.84414023,0.8500533,0.8433775,0.84952056,0.84633183,0.8382662,0.8354757,0.8413962,0.83943874,0.8476687,0.8509874,0.8465376,0.84703344,0.8424743,0.8413175,0.8495707,0.83759403,0.8417362,0.84700096,0.8488112,0.8498678,0.8521446,0.8509369,0.84557605,0.8484222,0.84635544,0.84512216,0.85128325,0.84810793,0.8415314,0.84896445,0.84568036,0.8421228,0.84786063,0.84829724,0.8437393,0.84689337,0.8452349,0.84354335,0.8457524,0.84867334,0.8425039,0.8433384,0.8478095,0.8405175,0.84387255,0.84691846,0.8473072,0.84716594,0.8375384,0.8480361,0.854395,0.8505074,0.8447723,0.8429411,0.85174125,0.8469813,0.84245604,0.847262,0.8491428,0.852805,0.8495281,0.8478614,0.8417459,0.8484661,0.85202646,0.84352744,0.8471237,0.84796965,0.8479115,0.85315585,0.84337914,0.8344221,0.8387353,0.8442596,0.8387619,0.8398413,0.8603884,0.8559039,0.8465677,0.8461816,0.84225696,0.8449441,0.84903806,0.8490635,0.85380065,0.84444076,0.8454298,0.8523545,0.8438762,0.84603715,0.842601,0.83931553,0.8454205,0.8521045,0.83906347,0.8424366,0.84637696,0.8465418,0.8458745,0.84051675,0.83918154,0.8429811,0.8438355,0.84848267,0.8541896,0.845214,0.8470444,0.8478055,0.8478509,0.84027565,0.8474578,0.85396075,0.84953636,0.84434325,0.8453584,0.8471151,0.8381794,0.8495223,0.84403694,0.84086233,0.8457377,0.8420304,0.84330976,0.84345174,0.8485962,0.8388333,0.8474916,0.84838593,0.8402883,0.8469092,0.8415246,0.8497155,0.84244645,0.84024465,0.84544396,0.8467984,0.84085566,0.8439406,0.8471776,0.8477009,0.853144,0.849445,0.8433101,0.8457552,0.8433132,0.8450304,0.84771067,0.85188323,0.8513111,0.8474338,0.842399,0.8403817,0.84246266,0.8387422,0.8454215,0.833618,0.8468779,0.8468795,0.84997827,0.84981567,0.8453573,0.85190386,0.8491513,0.8495058,0.8447675,0.83646554,0.8479055,0.84212613,0.84731984,0.83541226,0.8522389,0.8405301,0.8454144,0.84182304,0.8357385,0.8454801,0.8401412,0.85040385,0.8448342,0.8393451,0.8428818,0.84521174,0.8426747,0.85049736,0.8356936,0.8520172,0.84804714,0.8448631,0.8516583,0.8379878,0.84721977,0.8458142,0.8443389,0.84511423,0.8510294,0.84190917,0.8474297,0.8395246,0.8406027,0.8500946,0.84672207,0.8514764,0.84426534,0.8470997,0.84478605,0.845954,0.846864,0.83913654,0.8431751,0.84537315,0.8458842,0.8440017,0.8403681,0.83677465,0.8401031,0.8427689,0.8452044,0.8406644,0.845486,0.84614193,0.8411958,0.84205085,0.8498303,0.84149784,0.8485607,0.8477288,0.84602535,0.84903854,0.84732866,0.8424526,0.84577787,0.8417433,0.84419537,0.8422975,0.84470177,0.8502908,0.8515902,0.8469086,0.8398686,0.8473696,0.8424884,0.8473455,0.84723186,0.8486153,0.84148777,0.8421047,0.8391048,0.8452306,0.8413398,0.8436406,0.84700876,0.8474976,0.8465978,0.8381505,0.84127724,0.8401551,0.84766334,0.8462679,0.852809,0.83964324,0.84078765,0.8511958,0.8522809,0.8433183,0.8501027,0.8428982,0.85278815,0.8412863,0.8407196,0.8409943,0.8436448,0.842984,0.85143644,0.8446054,0.84379995,0.8459012,0.84113497,0.84940606,0.85001516,0.8424572,0.8479953,0.84910697,0.8446401,0.8516778,0.83897156,0.85434747,0.8365234,0.84379816,0.845988,0.8480746,0.8404623,0.85011894,0.8488675,0.8404867,0.84766436,0.8479751,0.8471612,0.84566456,0.8454429,0.8445367,0.85392797,0.8462746,0.84525067,0.84614974,0.8351313,0.84056705,0.8473949,0.84270984,0.84462816,0.85119367,0.8414186,0.84666425,0.84817,0.8365712,0.84581876,0.84479105,0.849357,0.85318774,0.8411309
0.34826413,0.34579232,0.35217297,0.3533093,0.34979492,0.34682247,0.3508942,0.34535855,0.34749305,0.35253757,0.34434152,0.34608334,0.35183346,0.3476935,0.35035676,0.34875476,0.34943625,0.35765207,0.34453118,0.3414513,0.3442309,0.3437048,0.34248462,0.34237817,0.34613156,0.34717458,0.35073373,0.34827697,0.3466,0.34055498,0.34111056,0.34974232,0.3503988,0.35094467,0.34886295,0.34973302,0.34978777,0.35145208,0.34333888,0.34912908,0.3489382,0.3486139,0.34196362,0.34793165,0.3514003,0.35141832,0.35466877,0.3428921,0.3543634,0.35096905,0.3472316,0.35156623,0.3448483,0.35410842,0.35119605,0.34870133,0.33906525,0.349254,0.3452527,0.3461225,0.3518412,0.35386065,0.34669963,0.35049543,0.35207474,0.34189674,0.35317853,0.34868118,0.34720808,0.34658524,0.34943944,0.3506556,0.34383318,0.34570074,0.34442082,0.3524622,0.356519,0.34998694,0.3492176,0.34052715,0.34130535,0.35377172,0.3373093,0.35468304,0.34663662,0.34953406,0.35466024,0.34232664,0.35888878,0.3441153,0.34696212,0.3385308,0.3464513,0.35776806,0.34051782,0.34955317,0.35596928,0.35003397,0.35237962,0.36103985,0.3500446,0.3436543,0.34432387,0.35171166,0.34505838,0.3528465,0.34261957,0.3481043,0.34323922,0.35240844,0.34849194,0.35459793,0.34623048,0.35270458,0.35610947,0.35106707,0.34733716,0.35367313,0.35066137,0.34300625,0.34650177,0.3519479,0.34972912,0.3525424,0.35036165,0.34505883,0.34362543,0.3541883,0.34458098,0.34730148,0.34989348,0.34223273,0.35284683,0.35296753,0.34528235,0.34472138,0.34334815,0.3491029,0.34859595,0.357405,0.34855235,0.34544817,0.3502886,0.3488706,0.35017136,0.34694868,0.3536982,0.35037026,0.3441,0.3454656,0.35889888,0.34963748,0.35132712,0.3525031,0.3582188,0.33951852,0.34514767,0.34372038,0.3560211,0.3462273,0.3452829,0.3483957,0.3477271,0.34779054,0.35249394,0.351658,0.34472734,0.35043395,0.35051334,0.34870481,0.34937233,0.34296843,0.34258625,0.34123337,0.34879777,0.3558942,0.34680486,0.34139732,0.35013252,0.3437738,0.3454049,0.3550805,0.33858502,0.34407264,0.3508435,0.34858266,0.34259698,0.35429862,0.34362385,0.35229594,0.33962134,0.35014254,0.34692562,0.34867263,0.34462672,0.35448065,0.3494751,0.3519651,0.35195094,0.34834543,0.3488154,0.3507578,0.35630712,0.35163754,0.34637326,0.3460278,0.34916285,0.3435219,0.35524234,0.35524353,0.34252024,0.34819973,0.34669906,0.34293303,0.35032687,0.34683266,0.35412923,0.3482864,0.35771894,0.354118,0.3509729,0.34580895,0.35675475,0.34729335,0.3554575,0.34900355,0.34881663,0.34896567,0.35701987,0.3502205,0.34915984,0.35647506,0.35525557,0.3362995,0.34498686,0.34750196,0.3480636,0.34413397,0.3446182,0.35418844,0.35141784,0.35154918,0.3455069,0.35234714,0.3498078,0.35575625,0.35541534,0.35449305,0.3517462,0.34593955,0.35077685,0.34832746,0.3454375,0.35701796,0.33702928,0.33866593,0.34939897,0.34468448,0.352175,0.34672722,0.34135664,0.341186,0.35816634,0.3521549,0.3472027,0.34809232,0.34316245,0.34651598,0.35057828,0.3474061,0.35424158,0.34742054,0.3398092,0.3541548,0.34478235,0.34171018,0.344066,0.3433895,0.34558457,0.34865123,0.35362792,0.3580824,0.35254258,0.3441961,0.3524674,0.35087612,0.34603733,0.3516101,0.3497035,0.34528726,0.34630182,0.34869924,0.34132132,0.34586665,0.34728545,0.3423861,0.34927493,0.34819844,0.35312137,0.35739762,0.3473075,0.3505848,0.3512842,0.35088784,0.35019866,0.35180423,0.34845927,0.34606507,0.35415742,0.3546017,0.34649864,0.350839,0.3482146,0.3484024,0.34875572,0.33969095,0.34634376,0.350957,0.34764165,0.35063267,0.35541415,0.34233704,0.3381606,0.34460995,0.3488118,0.35302866,0.34700778,0.3472317,0.34609857,0.34717858,0.34848958,0.35308635,0.35026926,0.35112858,0.3489075,0.3464701,0.34977058,0.34522706,0.3550508,0.3451454,0.34051496,0.34947598,0.3425515,0.35102063,0.35452437,0.34263915,0.35484096,0.3461925,0.35682234,0.3529604,0.34857643,0.35030207,0.3466361,0.3476245,0.3533923,0.3496031,0.3437332,0.3524031,0.33986297,0.34647885,0.33947203,0.34698936,0.35073572,0.34988436,0.34472126,0.3483928,0.3559842,0.3543732,0.34951606,0.3445053,0.35071686,0.34161803,0.34938625,0.34610137,0.35442737,0.35000676,0.35160175,0.33395082,0.34537065,0.35033143,0.35149002,0.34886512,0.35812148,0.35070655,0.34317994,0.34838718,0.35164478,0.34797934,0.34656677,0.3475836,0.34500426,0.34562504,0.34695274,0.34750766,0.34898773,0.3499496,0.34880805,0.34530684,0.35699135,0.35389102,0.34488595,0.3515176,0.34667328,0.34634298,0.3529205,0.3473822,0.34050423,0.3444225,0.34687173,0.35770553,0.35341305,0.35097396,0.3446134,0.3418489,0.3479115,0.35051143,0.34414473,0.3467643,0.35988447,0.3501841,0.34462866,0.34926435,0.3522929,0.34597775,0.3540625,0.349254,0.34055838,0.34673607,0.34664756,0.35449937,0.35517567,0.34813106,0.3500348,0.3546548,0.34048423,0.34544352,0.35538197,0.35206416,0.35262403,0.35647154,0.35196006,0.35441,0.3473355,0.34960902,0.35576397,0.33635584,0.34515432,0.34455833,0.355924,0.34414765,0.3499701,0.34524488,0.35637346,0.34322235,0.3507144,0.3487348,0.35294932,0.3500378,0.34427756,0.34699243,0.34676325,0.35067925,0.34578365,0.35521817,0.3508217,0.34771085,0.35052684,0.3438677,0.3515634,0.34810635,0.34678906,0.35829836,0.3491283,0.35201296,0.34538972,0.34716788,0.3457216,0.34817335,0.34310082,0.34653643,0.34706834,0.34362355,0.35765347,0.34104335,0.3417507,0.34978682,0.34438145,0.34675458,0.33586738,0.34810257,0.3507233,0.34628683,0.355594,0.34595278,0.34197226,0.34643307,0.34885228,0.3538175,0.35102838,0.3470566,0.3458385,0.35318303,0.34593713,0.35381934,0.3505749,0.3507648,0.3425101,0.34318516,0.3419346,0.3485942,0.34600273,0.3517429,0.34989905,0.35490292,0.35164636,0.35300547,0.35671645,0.34992367,0.34480262,0.34769657,0.34902576,0.35198167,0.3369691,0.34941912,0.34864715,0.34473214,0.35063168,0.3552572,0.345897,0.34912747,0.35464808,0.3542126,0.34398717,0.3418421,0.34743682,0.34674883,0.35819218,0.3553239,0.34594432,0.3469359,0.34549442,0.35416406,0.3488289,0.3535559,0.34149104,0.34924284,0.34063396,0.35013556,0.35199392,0.34544975,0.3436174,0.35043186,0.3527746,0.35224304,0.3531233,0.34119117,0.34235588,0.35084724,0.34986374,0.34857866,0.34617805,0.35426837,0.35303813,0.3552275,0.35717383,0.34577617,0.33986732,0.34686482,0.35010087,0.35909018,0.3506414,0.34012416,0.34860003,0.35702583,0.35020137,0.35609332,0.34751394,0.35260755,0.3436679,0.3494657,0.34777367,0.34831208,0.33564246,0.34003016,0.34569854,0.3453949,0.34627497,0.34422088,0.33876744,0.34954947,0.3545083,0.3366674,0.34978348,0.34751868,0.33964843,0.3479967,0.34301972,0.34729442,0.3501262,0.3558154,0.34539425,0.35902104,0.35020265,0.356163,0.34421304,0.34259975,0.35570014,0.35088304,0.3547495,0.3478334,0.35138902,0.3579144,0.3421724,0.343271,0.35074177,0.34599793,0.35447717,0.35206985,0.3394816,0.3563028,0.36304697,0.3483487,0.35151917,0.34838226,0.3505006,0.34908447,0.35524064,0.34990397,0.35172546,0.34400874,0.35022193,0.3422678,0.35195103,0.3578892,0.35378733,0.34998116,0.3466092,0.35550103,0.34449527,0.35094377,0.34537542,0.34730095,0.34571904,0.3412425,0.35043314,0.3620473,0.35455984,0.34546417,0.34270436,0.34553325,0.35068873,0.34152293,0.35000727,0.35027358,0.35859635,0.34629592,0.3594669,0.34581733,0.3546145,0.3493157,0.354356,0.35059968,0.34509435,0.35103315,0.3458741,0.35090035,0.34853578,0.34721467,0.35845566,0.34646216,0.35009378,0.34797132,0.35232294,0.34596342,0.34716663,0.34629536,0.3534014,0.3496808,0.3485154,0.3407617,0.35123006,0.35597363,0.3556457,0.36155772,0.3514529,0.34800044,0.35263816,0.34732893,0.35110736,0.34819195,0.349205,0.35006714,0.3556421,0.34687874,0.34446698,0.3436363,0.35011068,0.35475883,0.3566934,0.3452933,0.34247988,0.35102403,0.34754995,0.34773606,0.3464446,0.3538559,0.35846245,0.3578262,0.3476512,0.34065953,0.35568967,0.35488302,0.35718855,0.35011497,0.34971067,0.34678626,0.34807026,0.35618192,0.345293,0.34341264,0.34472042,0.3449665,0.34334877,0.3484835,0.3389614,0.34754074,0.3503932,0.34960333,0.35772628,0.34308028,0.34765586,0.3535034,0.34547392,0.34332743,0.34207413,0.35412237,0.33825955,0.3480796,0.34314787,0.34468582,0.34824687,0.3539506,0.34940436,0.34866855,0.346111,0.35697353,0.34709057,0.34786177,0.3473157,0.35506436,0.35201895,0.35039616,0.35260597,0.35474497,0.34470597,0.3485367,0.352773,0.35136715,0.35707468,0.35037306,0.34644222,0.3542708,0.34637204,0.34482825,0.34797233,0.34917873,0.3532739,0.35189715,0.34868777,0.3503223,0.3536672,0.34696105,0.35363877,0.36078328,0.34465912,0.34831035,0.3419977,0.35156828,0.35483527,0.34853935,0.35178652,0.3481851,0.35049963,0.34781557,0.35297197,0.3588695,0.34837192,0.34349453,0.35196167,0.34464476,0.35232186,0.34969035,0.35377136,0.3499865,0.34864262,0.34742343,0.3451881,0.34964097,0.3555726,0.34424043,0.3450361,0.34838894,0.3511445,0.34602794,0.3488738,0.3477285,0.35164094,0.35002527,0.34579253,0.34595615,0.33991224,0.3424521,0.35042933,0.3482085,0.35030046,0.35624516,0.354078,0.3521983,0.34693867,0.35220656,0.35608733,0.3491784,0.35223475,0.35448366,0.35432526,0.34978712,0.35135016,0.3514078,0.35061705,0.3489747,0.35226262,0.3508991,0.34915796,0.3571605,0.34610334,0.35481626,0.35422653,0.35030845,0.35116005,0.35174638,0.34642312,0.35180992,0.34351063,0.35552546,0.34251747,0.34224355,0.34626287,0.35335442,0.35008228,0.34582505,0.34735057,0.34900695,0.34560323,0.35149425,0.34858456,0.35270104,0.34796533,0.354612,0.3530667,0.3451736,0.35184687,0.35208207,0.348783,0.34835973,0.34511757,0.34629494,0.35022724,0.34678212,0.35079688,0.3456355,0.34888795,0.35397798,0.34627753,0.35613152,0.34353882,0.34698138,0.34573254,0.3584088,0.35408843,0.3511287,0.33785358,0.34801754,0.35720167,0.35127494,0.34432885,0.35055363,0.34481978,0.34586823,0.3473929,0.34547994,0.35033485,0.3525433,0.34284636,0.35591546,0.34833804,0.3491341,0.35013643,0.3471551,0.3552801,0.34911004,0.35916394,0.3539902,0.35025188,0.34839016,0.3458351,0.35208452,0.3545438,0.34921992,0.3543578,0.3485236,0.35406488,0.34857118,0.34986776,0.34915182,0.34825465,0.34779847,0.3508528,0.335964,0.35312882,0.34362987,0.34702858,0.3527789,0.35341662,0.3372027,0.3426616,0.35334805,0.34180808,0.354271,0.3463399,0.35217652,0.350579,0.3531412,0.3467907,0.35425755,0.3461762,0.34171736,0.35370967,0.351708,0.34630823,0.346995,0.35248715,0.3586618,0.35472625,0.34620795,0.34773552,0.35103178,0.34135306,0.34650335,0.35190934,0.35463992,0.35094824,0.3476059,0.34952825,0.34815878,0.35255033,0.35002935,0.3450404,0.35941386,0.34505224,0.34662935,0.34111673,0.35168257,0.35597476,0.35159072,0.34317362,0.35515678,0.35279492,0.35534596,0.35314965,0.350147,0.34875834,0.3517311,0.3592946,0.3515126,0.35551018,0.34357902,0.34347782,0.3485317,0.3540232,0.35553426,0.34559512,0.3481339,0.35553846,0.34593084,0.34364843,0.35641414,0.35179174,0.34114203,0.34098992,0.3450873,0.34878364,0.34752062,0.3495821,0.35333672,0.34324437,0.34665412,0.35444582,0.35055605,0.34292996,0.34860045
1.0045716,1.0041888,1.0034529,1.0055736,1.0035044,1.0075343,0.9960411,1.0032743,1.0029901,0.9973877,0.99303794,1.0077136,1.004194,1.007449,0.9935719,0.9986272,0.99851024,0.9957437,1.0056578,1.0039157,0.9991569,0.99726415,1.0008173,1.0056951,1.0005372,1.0035772,0.99716717,1.001613,1.0014039,0.9956061,1.0023024,1.0070341,0.99806845,0.99895406,0.9981521,1.0009063,0.9970927,0.9976861,1.0038794,0.99763846,1.0011699,1.0067072,1.0045382,0.994986,1.0012888,1.0048614,1.0076162,1.0055816,0.9987762,1.008286,0.9964889,0.9972175,1.005757,0.99918497,0.9990992,1.0007229,0.9913484,1.0063496,1.0048649,0.9992263,1.0038233,1.0023507,0.9969055,0.99885875,1.0035881,0.9993568,0.99632937,1.0055842,0.99983746,0.9981817,0.9934175,1.0078539,0.9979428,0.9978683,1.0012995,0.9915881,0.99864626,1.0048976,1.0073158,1.0014528,1.0057906,1.0084653,1.0025518,1.0022868,1.0023118,1.0004694,0.9993694,1.0003247,0.99893486,1.0094593,1.0026901,0.9980651,1.0018468,0.99139637,1.000624,1.0004323,1.0023382,0.9980322,0.9955116,1.0015875,1.001635,1.0049723,0.9998056,1.004191,0.9964529,1.0071896,0.9962485,0.99775624,1.0131193,1.0037568,0.99929535,1.0007069,1.0049053,0.99894464,0.99989194,1.0005336,1.0109388,1.002154,0.99997556,1.0038503,0.993824,1.0000244,1.0045027,1.0027232,0.9947006,1.0005803,1.0044533,0.99925655,0.999744,0.9968142,0.9999109,1.0048319,0.99726766,1.0023767,0.99965316,1.0034137,1.0044427,0.99692315,1.0006956,1.0028886,1.001863,1.0097843,1.006724,0.99671024,1.0030495,1.0144961,1.0009242,1.0115999,1.003847,1.0062493,1.0045588,1.006664,0.99943584,0.9998401,0.9954639,1.0067271,1.0089774,1.0018227,0.99476,1.0013524,1.0012459,0.99836445,1.0023004,1.0084748,0.99624,0.99643564,1.0003513,1.0064446,0.9993263,0.99189377,0.99865943,1.0032399,1.0044893,1.0021126,1.0019305,0.99486554,0.99471873,0.9992713,1.0042399,1.0032825,1.000373,0.9958533,1.0042828,1.0067186,0.9993395,1.0011233,1.0062197,1.0008036,0.9977466,0.99773186,0.99838865,1.0049129,1.0057143,0.99993795,1.004366,0.99906117,0.9960803,1.0049553,1.0020963,1.0032943,1.00445,0.99731886,0.99839294,1.0005453,0.9950124,1.0005885,1.000447,0.9973084,1.0014015,1.0044037,0.9926676,0.996565,1.0037911,0.99888694,1.0061826,1.0040386,1.0047283,1.001227,1.0082933,1.0010633,1.002242,1.0048698,1.0004503,0.99607486,1.0020099,1.0086831,1.0010893,1.008384,1.0079767,1.003619,0.9961335,0.9940594,1.0066805,1.0050973,1.0001371,1.0046601,1.0009762,1.0026538,0.9987474,0.99907106,0.9938661,0.99708426,1.0002134,1.0029038,0.9988314,1.0037189,0.99681807,1.0075182,1.0021513,1.0049496,1.00247,1.0045931,1.0044318,0.9963802,0.9969454,0.995584,1.001262,0.9996996,0.99823785,1.005571,1.0025941,1.0101243,1.0013847,1.0004271,1.0026511,0.99553394,1.0062544,1.0030541,0.998867,1.003027,1.0015166,1.0004873,1.0090835,1.0019499,1.0062133,0.99785686,1.0016503,0.9981918,1.0006036,1.0015155,1.0055441,0.9947625,0.993016,0.99947137,0.998811,0.99959934,0.9974162,0.9983434,1.0005466,1.0057709,1.0035514,1.0004297,1.0017136,0.9942898,0.9975855,1.0015345,1.003809,0.99700284,1.0038427,1.0023502,0.9990273,0.9989075,0.9992834,1.0008595,0.99941015,0.9970283,1.0073887,0.9945977,1.0030231,1.0023434,0.998374,1.0025951,0.9979569,1.0047,1.0069784,1.0049057,1.0068182,0.99903524,1.0086268,1.0076097,0.992078,0.99469596,0.9995862,0.99712497,1.0018573,1.000172,0.9978254,1.0054861,1.003431,1.0086795,1.0022289,1.0017658,0.99775714,1.001009,1.0092726,1.0054494,1.0048975,1.0030134,0.997104,1.0000691,0.99828994,0.99849695,1.0054342,1.0038047,0.9941934,1.0023223,0.9992111,1.0053515,1.000328,0.99448967,1.0068884,1.0060377,1.0007412,0.9967272,1.0005287,1.0043734,1.0026374,0.9975954,0.9981408,0.996625,0.9990222,0.99419355,1.0042179,1.0037801,1.0030532,1.002646,1.0026274,0.9927422,1.002944,1.0023218,1.000312,1.0029204,0.99779564,1.0014197,1.000518,0.99793863,0.9985521,1.0063025,0.99953806,1.0041933,1.0025153,1.0021725,0.99618244,1.0005276,1.0067507,1.0001,0.9988206,1.0111014,1.0013667,0.99968314,1.0002342,1.0141749,0.9979496,1.0036027,1.0000114,1.007695,0.99835753,0.99117255,1.005681,1.0000015,0.9996814,0.9950406,1.0021858,1.008122,0.9962145,1.000524,1.0067996,1.011805,0.99771947,0.99402463,1.0041394,1.0009738,0.9982775,1.0074457,0.9988023,1.0015546,0.99635303,0.9960071,0.99990714,1.0024322,0.9992603,0.99904543,1.0055287,0.99098355,0.99765915,1.0037522,0.99580675,0.9987371,1.003527,0.9964548,1.0015297,1.0082706,1.0017908,0.9982485,0.99676144,0.9987034,1.0015594,0.99303424,0.9969693,0.9985596,1.0094131,1.0060543,1.0002218,0.9995114,1.0007308,0.9989462,1.0062761,0.9989305,0.99525625,0.9959645,1.0049751,1.0047362,0.9953646,1.0053478,0.9979224,0.99607575,0.996711,1.0004365,1.0023183,1.001299,1.0000552,1.0064039,1.0049468,1.0005437,1.0034566,1.0019075,0.99978125,1.0010397,1.001605,0.9982308,0.9975757,0.9983515,1.0025015,1.0138507,0.99982613,0.99901205,0.99689424,0.9955357,1.0009869,1.0081214,1.0075793,1.0112218,1.0049983,0.99734795,1.0034336,1.0067862,1.0032334,0.99936885,1.0007769,0.9965313,0.9933247,1.009596,0.99868286,1.0134215,1.0053264,1.0039195,1.0017089,0.9977162,1.0013069,1.0077487,1.0041857,1.0103978,0.9996911,0.9976128,1.006741,1.0057796,0.9984707,1.0024226,1.0056831,1.0074418,1.0055858,0.9950344,0.99920595,1.0053793,0.9940913,1.0049373,0.9984621,1.0042601,1.0070907,1.0039641,0.99558634,0.9970266,1.0025128,0.9956091,1.0050519,1.0017867,0.99891114,1.0068722,0.9974667,0.9974751,1.0016524,1.0055501,1.0013453,1.0050147,0.9937707,1.0053025,1.0028416,0.99946964,1.0001028,1.0013918,0.99707323,1.0021623,1.0033568,0.997616,1.0112652,0.9977456,1.0012984,0.99955505,0.997781,1.0063884,1.0015649,1.003851,0.99225557,0.99602526,0.99686456,0.99915427,1.0067185,1.0016359,1.000438,0.99624056,1.003034,1.0047239,0.99881005,1.0018884,0.9995358,1.0005615,1.0003042,1.0032051,0.9947846,1.0023365,1.0026972,1.0023463,0.99920017,1.0051069,0.9991823,1.005939,1.002631,1.0034173,1.0038468,0.9990605,1.0023378,1.0049767,0.9981379,1.0070727,1.0036569,0.9968262,0.991311,0.9969427,0.99650234,0.9952566,0.9940912,1.0039641,1.0026649,0.9985039,0.998166,1.002817,1.0101367,1.0131459,1.0034461,1.0060711,1.00035,1.009359,1.0041922,0.9892879,1.0068591,0.99947387,0.9996661,1.0090524,0.99875885,1.0035741,1.0002279,1.0038639,1.0060823,1.0005672,1.0090823,1.006414,1.0059427,1.0012045,1.0025669,1.002168,1.003052,1.0066458,1.0024264,0.9995302,1.0020119,1.0031735,1.0068226,1.0079604,0.99724334,1.0041729,1.0018463,1.0030516,1.0017575,1.0014007,1.0016128,1.0012938,1.0024081,1.0018305,1.0058283,1.0005643,1.0022875,1.0037322,0.99363875,0.99852216,1.0031719,1.000126,0.9979539,1.0026213,0.9954787,0.99985784,0.9978381,0.99523634,0.99980044,0.9960946,0.9969123,1.0011166,1.0027395,1.0090995,0.99483114,0.9926885,1.0070118,1.0022154,1.0003675,0.9997458,0.99728036,0.9986384,1.0013123,1.0022113,0.9975818,1.0037811,0.9993323,1.0093901,1.0037091,1.0075458,1.00336,1.0014008,0.99478716,0.9983298,0.99923295,1.005136,0.99891466,1.0038629,1.006509,0.9999841,1.005984,1.0042243,0.99738604,1.00185,1.0022476,1.0016717,1.0043439,0.99949825,0.99180216,0.9991097,1.0068363,1.0039545,0.9985702,0.99991095,0.9994005,1.0023414,1.0049134,0.9968236,1.00401,1.0013947,1.0066739,1.0032313,0.9967037,0.9998446,0.9960963,1.0022572,1.0049924,0.99846745,0.9961565,0.9967357,0.9968683,1.0003158,1.0061959,0.99429625,0.99245554,0.9951032,1.0027163,0.9981927,1.0015182,1.0000384,0.99856806,1.0050099,1.0069808,0.9980338,1.0077521,0.9951409,1.0019975,0.99989086,1.0020586,0.9993484,1.0038651,1.0064247,1.0055672,0.9956633,1.0054936,1.0062875,1.0084429,1.007316,1.0026953,1.0026581,1.0010616,1.0057101,1.0083859,1.0023344,1.0093774,1.0097573,1.0028648,0.99264574,0.9929979,0.996006,1.0035013,0.99886143,0.99825335,1.0153588,0.99941844,0.9979663,1.0085125,1.0008587,1.0033851,1.0011127,1.0024381,1.0105832,1.0054358,1.0025823,0.999757,0.9999269,1.0048711,0.99909824,0.9941677,0.994041,1.0010395,0.99756694,1.0017076,1.0001024,1.0050346,0.9917384,1.0015519,1.0007514,0.99870396,1.0041896,1.0002064,1.0058198,1.0001538,1.0031991,1.0053511,1.0108726,0.9951719,0.99921924,1.0040085,1.0074669,1.0005896,0.99669856,1.0003436,1.0002291,1.0012071,1.0095437,1.0022266,1.0044352,1.0017983,0.99791735,0.99333614,1.0033436,0.9956692,1.0082966,1.0051242,1.0025165,1.0076133,1.0042647,1.0015689,1.0027584,0.9982729,0.99622214,1.0062792,1.0010527,1.0021534,1.006753,1.001222,1.004777,1.0042343,0.9977866,1.0001031,0.99863815,1.0020446,1.0044941,0.99723047,1.0084611,1.0012167,1.0014054,0.99733394,0.9899986,0.9988044,1.0000091,0.990678,1.002743,1.0055567,1.005029,1.008614,1.0082958,0.9949696,1.0063909,1.0071778,1.0023134,1.0060604,0.99989814,0.99494797,1.0073727,1.003367,1.0056429,1.0018848,0.99683714,0.9994295,0.99856573,1.0021586,0.9930337,1.0063032,0.99738044,0.9935776,1.0033138,0.99323434,1.001548,1.0044156,1.0019056,1.0046352,1.0050142,1.0019176,1.0009317,0.99711114,1.0070179,1.0006486,0.9933555,1.0051483,1.0064007,0.99130964,1.0105134,0.9918663,0.99713445,1.0066485,1.0001979,1.0086757,1.0005088,1.0052778,0.99661416,1.00047,1.0041769,1.0022383,1.0005975,1.003747,0.994127,1.0015262,1.0002357,1.0003695,0.99751806,0.9970484,1.0011681,1.0020483,0.9953575,1.0040959,0.99381286,0.9984192,1.0048592,1.0023936,0.9957173,1.0038766,0.99921215,1.0010573,0.9940968,0.9961831,1.0098639,0.99865484,0.998944,1.00105,1.0030373,0.9983134,1.0159189,1.0016354,0.9925918,0.99759555,0.996029,0.99727196,1.0022697,1.0018971,0.9928746,1.0045304,0.9985815,1.0035586,0.995111,0.99832875,0.9996572,1.0017991,1.002703,0.99999905,1.0067893,1.0006275,1.0049473,1.0051602,1.0058113,0.99220043,0.9853004,1.0013317,1.0006824,1.00742,1.0110205,1.0072485,0.9976733,1.0009247,0.9985323,1.0008609,1.0047599,1.0025653,1.0074271,0.9978775,1.0014362,1.0012177,0.9993945,1.0025604,1.0071212,1.0031106,0.9991147,1.0074545,0.9982222,1.0064627,0.99952555,1.0089064,0.9927199,0.99265456,1.0058508,1.0021724,0.9916993,1.000096,1.0060242,1.0032368,1.0037011,1.0036495,1.0058964,0.9929649,0.9957252,1.0010005,1.0091354,1.000936,0.9992669,1.0010269,0.99911845,0.9966669,1.0093883,1.0015775,1.002902,1.0028659,0.99815303,1.0027092,1.0082875,1.001941,1.0100266,0.9982773,1.0015273,1.0033288,1.0099403
0.88682234,0.88132644,0.8841101,0.87595546,0.8792122,0.8751935,0.8711038,0.88614506,0.8812192,0.8769687,0.8789064,0.88706577,0.87973946,0.8901268,0.8761109,0.8808826,0.8838243,0.87703824,0.8836988,0.88463604,0.88349426,0.8886728,0.87790716,0.8806402,0.88861,0.8862517,0.8832229,0.8750626,0.8837381,0.8741846,0.8894723,0.8825405,0.88488615,0.88042915,0.8832923,0.8822885,0.88219494,0.877713,0.8815233,0.88138294,0.8809907,0.88888323,0.8846796,0.8828634,0.88421255,0.87734,0.8845263,0.8851976,0.87806594,0.88674295,0.8749171,0.8756441,0.87971497,0.87894356,0.8786916,0.87855715,0.8796056,0.88103706,0.88212824,0.87653595,0.88285893,0.8779715,0.8833557,0.8800102,0.88208085,0.8767514,0.87607676,0.87918127,0.8913363,0.87529063,0.88599885,0.881696,0.8771752,0.8846081,0.88204336,0.881941,0.88221633,0.8852383,0.87907225,0.8770359,0.88008934,0.8841688,0.89156026,0.88845265,0.88596356,0.88671434,0.8763066,0.8819509,0.87143755,0.8845797,0.8839808,0.8857308,0.88699186,0.8785585,0.8732693,0.8802719,0.8725383,0.8788022,0.88222194,0.88166577,0.8838353,0.8789758,0.8832513,0.878635,0.8800787,0.88348216,0.8818865,0.8794495,0.8873841,0.8785672,0.87936085,0.8848205,0.8838631,0.8804505,0.8854961,0.87721753,0.8898661,0.8836397,0.8754813,0.8878391,0.8852787,0.8843699,0.88601774,0.88322264,0.88162076,0.88002896,0.8862052,0.8812335,0.87749916,0.8797743,0.8861543,0.88786155,0.8771195,0.8815452,0.88051957,0.8805118,0.8854854,0.88333094,0.8813633,0.87596625,0.88143325,0.8861004,0.88996685,0.89340776,0.8806962,0.8895548,0.8799232,0.88808817,0.8814071,0.88752663,0.87780154,0.88245946,0.88046604,0.882114,0.875288,0.88371885,0.8913128,0.8856105,0.8734905,0.8795374,0.88412094,0.8764444,0.8807161,0.8814686,0.8728223,0.8830752,0.8804759,0.89195985,0.87745935,0.8770552,0.8770813,0.8788081,0.89158064,0.89064884,0.8824799,0.874077,0.8798149,0.8769889,0.87871206,0.8856268,0.8877023,0.87994474,0.883684,0.8860279,0.8871589,0.88771486,0.8862633,0.8739425,0.8816242,0.88280284,0.87712485,0.88986564,0.88967997,0.8855383,0.8828907,0.8837682,0.88590336,0.8848117,0.8853762,0.88308126,0.8828638,0.88192827,0.8821589,0.8840969,0.87567234,0.8740539,0.8771561,0.8831081,0.8782965,0.8904892,0.87954336,0.88726526,0.8881881,0.8768638,0.87616515,0.8921211,0.88305354,0.8803861,0.87939036,0.8742421,0.87649655,0.87865967,0.88307583,0.8771043,0.8788835,0.88432264,0.8799746,0.8816977,0.8870019,0.88060385,0.8786468,0.8817054,0.87962574,0.8874843,0.8753088,0.8806298,0.87771034,0.8847997,0.88046974,0.8795952,0.8744315,0.8757516,0.87770385,0.88201904,0.878073,0.88195,0.8828577,0.88615686,0.88021094,0.88916135,0.884203,0.8783133,0.8803833,0.8774748,0.8838025,0.87686664,0.8849798,0.88030887,0.87722796,0.8855208,0.8756881,0.88620806,0.8805579,0.8694524,0.88015914,0.8875938,0.8872241,0.88239145,0.87790513,0.8823462,0.8788157,0.88025594,0.88370335,0.88240117,0.8832369,0.8877809,0.8833814,0.8770128,0.882961,0.8748939,0.88831156,0.87729716,0.8741329,0.8809286,0.8796891,0.8837837,0.87971187,0.8755209,0.880913,0.87985086,0.88530797,0.87732124,0.87461716,0.87217724,0.8789305,0.8839321,0.88489413,0.88287276,0.8803018,0.88001186,0.87906164,0.87762314,0.8775642,0.8821348,0.8812386,0.8850659,0.88419825,0.8767012,0.87501717,0.8843918,0.87994206,0.88039553,0.88298595,0.879021,0.88203555,0.8873299,0.8872482,0.88775676,0.88573253,0.88672805,0.8750303,0.88308626,0.8806445,0.8892706,0.88553053,0.88370055,0.88327986,0.8801597,0.8851518,0.89148664,0.8761442,0.87922895,0.8811603,0.88005143,0.88985115,0.88838106,0.88344866,0.88117987,0.8813749,0.8865624,0.88579196,0.87920415,0.87882036,0.8790378,0.8797314,0.8789296,0.875038,0.8809562,0.8800159,0.8820253,0.88338006,0.87702245,0.87503177,0.88052166,0.8802733,0.88145816,0.88539404,0.8831326,0.88323236,0.87845576,0.8896912,0.8821423,0.8897477,0.87733185,0.88259125,0.87629867,0.879778,0.8778615,0.8810894,0.8845928,0.87389886,0.8900326,0.8806646,0.88449854,0.8831409,0.8768316,0.87400424,0.8873542,0.87948495,0.88130116,0.8823413,0.8800051,0.88314855,0.8895044,0.88931113,0.87841976,0.8751082,0.88664407,0.88378817,0.8858311,0.8749835,0.8848305,0.88322204,0.88197637,0.88038003,0.8862525,0.8869185,0.8792977,0.88422585,0.8777664,0.88608974,0.8743645,0.87958336,0.8843857,0.8778726,0.88416135,0.88845325,0.88238287,0.8783769,0.8725568,0.8784207,0.8857444,0.8801668,0.8819535,0.8809862,0.87699723,0.87577915,0.874912,0.88622373,0.8830174,0.8861825,0.88194233,0.8861631,0.8791169,0.8798765,0.88490313,0.8756099,0.88333285,0.878758,0.8802304,0.87831277,0.889762,0.8783862,0.8794301,0.88439095,0.8885015,0.88312614,0.87791544,0.880299,0.8792126,0.879897,0.88070214,0.8855064,0.8763493,0.87532514,0.87855107,0.8892381,0.87566626,0.87918085,0.8790391,0.87932605,0.89233756,0.8777839,0.8837968,0.87559533,0.8814158,0.8731113,0.8832222,0.8820698,0.8799896,0.882943,0.88979137,0.88497865,0.87673753,0.8893614,0.87930286,0.88403434,0.8801549,0.8761751,0.8749029,0.8845612,0.87831736,0.8788627,0.8903404,0.88351387,0.8859517,0.8810061,0.8848483,0.8803192,0.8842473,0.8855218,0.8811253,0.8837988,0.8784243,0.8855057,0.88197625,0.8746836,0.87833625,0.8916119,0.88076293,0.8823482,0.87971705,0.88317597,0.88972116,0.88141024,0.87718105,0.8848066,0.87690294,0.8857103,0.8872796,0.87736046,0.8821,0.88000244,0.8818067,0.8849952,0.88769215,0.8824,0.8860677,0.8854514,0.88334197,0.8825684,0.8711449,0.88942814,0.88735247,0.8789885,0.8862396,0.8837541,0.8821383,0.8868703,0.8822789,0.87883,0.88940865,0.8861675,0.882279,0.88091695,0.89115715,0.8763343,0.8886187,0.8769984,0.87752074,0.87697166,0.8806417,0.8839712,0.88112265,0.87785167,0.8805606,0.87895054,0.87513167,0.88557005,0.8774908,0.8765064,0.87993693,0.88700837,0.87836474,0.88351226,0.8784444,0.8855198,0.8790221,0.87489706,0.88098794,0.8857406,0.89304614,0.8792536,0.8781982,0.8800805,0.87982434,0.88323784,0.8864142,0.87950265,0.88244885,0.8767004,0.888331,0.8716589,0.87886506,0.8781821,0.88548344,0.8766901,0.8813893,0.8802101,0.88542217,0.8850226,0.88281167,0.87987995,0.875766,0.8687735,0.8802673,0.8808351,0.88690764,0.8805682,0.8861169,0.8885389,0.8923934,0.88353956,0.8825373,0.8748897,0.88666385,0.8714659,0.8870005,0.8859415,0.8730359,0.8773755,0.89089113,0.874727,0.88540936,0.88703835,0.88158387,0.88750154,0.8794112,0.8816837,0.8870539,0.8803326,0.876844,0.8862161,0.879013,0.8837951,0.8801651,0.8838736,0.88436973,0.8833198,0.88311446,0.8833051,0.8801932,0.8868465,0.8899588,0.8860345,0.8838225,0.8827218,0.8809983,0.88082707,0.8717635,0.8819346,0.88026154,0.88418233,0.8782634,0.8841307,0.8811005,0.8907778,0.8834746,0.88088745,0.8842592,0.8756566,0.8872523,0.8751818,0.8881773,0.8750393,0.88719606,0.88130265,0.88170016,0.88419276,0.87718576,0.8793895,0.87783813,0.87330604,0.8885137,0.87858105,0.8854589,0.8828367,0.8853539,0.87559044,0.8796035,0.8798919,0.87753236,0.88995165,0.8846032,0.8793372,0.8863465,0.8802939,0.8801628,0.8789443,0.8809958,0.885881,0.8842247,0.88300395,0.87937045,0.8863233,0.8825187,0.8842554,0.8796619,0.8805608,0.8823195,0.8790909,0.88191915,0.8820861,0.8850878,0.8809265,0.8790438,0.87649375,0.88091487,0.8722043,0.88293654,0.87461346,0.8785141,0.88349986,0.88339394,0.88299143,0.88174856,0.87875634,0.88206923,0.8824029,0.8860041,0.8807587,0.8899954,0.8781582,0.8840386,0.8835783,0.88126427,0.8741368,0.8798624,0.8740204,0.88388187,0.89041567,0.87029654,0.88053983,0.88035756,0.8868441,0.8808051,0.87865,0.88057655,0.87644506,0.88420385,0.88298744,0.8809726,0.87645197,0.87532586,0.88606197,0.8806851,0.8835784,0.8848988,0.87992173,0.8789605,0.8862578,0.8796219,0.8865865,0.879516,0.8852685,0.87927824,0.8849559,0.8807815,0.88880146,0.88105714,0.8821413,0.8793252,0.87673336,0.86988163,0.8855434,0.87787765,0.88816994,0.8784276,0.8869346,0.87995756,0.8859081,0.88262886,0.8762185,0.8746821,0.8862867,0.8825819,0.8872515,0.8842433,0.88465756,0.88453525,0.8804625,0.87737554,0.88770133,0.8832287,0.89508045,0.8816874,0.8719694,0.890453,0.87763965,0.8855951,0.88362193,0.8839642,0.8807029,0.8800703,0.8875258,0.8877378,0.8831624,0.8807651,0.88062114,0.8790764,0.88019216,0.88263947,0.878742,0.87455416,0.8847558,0.88033205,0.8776817,0.87905884,0.87659377,0.8785801,0.88723236,0.8791382,0.8789523,0.87534136,0.87818134,0.8772934,0.87832165,0.8876792,0.88396156,0.8844413,0.87854564,0.87345976,0.88626075,0.8887099,0.8738979,0.8743375,0.88078374,0.8802669,0.88181794,0.88048625,0.8857957,0.87896705,0.87667984,0.88290656,0.8883337,0.88098097,0.88222116,0.88496614,0.8810356,0.8861377,0.885271,0.8837892,0.8822453,0.88440657,0.868362,0.87552816,0.8773526,0.8803569,0.8838014,0.8806911,0.8758683,0.8835627,0.88652956,0.8764541,0.8744855,0.874349,0.8808027,0.88124007,0.8781918,0.88004047,0.87986946,0.8776635,0.879107,0.8798658,0.8767773,0.8786782,0.88272095,0.885437,0.8841506,0.8888882,0.8835958,0.88497275,0.87387,0.88439316,0.88447815,0.88466465,0.8863872,0.8794795,0.8775126,0.8843852,0.89629054,0.88295496,0.8843093,0.8776155,0.8788822,0.8811135,0.8778614,0.8811808,0.8853037,0.87852937,0.8837392,0.87641627,0.8815132,0.87756574,0.8861479,0.88394225,0.887556,0.8922055,0.8858612,0.8788396,0.87868685,0.87751424,0.8850535,0.88197523,0.8920204,0.8822247,0.8746105,0.8828205,0.8818393,0.88838524,0.8850328,0.8820316,0.8789282,0.87843496,0.88340163,0.87892264,0.8786925,0.8837101,0.8846889,0.8864218,0.8796276,0.88306254,0.8831895,0.8855424,0.8763371,0.88264334,0.87859076,0.8839029,0.8745177,0.8789829,0.88231087,0.87623835,0.8845811,0.8911714,0.8814483,0.8796719,0.87830824,0.8835522,0.8810282,0.8735553,0.8749539,0.8868262,0.8885484,0.87457705,0.8804649,0.8846535,0.87584865,0.887768,0.88234454,0.8796794,0.8853119,0.879596,0.8767766,0.88305926,0.88173693,0.87662953,0.89112973,0.87667805,0.87961006,0.878409,0.87348574,0.8863921,0.8816921,0.8744255,0.8898692,0.8918849,0.872768,0.8795436,0.88003135,0.8859354,0.875623,0.87357527,0.87762946,0.88427436,0.88198704,0.88483864,0.8836281,0.87836576,0.8785708,0.88508314,0.8805455,0.88335854,0.8831023,0.88778186,0.8796742,0.87857026,0.88529867,0.8871105,0.8791213,0.88115436,0.87751764,0.87519276,0.87875706,0.87941253,0.8800632,0.877085,0.874807,0.878345,0.8753106,0.88318616,0.8795215,0.8799613,0.8776378,0.8778698,0.88702285,0.8831614,0.87819767,0.888609,0.87532604,0.87411124,0.87774646,0.87891227,0.87833506,0.8790948,0.88003457,0.88802546,0.8770778,0.8911205,0.88390845,0.88282627,0.8850532,0.8682515,0.8825429,0.8861676,0.8844509,0.88472074,0.8870367,0.88119376,0.87816536,0.88749814
1.0499272,1.059052,1.0506045,1.0441552,1.0595595,1.0484469,1.0470933,1.0550286,1.0559422,1.046875,1.0454671,1.0515963,1.0526718,1.0511836,1.0527658,1.0538263,1.0501817,1.060423,1.0448503,1.0569485,1.0581335,1.0527543,1.0475299,1.0517696,1.0553081,1.0535206,1.0437999,1.0486459,1.052036,1.0438086,1.0555193,1.0559039,1.0535723,1.0500467,1.0612822,1.0489843,1.0481596,1.0522635,1.050706,1.0500787,1.0493932,1.0509963,1.04848,1.0506585,1.0591244,1.0484825,1.0551964,1.0528213,1.0534236,1.0530648,1.0520787,1.0511762,1.0534103,1.0531696,1.0471548,1.0405028,1.0564705,1.046956,1.0533367,1.0488055,1.0510052,1.053679,1.0519919,1.0518892,1.0548172,1.0543107,1.0540543,1.0527524,1.0584822,1.0451156,1.0527703,1.0456922,1.055325,1.0486192,1.0551101,1.0468649,1.0584956,1.0444454,1.0442523,1.0520269,1.0614939,1.0487334,1.0513817,1.0484457,1.0548974,1.0593956,1.0560075,1.0549451,1.0479541,1.0464158,1.0463433,1.0529985,1.049522,1.0542575,1.0537374,1.0494727,1.0458966,1.057,1.0500395,1.0471742,1.0550488,1.0524598,1.0530628,1.051973,1.0478833,1.0448056,1.0477358,1.0537823,1.059884,1.0514237,1.0584708,1.0532663,1.0584798,1.0604076,1.0581403,1.0538192,1.0549381,1.0545348,1.0431288,1.051566,1.058026,1.0505471,1.0544643,1.0490164,1.0530684,1.0480708,1.0544522,1.0579998,1.0524981,1.0497968,1.0538931,1.0577879,1.0541478,1.047518,1.0508918,1.0497369,1.0547363,1.0507076,1.0513597,1.0479487,1.056627,1.0512888,1.0514671,1.0511695,1.0576949,1.0573373,1.051263,1.049133,1.0582511,1.0489547,1.0547111,1.0565815,1.0502639,1.0555998,1.0553445,1.0524224,1.0524377,1.0529343,1.0533905,1.0536523,1.0578251,1.0513035,1.0581317,1.0509272,1.054514,1.0547391,1.0534564,1.0414264,1.0478423,1.0501347,1.0472596,1.0539776,1.0507874,1.0557275,1.0509183,1.0453686,1.049979,1.0515512,1.0536441,1.051858,1.0489753,1.0527445,1.0507,1.0509127,1.057739,1.0519433,1.0520508,1.0390934,1.0528721,1.0514182,1.0491521,1.0517669,1.0543369,1.0556612,1.0518856,1.0489082,1.050241,1.0468774,1.0539783,1.0546055,1.0504272,1.0581985,1.0584015,1.0445445,1.0507189,1.0523173,1.0509835,1.0564426,1.0486549,1.0512574,1.0491511,1.0604975,1.0571197,1.0474848,1.0479889,1.0479559,1.0532634,1.0460324,1.0536854,1.0542756,1.0470626,1.0501449,1.0534579,1.0506735,1.0554292,1.0495607,1.0521122,1.0564674,1.0509938,1.0517623,1.050329,1.0450667,1.0451143,1.0601221,1.0511589,1.0521368,1.0525409,1.0566268,1.0491219,1.0486565,1.0498077,1.0515047,1.0491632,1.049654,1.0552768,1.0542576,1.0475559,1.0538815,1.0457257,1.0530727,1.0504276,1.0564022,1.0507206,1.0515553,1.0493984,1.0514791,1.0545182,1.0482401,1.0546021,1.0456941,1.0550506,1.0556371,1.0519005,1.0505983,1.0543147,1.0564113,1.0605618,1.050448,1.0522919,1.0512099,1.047716,1.046309,1.0539055,1.0494279,1.051488,1.0600648,1.0466081,1.0581105,1.0523415,1.0586405,1.0632802,1.0474457,1.0488256,1.0566982,1.0438597,1.052505,1.0524656,1.0443683,1.0565603,1.0492525,1.0532186,1.0468614,1.0487152,1.0486069,1.0468783,1.0558194,1.0512075,1.0488164,1.0475785,1.0512068,1.0558649,1.0494912,1.0420837,1.0449512,1.043122,1.054271,1.0524116,1.0514467,1.057344,1.0485573,1.047549,1.0510741,1.0535101,1.0492067,1.0486495,1.0479385,1.0553672,1.0476187,1.0512115,1.054336,1.0483819,1.0589236,1.0523119,1.0511905,1.0494494,1.0582718,1.0538542,1.0626233,1.0505142,1.0609964,1.049299,1.0475214,1.0495555,1.0588814,1.0506889,1.058552,1.0457782,1.047885,1.0447667,1.0564623,1.0553852,1.0469892,1.0597788,1.0528244,1.0488671,1.0412092,1.048689,1.0505136,1.0445918,1.0520511,1.057717,1.0549839,1.0557358,1.0545774,1.0503026,1.0530822,1.0519426,1.0491033,1.0515909,1.0522587,1.059394,1.051953,1.0532548,1.0545506,1.0588146,1.0516326,1.0531538,1.0504897,1.0555309,1.051081,1.0524977,1.0552247,1.0437355,1.0533637,1.0540497,1.0491058,1.0397598,1.048346,1.0580789,1.0576955,1.0584803,1.0545487,1.0506887,1.055695,1.0517683,1.0536373,1.0509957,1.0535235,1.0507758,1.0568581,1.0564073,1.0519365,1.0511783,1.0488694,1.0568447,1.047861,1.0671742,1.05017,1.0518847,1.0518588,1.045675,1.0544832,1.0544093,1.0497178,1.0573883,1.0594233,1.0506797,1.0503187,1.0524373,1.0509247,1.0491235,1.0524191,1.0540587,1.048431,1.0509552,1.0504017,1.048587,1.0485666,1.0541066,1.0540835,1.051031,1.0464337,1.0502346,1.0495373,1.0552533,1.0541834,1.0509824,1.0487226,1.0494395,1.0551983,1.051126,1.0604223,1.0547096,1.0515605,1.0578587,1.0545449,1.0521723,1.045359,1.0493615,1.0559267,1.0517904,1.0480219,1.0494417,1.0537796,1.0470372,1.051288,1.0427853,1.0578703,1.0515176,1.0553223,1.0504447,1.0541675,1.0516021,1.0594245,1.0502977,1.0459532,1.0481176,1.0491049,1.0499415,1.0475283,1.059828,1.0498903,1.054217,1.052806,1.0487264,1.0623238,1.0485139,1.0573784,1.0552267,1.0558366,1.055408,1.0509976,1.0460694,1.0537599,1.0541884,1.0523132,1.0475146,1.0538137,1.0530916,1.0520605,1.0462006,1.0423723,1.0498208,1.054613,1.0487297,1.0473936,1.0472494,1.0520576,1.0439407,1.0542818,1.0451614,1.0529367,1.0579934,1.0480164,1.0433155,1.0462353,1.0599835,1.052475,1.050039,1.0584135,1.0485619,1.0559658,1.0522069,1.0502622,1.0497535,1.054194,1.0547173,1.0539238,1.0569059,1.0455582,1.0484552,1.0486224,1.0505586,1.0487891,1.0486908,1.0572383,1.0544883,1.0525111,1.0608813,1.0494738,1.0544289,1.0499301,1.0548284,1.0534515,1.047175,1.0550992,1.0467504,1.0536317,1.0473787,1.05645,1.0420939,1.0544369,1.053499,1.0530667,1.0485952,1.0575491,1.0516088,1.0436611,1.045071,1.059142,1.0506029,1.0513978,1.0564698,1.0555676,1.053128,1.0463123,1.0499538,1.0573567,1.0485717,1.0532678,1.0527107,1.0476657,1.0593774,1.0536506,1.0496216,1.047925,1.0456226,1.0575212,1.0585048,1.0448945,1.0497472,1.0500113,1.0528644,1.0540756,1.0497999,1.0548426,1.0546491,1.054032,1.0428368,1.0461648,1.0581237,1.0548562,1.055364,1.0508904,1.0477535,1.0513248,1.0527391,1.0512801,1.0458572,1.0505171,1.0516734,1.0572627,1.0547142,1.0465299,1.0498111,1.0517937,1.0477544,1.0492576,1.0512857,1.0486629,1.058177,1.0553896,1.0505697,1.0541477,1.0507286,1.0529115,1.0555142,1.0459061,1.0600009,1.0509067,1.0469419,1.047241,1.0435542,1.0477793,1.0478941,1.0458723,1.0493369,1.0596523,1.0534358,1.0537004,1.0509176,1.0566704,1.0519743,1.0547293,1.0519298,1.0552039,1.0507207,1.0461668,1.059011,1.0449092,1.0531316,1.0475396,1.0561382,1.0503193,1.0499631,1.0525025,1.0551722,1.0548588,1.0554459,1.052315,1.0459064,1.0521815,1.0455742,1.0562487,1.0437502,1.0541844,1.0516466,1.0451921,1.0536001,1.0483319,1.052741,1.050134,1.0519425,1.0485907,1.0530347,1.0523992,1.0458379,1.0549254,1.0482105,1.0495852,1.048257,1.0455089,1.0541717,1.0516509,1.046056,1.0588984,1.0548675,1.0545226,1.0483615,1.0516844,1.0494753,1.0521703,1.0513521,1.0540392,1.0559931,1.0475,1.0552472,1.0524,1.0533514,1.0598265,1.0513946,1.0446281,1.0498161,1.0610416,1.0457948,1.0521646,1.0471587,1.0458019,1.0490149,1.0451345,1.0515695,1.0551786,1.0547076,1.0470665,1.0522965,1.0519513,1.0460478,1.0593421,1.0468931,1.0542812,1.0537566,1.0438168,1.0506074,1.0508633,1.056065,1.0576969,1.049198,1.0544618,1.0519637,1.0545266,1.0585651,1.048916,1.0537174,1.0510249,1.0587252,1.0433557,1.044766,1.0479219,1.0447336,1.0513765,1.0491508,1.0573046,1.0417138,1.0452038,1.0541329,1.0550648,1.0535867,1.0598787,1.048043,1.0542042,1.0448365,1.0511386,1.0543721,1.0467842,1.0520142,1.0557531,1.0444947,1.0528667,1.0435508,1.0525956,1.0560728,1.0566583,1.0440935,1.0574455,1.0539393,1.0572646,1.0512295,1.0519644,1.0474147,1.0564288,1.0508806,1.0506678,1.0505681,1.0471098,1.0572691,1.0486392,1.0479044,1.0553244,1.0587227,1.0534383,1.0459703,1.0453054,1.0490221,1.0414565,1.054859,1.0592018,1.054962,1.05423,1.0507222,1.0515168,1.049352,1.0516961,1.0537891,1.0450754,1.0417928,1.0546967,1.0563475,1.0551192,1.0585665,1.0476764,1.0553663,1.0481019,1.0528952,1.0542638,1.0533236,1.0476753,1.0501541,1.0475395,1.0517826,1.0553864,1.0575421,1.0533502,1.0475491,1.0497078,1.0571462,1.0534605,1.048066,1.0571462,1.0496991,1.0492464,1.0525798,1.0472819,1.0550635,1.052105,1.044539,1.0561911,1.0572263,1.0498921,1.0543264,1.0500351,1.0479025,1.0476948,1.0481576,1.0547955,1.0495741,1.0527471,1.0485313,1.053388,1.0417895,1.0482458,1.0516049,1.0518478,1.0522768,1.0558131,1.0447472,1.0515735,1.0479994,1.0526501,1.0559045,1.0531307,1.0438925,1.0482084,1.0471038,1.0488526,1.0565656,1.0483283,1.0511093,1.0528501,1.0432013,1.0488361,1.0516815,1.0530056,1.0514777,1.0542712,1.047141,1.0498016,1.0432757,1.0497859,1.0491228,1.0561337,1.0517292,1.0537264,1.0510837,1.0573128,1.0587752,1.0482067,1.0504827,1.0518687,1.049565,1.0526823,1.0573297,1.0572473,1.054761,1.0511372,1.0534836,1.0460958,1.0530905,1.0534917,1.0566787,1.0508298,1.0460551,1.042806,1.0552378,1.048788,1.0449073,1.0518986,1.0524554,1.056024,1.0559422,1.0523229,1.0545347,1.0435834,1.0523101,1.0576159,1.0570489,1.0591193,1.0447345,1.0532339,1.0360246,1.0527393,1.0545722,1.0496362,1.0478383,1.0530425,1.0521595,1.0528265,1.0496237,1.0569477,1.0482424,1.0516592,1.0479794,1.0549244,1.053008,1.0508407,1.0562565,1.0508072,1.0562019,1.0568867,1.0465285,1.0495414,1.0411583,1.0543288,1.0478437,1.0510695,1.0560827,1.0551101,1.0502045,1.0541124,1.0497072,1.0471181,1.0514362,1.0564886,1.0570319,1.050679,1.050172,1.0527292,1.0466843,1.0535866,1.0464633,1.0530059,1.0613887,1.0436672,1.0514076,1.0520473,1.0445505,1.0447309,1.0467395,1.0480669,1.0480075,1.0571432,1.0445437,1.0572784,1.0465275,1.0505273,1.0531527,1.0490894,1.0459726,1.0552734,1.0509641,1.0512336,1.0522441,1.0582609,1.0514543,1.0558876,1.0502235,1.0458905,1.0495545,1.0570046,1.0461451,1.0558435,1.0536939,1.053706,1.0556334,1.0493578,1.0532337,1.0508636,1.0533614,1.0485786,1.0450099,1.0536016,1.0514785,1.0480862,1.0492455,1.0602795,1.050825,1.0521281,1.0481721,1.0436738,1.0543275,1.0567722,1.0523199,1.0529665,1.0438125,1.0476956,1.0531024,1.0484571,1.045883,1.0466431,1.0524921,1.0507115,1.0494026,1.0557469,1.0506347,1.0443776,1.0542691,1.0589856,1.0482247,1.0538912,1.0451274,1.0574483,1.057196,1.0506147,1.0506675,1.0571866,1.0522127,1.0556922,1.0512296,1.0547205,1.0521319,1.0500169
0.46802634,0.45513353,0.47203004,0.47538996,0.4612769,0.47270373,0.46138883,0.46762037,0.4562416,0.46017835,0.4610502,0.4651471,0.47044274,0.4687487,0.46490106,0.46786484,0.46841592,0.46176,0.46569028,0.45849505,0.45765877,0.45695153,0.46438986,0.4634843,0.46763787,0.46627247,0.4721108,0.46220163,0.4669837,0.45776013,0.46598753,0.46907252,0.46136776,0.4610511,0.46429765,0.4670999,0.47144818,0.4593569,0.46963418,0.4635205,0.470761,0.47126362,0.46016717,0.462253,0.46945885,0.4668694,0.47204942,0.46481845,0.46319553,0.46037358,0.46450737,0.467056,0.4619431,0.46373668,0.4613273,0.46931016,0.46006227,0.46562436,0.4600318,0.4679821,0.468405,0.4663129,0.4648621,0.4680126,0.460638,0.46424866,0.46969593,0.46069184,0.45986086,0.46497124,0.46264696,0.46438095,0.45874023,0.46445352,0.46407956,0.4697478,0.46683362,0.47232527,0.46385652,0.4612975,0.45986262,0.46572912,0.46361187,0.47305343,0.45779318,0.46146062,0.4550439,0.45688403,0.4668115,0.46965984,0.46492115,0.45656583,0.46899936,0.46336776,0.46291122,0.46431026,0.46596587,0.45865285,0.46706367,0.47548392,0.46386957,0.46384367,0.4586628,0.46234986,0.46730176,0.46892834,0.46529076,0.4649952,0.4614899,0.46193448,0.46253532,0.46915418,0.46823657,0.46424583,0.4665267,0.46268296,0.46894503,0.46454826,0.4652403,0.45949385,0.46562403,0.46836424,0.46190897,0.4672676,0.4761105,0.46543232,0.4663525,0.4659105,0.46322495,0.4691273,0.46328357,0.4598417,0.46582466,0.46002668,0.4665464,0.46867487,0.46380648,0.47142696,0.47045216,0.46549603,0.45874396,0.466491,0.4675088,0.47023925,0.4562578,0.46782687,0.45631945,0.46626306,0.46612126,0.46810374,0.46312064,0.46227714,0.4660824,0.46380377,0.46975,0.46607155,0.45991698,0.46566886,0.46728507,0.46736234,0.46680692,0.46244878,0.45547932,0.46315214,0.4583607,0.46899143,0.46476462,0.47411633,0.4610995,0.46372747,0.46726602,0.46189868,0.46809727,0.46404207,0.46691266,0.46428195,0.46102318,0.4630953,0.46462122,0.46107,0.46385854,0.46928462,0.46253413,0.47156355,0.46374863,0.46580946,0.46596524,0.468961,0.45750055,0.46612674,0.46434948,0.46772796,0.46790385,0.46813923,0.4647156,0.46956438,0.46607015,0.46604517,0.46372542,0.4699774,0.46288824,0.46333575,0.4667365,0.4609109,0.4634818,0.4691288,0.46719626,0.4612481,0.46804258,0.4702019,0.45780393,0.46445736,0.4612099,0.4767656,0.46365708,0.46658316,0.4664183,0.46761966,0.46617562,0.46557236,0.46369594,0.4641023,0.47398448,0.46637943,0.4624259,0.47066358,0.46553943,0.4611016,0.45959732,0.4621019,0.4585444,0.4736422,0.4706107,0.4599524,0.4588844,0.46294555,0.4668044,0.45856398,0.46044,0.47012487,0.46915168,0.4699501,0.46957177,0.46589613,0.46778718,0.47411013,0.46647114,0.48101944,0.4668363,0.4681063,0.46239308,0.46719277,0.46757793,0.46705917,0.4582674,0.4640881,0.46362412,0.4634391,0.46307975,0.4620467,0.4611573,0.4643414,0.4654721,0.46507218,0.46254647,0.4724596,0.4606281,0.46782655,0.46233633,0.46578068,0.47096652,0.46473318,0.4613189,0.46710572,0.4649456,0.46348977,0.462802,0.4657563,0.4643318,0.4642016,0.46331656,0.4664814,0.46953282,0.46435028,0.4625848,0.45974365,0.4628614,0.46761262,0.46291754,0.46499148,0.4621267,0.46561906,0.46712762,0.4584097,0.46885186,0.4598055,0.46731302,0.46282202,0.47616583,0.46325523,0.46320647,0.46772012,0.4669845,0.468666,0.47402987,0.46587253,0.46296027,0.46218088,0.45720348,0.47053218,0.45950526,0.4668657,0.45797032,0.4659901,0.46440995,0.46003264,0.46763697,0.46938768,0.46889925,0.46981558,0.46199968,0.460067,0.45896325,0.4659628,0.4666114,0.4722287,0.4642791,0.45746222,0.46535978,0.47075272,0.4651577,0.46905753,0.45939377,0.46631667,0.46243474,0.46649882,0.4657659,0.46290758,0.4676563,0.46924642,0.46511775,0.46330473,0.4565432,0.4562666,0.4650436,0.46624294,0.4619329,0.46715513,0.46333793,0.46512502,0.4617259,0.46532157,0.46210933,0.4638815,0.4648309,0.46546572,0.45935968,0.46297577,0.45675677,0.46062005,0.4537564,0.46548197,0.4640581,0.4585182,0.46544632,0.46378884,0.45716962,0.46735653,0.46231562,0.4660008,0.46520224,0.46602234,0.46806845,0.46909222,0.46452194,0.46301395,0.46905205,0.46885777,0.4585073,0.46529236,0.46779045,0.46471077,0.46675807,0.46363944,0.46639866,0.46727234,0.46352863,0.46478835,0.46626773,0.46447313,0.47138986,0.4657803,0.4732378,0.46255413,0.46113124,0.46675155,0.46707025,0.46676564,0.46889007,0.46743494,0.46639663,0.4637839,0.46375388,0.47357202,0.46803066,0.4594427,0.4616391,0.4669187,0.46614847,0.45868468,0.45945674,0.4671796,0.4658999,0.46977276,0.46880358,0.45660567,0.46191865,0.45333818,0.4759682,0.46522203,0.4628328,0.46396494,0.4654905,0.4659827,0.4635004,0.4656757,0.46003118,0.4708843,0.46926808,0.46543178,0.46796483,0.4673783,0.46749339,0.4627745,0.45654273,0.463091,0.46820787,0.46539062,0.47124884,0.46067196,0.46307766,0.47168982,0.46419618,0.4591333,0.46904752,0.4691279,0.46384907,0.46358597,0.46084338,0.46351695,0.4673048,0.45950654,0.46922863,0.4612789,0.46201766,0.46327507,0.4612768,0.46290118,0.4653678,0.4703288,0.46259502,0.47100484,0.46392062,0.4636687,0.47303158,0.4675949,0.46956253,0.46491548,0.46166682,0.4661889,0.4664569,0.46666232,0.46414202,0.46772847,0.46421948,0.46740842,0.4614346,0.46653572,0.4584255,0.46881276,0.4709028,0.46263722,0.46567464,0.46102467,0.46768588,0.46287668,0.46347916,0.46153215,0.46565306,0.46505418,0.46648446,0.46488893,0.4610328,0.47120687,0.46807358,0.4578833,0.45324084,0.46442047,0.46440983,0.46743953,0.46497187,0.46532694,0.46300745,0.46011484,0.46849263,0.4621594,0.46246472,0.46151966,0.4632636,0.46506706,0.46535558,0.4666487,0.46589798,0.47548044,0.4655353,0.45362025,0.4689592,0.46712562,0.46922302,0.46311238,0.46825564,0.46508878,0.46328166,0.46176305,0.4681966,0.45579883,0.46132866,0.46786323,0.4637839,0.45648196,0.46665102,0.46364778,0.46449196,0.46456155,0.4594846,0.4715707,0.4674806,0.46652937,0.4700254,0.45545456,0.46924776,0.47005585,0.46124327,0.46495715,0.4581635,0.46596342,0.46256387,0.4589172,0.45468628,0.46325505,0.46708825,0.47362012,0.46302596,0.460368,0.45799944,0.4648786,0.47112057,0.45881593,0.4658683,0.4665319,0.47020152,0.45861852,0.4640676,0.47073045,0.46501327,0.46092144,0.46487036,0.4631375,0.4615509,0.466955,0.4583302,0.47188383,0.47213194,0.47680786,0.4575647,0.4618885,0.46518958,0.4687515,0.4632375,0.46722287,0.46305525,0.46646282,0.45470405,0.46271014,0.46995315,0.46041718,0.45963255,0.46415168,0.46467182,0.45780265,0.4601495,0.4603986,0.463522,0.4632674,0.46950322,0.46597153,0.46541467,0.46327674,0.4636218,0.4649107,0.4605512,0.46601358,0.46309355,0.4658795,0.4652957,0.4612273,0.46923834,0.46736977,0.46560368,0.4653734,0.46112752,0.4610232,0.462731,0.46741527,0.47074327,0.461526,0.46492562,0.4696094,0.4601767,0.46381256,0.46219993,0.46294507,0.46172807,0.46391475,0.46738285,0.45871067,0.46265867,0.47149643,0.46367264,0.4579337,0.46969396,0.46540803,0.46627548,0.45998728,0.46814653,0.45658183,0.4649242,0.4685932,0.46099013,0.4616492,0.4647906,0.46162868,0.46060735,0.46563518,0.45920137,0.46115208,0.4713624,0.4598093,0.46015152,0.46467003,0.46659577,0.46248117,0.46329856,0.46866313,0.46941173,0.46025023,0.46355653,0.46806914,0.4694744,0.46334863,0.46474606,0.4692786,0.46836397,0.4611836,0.4683552,0.46564847,0.46598387,0.46271127,0.46804497,0.46613827,0.45735514,0.459166,0.47352004,0.46433207,0.47146335,0.4644225,0.46320233,0.47138014,0.46123204,0.46932223,0.45979524,0.46300143,0.4696879,0.4647969,0.45823818,0.46397236,0.4694047,0.4574752,0.46021014,0.47301438,0.46236637,0.46586534,0.47084284,0.45536986,0.46179265,0.45827603,0.46390757,0.46106997,0.4632466,0.46084273,0.4576615,0.46420398,0.4583149,0.46765995,0.4637873,0.46623763,0.46520886,0.47015423,0.45579886,0.46150374,0.4710774,0.465544,0.46657836,0.46397033,0.46284986,0.46635786,0.46539187,0.4649791,0.46557078,0.45722377,0.46850768,0.46293402,0.46617746,0.4739841,0.46149948,0.464623,0.47377872,0.4609446,0.471053,0.46548545,0.45764244,0.4638371,0.4712599,0.4665499,0.45599598,0.4622164,0.465188,0.46267474,0.46851557,0.46270305,0.47079495,0.4716826,0.46630034,0.46515554,0.46693754,0.47422633,0.4582206,0.46272552,0.46235272,0.4669987,0.4751203,0.47072887,0.4655199,0.46438038,0.46855295,0.4600974,0.4583969,0.4661187,0.46456206,0.46442345,0.46162224,0.4713412,0.46510264,0.468478,0.4706534,0.4659985,0.45962292,0.46482658,0.46958268,0.46159098,0.47059995,0.45978057,0.4622063,0.46550208,0.46193632,0.4642547,0.45911875,0.46584117,0.4671237,0.46219084,0.46227694,0.46926352,0.4653523,0.4631033,0.4584789,0.46530035,0.47088334,0.45992392,0.46362123,0.46903342,0.46472114,0.46159378,0.4706057,0.4629801,0.45875394,0.45925477,0.46363574,0.46543705,0.4680282,0.46120197,0.47133002,0.46117666,0.4646334,0.46114022,0.4650442,0.4680844,0.4639337,0.4653646,0.46334255,0.46329638,0.46027768,0.46738207,0.4695863,0.46051598,0.46231714,0.45733267,0.47220355,0.4687866,0.45917204,0.46004423,0.47227243,0.46929535,0.47139314,0.4671876,0.4632144,0.4640141,0.46583292,0.46803123,0.4747566,0.46503776,0.46461886,0.46313828,0.4625694,0.4645558,0.46765554,0.47996378,0.46420154,0.46524954,0.4650986,0.46423072,0.46996504,0.46476248,0.4614792,0.46343747,0.45733547,0.4641945,0.47353822,0.46449,0.46183926,0.4594982,0.46441692,0.46884295,0.45668665,0.46869314,0.45891255,0.46663094,0.4642319,0.46624088,0.46651974,0.46049073,0.46764192,0.46416593,0.46727154,0.46433172,0.4670527,0.45775914,0.46556684,0.466117,0.46109816,0.46105328,0.46147606,0.46927118,0.46333754,0.4587855,0.46394137,0.45946145,0.45862818,0.47102252,0.470885,0.46729344,0.4607905,0.46887708,0.4665396,0.46575847,0.4659365,0.46404174,0.46664387,0.46221548,0.46506953,0.46383396,0.4658442,0.47001845,0.459425,0.46534628,0.46035928,0.46139395,0.46758422,0.46995354,0.4606124,0.46474373,0.4797835,0.47219852,0.46534383,0.46777362,0.46648023,0.46345198,0.45668352,0.4630305,0.46773207,0.4645831,0.46088254,0.46915182,0.468161,0.4713631,0.4647512,0.4588871,0.46194997,0.46620145,0.46344763,0.46452826,0.46871746,0.46211088,0.46782407,0.47383934,0.46483666,0.46404484,0.46644482,0.46826342,0.46689537,0.46443865,0.46655744,0.46205956,0.4685436,0.4587424,0.46224573,0.46926442,0.4622654,0.46858516,0.45707095,0.46419203,0.46543214,0.4607588,0.4655459,0.46611643,0.46749347,0.4727639,0.46604604,0.46721703,0.46513134,0.46690446,0.46208915,0.46414673,0.4707998,0.46202713,0.4601047,0.4676636,0.46193686,0.46671513,0.46369624,0.46838254,0.45855653,0.46894032,0.46718758,0.4632216,0.4577749,0.46071792,0.4697012,0.4587796,0.46649918,0.46675417,0.46560344,0.46439105,0.46741027,0.46354815,0.46360254,0.467782,0.46271473,0.47242254,0.46727282,0.466422,0.46150893,0.46461493,0.4665212,0.46728593,0.4671856,0.46219075,0.46293083,0.46299958,0.46520555,0.46072546,0.46460983,0.45680663,0.46561578,0.46978194,0.46469906,0.45995364,0.47327074,0.4652896,0.46350995,0.47196728
