0.7912649,0.7812715,0.83497846,0.7559271,0.762048,0.81286067,0.78469294,0.7979673,0.7985729,0.7543443,0.79803777,0.79634553,0.7793517,0.77806324,0.8295332,0.8042968,0.7995072,0.7732061,0.7796757,0.78426164,0.7291489,0.7999581,0.80541867,0.7968916,0.78301734,0.7125411,0.79212326,0.7913733,0.8034524,0.80961597,0.8076404,0.79085076,0.7824992,0.7814044,0.76006407,0.7933121,0.7852505,0.8250191,0.7911659,0.77893156,0.76144296,0.80133903,0.7800707,0.7876045,0.78118026,0.7551527,0.8166807,0.7561599,0.76034445,0.7993954,0.7643658,0.83309424,0.7720935,0.8013472,0.7742406,0.82618266,0.78692544,0.7794257,0.7776705,0.7431255,0.7448616,0.8136444,0.83228385,0.7909841,0.7646067,0.75864434,0.79636484,0.79654384,0.7861526,0.79834527,0.7824152,0.8104304,0.789549,0.7806184,0.7974997,0.7954536,0.79302067,0.7653852,0.7750186,0.7331434,0.7865101,0.79858214,0.80617607,0.7868259,0.79665446,0.7510165,0.78150874,0.7260281,0.80179095,0.8138648,0.7874984,0.7455682,0.7953733,0.7699609,0.75245637,0.7392431,0.77752423,0.7971375,0.765059,0.77255,0.78547657,0.7639785,0.76993257,0.79617524,0.79133654,0.82756364,0.7984277,0.8135325,0.7855978,0.7827853,0.75960463,0.79987586,0.75230193,0.8275787,0.80225074,0.8089435,0.7978579,0.83497894,0.76518637,0.7938775,0.7447135,0.8190938,0.80712974,0.7941598,0.75440514,0.7926388,0.73175603,0.8231349,0.8056382,0.8032202,0.79812485,0.7876246,0.7807183,0.7704356,0.81582135,0.8121527,0.76432216,0.8012232,0.73934996,0.8175267,0.7333099,0.82876915,0.7811353,0.75918907,0.80967546,0.7739436,0.78703946,0.75367665,0.7536832,0.7634754,0.7789726,0.7754017,0.77487063,0.7689859,0.81170535,0.7828614,0.7984391,0.7578732,0.7983493,0.7799462,0.7453143,0.7765459,0.767952,0.7832783,0.7369059,0.7958034,0.7508801,0.8333651,0.8372304,0.7671498,0.7690592,0.73533493,0.8065865,0.79110396,0.80161643,0.7918879,0.7745444,0.78994524,0.76350665,0.753056,0.80476344,0.7963655,0.7414074,0.7991184,0.81530195,0.790915,0.8033087,0.7877947,0.7800251,0.78910774,0.79973555,0.82105327,0.8228599,0.78202623,0.7891503,0.7890656,0.73461956,0.80800563,0.7536937,0.7671678,0.74377966,0.79423386,0.78730327,0.80119205,0.7455696,0.81496245,0.8000599,0.74760604,0.8222401,0.7628349,0.7980549,0.8533869,0.8004184,0.7513063,0.8374479,0.7899325,0.74949825,0.81154144,0.79136014,0.8041235,0.7815863,0.73756784,0.7644218,0.7339883,0.8167402,0.77020925,0.8004414,0.8010716,0.7762022,0.79446656,0.74075294,0.786452,0.7840848,0.78449863,0.7677773,0.7964249,0.83831066,0.7643183,0.7887477,0.7769633,0.76027715,0.759233,0.80597246,0.7740951,0.76674366,0.7245832,0.7737965,0.79775316,0.7800897,0.73241717,0.7453501,0.79399127,0.7784902,0.7595275,0.793138,0.7893332,0.7386662,0.7662019,0.78957903,0.862257,0.8147123,0.7514974,0.7974184,0.81052274,0.7696445,0.714182,0.77334696,0.77515423,0.77746606,0.7662991,0.7827038,0.74667525,0.79418564,0.78222203,0.76680946,0.738669,0.7874285,0.79926205,0.75255907,0.7520539,0.7658967,0.793187,0.7964953,0.77352345,0.7728431,0.7722969,0.77419,0.8318596,0.7526384,0.8343362,0.8332904,0.7638808,0.7431849,0.83528197,0.77401006,0.75650907,0.800992,0.74221694,0.77169997,0.74225533,0.76098675,0.78746897,0.7832519,0.7819969,0.7575759,0.7555899,0.7562969,0.7603797,0.7974434,0.76949966,0.76769054,0.77185124,0.7670078,0.7659665,0.78997254,0.757866,0.752351,0.8239661,0.72960246,0.78553253,0.7271326,0.7824011,0.80448866,0.77421236,0.7430573,0.78994215,0.7561307,0.78892744,0.83224916,0.7774667,0.77533805,0.78864425,0.7538545,0.79822814,0.80373377,0.78695637,0.78960866,0.7918782,0.73605543,0.7669351,0.7252306,0.7791232,0.7891778,0.7972528,0.85142964,0.7599709,0.8109083,0.75428206,0.8014812,0.7930261,0.80385584,0.7249869,0.8337945,0.76359445,0.7093113,0.75202304,0.7824862,0.7616191,0.8199789,0.77117324,0.68821853,0.795784,0.79947793,0.76829624,0.75165445,0.7789934,0.80968976,0.77678514,0.7758806,0.7475111,0.7588856,0.7795174,0.7578074,0.7728212,0.7919838,0.7931308,0.8495861,0.785678,0.74478495,0.78970486,0.8151133,0.7757088,0.7698181,0.793775,0.74332255,0.78118604,0.8144257,0.80423373,0.7850238,0.77176905,0.7789162,0.7520232,0.7988475,0.8058902,0.7868009,0.79781437,0.77680475,0.74724567,0.76829493,0.75661004,0.7790018,0.75121784,0.7731179,0.7706639,0.7372709,0.7809602,0.78158146,0.78779256,0.789279,0.75162506,0.8013696,0.7238041,0.7828556,0.8001282,0.83385706,0.7639134,0.7869882,0.74862075,0.76022995,0.7358648,0.8040689,0.7504241,0.80390817,0.7927331,0.748931,0.7880206,0.78092754,0.7646505,0.8121503,0.7541844,0.7666024,0.7759474,0.7789945,0.7985576,0.8068011,0.8070851,0.7977538,0.72451824,0.7966911,0.7469049,0.7786464,0.77484804,0.86177135,0.77837265,0.77602834,0.79635286,0.7724588,0.72930855,0.7990152,0.77363557,0.79443836,0.80691266,0.76853615,0.8196117,0.79614925,0.7922188,0.80684984,0.74618876,0.79409647,0.81214124,0.7721583,0.7035628,0.75926405,0.7887627,0.7796167,0.7831379,0.8115763,0.7883817,0.7481636,0.758885,0.8191148,0.78538203,0.8139359,0.7975144,0.82640547,0.7803068,0.78151727,0.7884169,0.7136166,0.7196356,0.78296757,0.783412,0.740537,0.7586658,0.7843962,0.763459,0.78838295,0.75789887,0.761506,0.79545605,0.815529,0.75096154,0.7855489,0.76677835,0.780519,0.8066643,0.8137215,0.8102077,0.7540613,0.7678433,0.7876596,0.78345406,0.7713305,0.77265036,0.7635544,0.7756047,0.7688519,0.7522793,0.8189087,0.78276736,0.7569245,0.80219895,0.79465806,0.7983745,0.8021315,0.74462336,0.8309776,0.8280391,0.7831826,0.80503356,0.74962896,0.8049692,0.7833897,0.75846344,0.7854331,0.78142744,0.7906204,0.80157375,0.77339166,0.812623,0.74548674,0.74899757,0.73360705,0.78419983,0.80196315,0.74579805,0.80585736,0.77724814,0.81703794,0.8213159,0.7972923,0.7638079,0.73299223,0.80552626,0.7786193,0.7768367,0.7464481,0.7966082,0.7754609,0.79200107,0.8019268,0.78576714,0.764648,0.79704934,0.78057355,0.79887295,0.76928085,0.76221585,0.8068991,0.7840927,0.7508303,0.79279315,0.71379626,0.8112329,0.7872225,0.8242296,0.79370344,0.78208876,0.8277914,0.7541881,0.86300474,0.7737059,0.79157346,0.7804812,0.80264056,0.7553553,0.7848168,0.76975316,0.76243967,0.7957333,0.74047613,0.7608653,0.79209054,0.78557754,0.80947685,0.82375383,0.7776993,0.816959,0.76936686,0.789397,0.7376502,0.79398453,0.8071062,0.8134291,0.7243242,0.83395416,0.80137634,0.8317921,0.83724767,0.80355084,0.74798965,0.8034451,0.74434596,0.81860644,0.75151455,0.7909788,0.77534866,0.7885376,0.79285467,0.78897727,0.75042003,0.79195905,0.77080667,0.78284764,0.76132745,0.7881706,0.7726672,0.80632114,0.7828867,0.75704944,0.76135224,0.762343,0.7964378,0.7778411,0.7491618,0.8078804,0.7622937,0.7599189,0.78452754,0.80951643,0.7481821,0.75077367,0.78967696,0.83565104,0.8409861,0.74915165,0.78330827,0.74120563,0.7129792,0.7849346,0.79332614,0.79504514,0.80568737,0.7864414,0.76633847,0.7660635,0.75170463,0.73984414,0.75624466,0.78157675,0.77298313,0.7633065,0.7493764,0.78982985,0.7812513,0.80523425,0.7405874,0.81342125,0.78911835,0.80265903,0.74091625,0.81570566,0.76530683,0.7966519,0.7403238,0.8311211,0.8028571,0.7486795,0.80059326,0.7591935,0.7835777,0.7879981,0.73360276,0.802282,0.8108238,0.7679754,0.82013524,0.7854594,0.80227953,0.8010863,0.7968607,0.81873393,0.84258664,0.7954875,0.8105055,0.78016114,0.7743116,0.7366993,0.7493964,0.7876917,0.7702445,0.7812351,0.79132724,0.77777934,0.7414584,0.7883763,0.82709837,0.78172094,0.78678393,0.72725993,0.78886694,0.76867557,0.7611616,0.7191823,0.71963364,0.80645454,0.80140316,0.7290943,0.76893866,0.7780114,0.8149238,0.7722563,0.79049945,0.78895384,0.78420156,0.75849694,0.7667979,0.8428979,0.7310559,0.75294197,0.730435,0.81888515,0.7305427,0.7955489,0.8073752,0.8352885,0.7642251,0.7702075,0.77348715,0.81686413,0.74405646,0.77280134,0.8361219,0.8095721,0.7756038,0.740188,0.7577307,0.78574586,0.79360706,0.7815896,0.7902159,0.8001261,0.79290676,0.8236531,0.7948192,0.74826914,0.7650815,0.750234,0.76717347,0.75905657,0.77831525,0.80529326,0.74096274,0.77296954,0.7832703,0.78748804,0.7452027,0.7827944,0.7863338,0.7819912,0.79156744,0.7821266,0.79333645,0.8107813,0.81362677,0.78989524,0.7774427,0.7529805,0.81901276,0.7885705,0.79652894,0.77831364,0.79379696,0.7670931,0.78504264,0.78373253,0.80537844,0.7568662,0.72917956,0.8211186,0.8050106,0.76994,0.7957416,0.7969942,0.8188656,0.78690434,0.7833193,0.80992573,0.7970108,0.7892661,0.8171721,0.73352236,0.82132465,0.7868182,0.79021424,0.77732515,0.7972299,0.8224545,0.74970657,0.79602903,0.82322925,0.7702591,0.80500716,0.80261004,0.76437724,0.7981084,0.8045137,0.81539834,0.81072795,0.809989,0.7796106,0.79271245,0.7896395,0.81271434,0.76102495,0.7465853,0.7643445,0.7759504,0.7788815,0.7661569,0.75592047,0.8055255,0.8055965,0.7830206,0.76444674,0.7530917,0.7870823,0.76050407,0.8687495,0.8242365,0.7393982,0.79553616,0.7779749,0.77897316,0.785271,0.7466574,0.7623681,0.79394686,0.7733344,0.7727888,0.75169885,0.75257486,0.83245623,0.7640695,0.7416497,0.7317552,0.7418202,0.7537198,0.7940822,0.7865613,0.71487635,0.74718213,0.76944506,0.802862,0.7432412,0.78392583,0.75921917,0.79516023,0.80849576,0.8040501,0.7909076,0.81748855,0.7812265,0.7533111,0.7482819,0.8353894,0.7851268,0.83008826,0.8401939,0.81161946,0.7862504,0.80729455,0.7629984,0.78281474,0.7540846,0.77559817,0.781091,0.76375836,0.8002644,0.7906044,0.75404125,0.8244241,0.7920641,0.7640325,0.79387057,0.80430526,0.7575313,0.76267886,0.7617454,0.827031,0.7404192,0.7855308,0.8276217,0.8087897,0.7532392,0.79740274,0.82105094,0.802722,0.77290195,0.80283123,0.80048203,0.8038273,0.8057892,0.83927476,0.74894315,0.7737277,0.7971901,0.7603962,0.74692625,0.80288863,0.7460159,0.8041574,0.8105071,0.78868055,0.85446054,0.7983249,0.81383514,0.73781693,0.7820966,0.76537246,0.83008486,0.7310649,0.8132289,0.79586256,0.79163957,0.82478255,0.7565668,0.7642837,0.7800513,0.73113143,0.73566425,0.77479154,0.79878986,0.79105234,0.7929547,0.77894205,0.78481096,0.73337835,0.78532976,0.79842323,0.7456285,0.7237384,0.78344125,0.7955445,0.8228456,0.7700953,0.8131427,0.7542491,0.805801,0.7769603,0.8128486,0.76691276,0.78930175,0.7947606,0.7698771,0.7713001,0.78792095,0.78814,0.8302055,0.779569,0.74551487,0.77882934,0.76886415,0.80052215,0.76127243,0.77023536,0.762191,0.7527353,0.78488314,0.7751448,0.77709687,0.8181683,0.8227221,0.7813547,0.7531995,0.804909,0.7979359,0.78045344,0.7442779,0.7887199,0.7702959,0.7886384,0.7630604,0.7645563,0.7975675,0.7809138,0.7665413,0.77907944,0.76752776,0.76554716,0.76781416,0.81174886,0.76813006,0.8193929,0.79338336,0.7664651,0.78052366,0.78502417,0.8200945,0.79942733
1.0691422,1.0913215,1.0954391,1.0833265,1.0686156,1.1008039,1.0664372,1.0458742,1.0855526,1.0810963,1.0993524,1.0331328,1.0927155,1.0885644,1.0401844,1.0710351,1.0463899,1.0910603,1.049029,1.048856,1.0201665,1.0763009,1.0594002,1.0660417,1.0621253,1.0487286,1.0685534,1.1051048,1.1097497,1.0966775,1.07904,1.0926504,1.0649102,1.0991944,1.0723194,1.1031839,1.0635003,1.0785048,1.1005173,1.0728554,1.0535119,1.0583326,1.0753405,1.0772516,1.0592434,1.0631429,1.0737762,1.1008675,1.0985215,1.0958216,1.0185918,1.0430083,1.017893,1.0641279,1.0206212,1.1025462,1.0600737,1.0848688,1.0757511,1.0754467,1.0851042,1.0304598,1.0606669,1.038595,1.10868,1.0851536,1.0746738,1.0737048,1.0860543,1.1294016,1.0469017,1.08738,1.0526437,1.0670928,1.0756289,1.0683306,1.0595725,1.0791625,1.0511062,1.0705647,1.0567442,1.0719583,1.0916452,1.0333034,1.0554413,1.053303,1.0543517,1.0466076,1.0576519,1.0775632,1.0157276,1.026183,1.066795,1.0449111,1.0786808,1.0549059,1.0524144,1.0615165,1.0359737,1.1116363,1.0222646,1.0737146,1.0607028,1.0899271,1.073528,1.0742255,1.1056446,1.0826707,1.0597095,1.0804323,1.0587381,1.0332555,1.0314052,1.0492979,1.0538424,1.0608944,1.0578767,1.0547928,1.0401297,1.0754603,1.0065423,1.110011,1.087383,1.0762172,1.0476729,1.0562888,1.0472649,1.0382999,1.0579553,1.0586143,1.1100041,1.0846323,1.0627449,1.0157475,1.0928473,1.0794157,1.0419631,1.0577898,1.0703044,1.1087335,1.0426213,1.0753067,1.0492482,1.064328,1.0703964,1.1144315,1.0843838,1.0456504,1.0382967,1.0386856,1.0404384,1.1037152,1.0820593,1.0642258,1.0749687,1.1113724,1.0619832,1.0532227,1.0655034,1.0441792,1.0360215,1.0889859,1.0542455,1.0903596,1.0670917,1.1097099,1.0505533,1.0872158,1.129867,1.0276246,1.061286,1.0615308,1.075735,1.0755719,1.072974,1.0616683,1.0533451,1.0825235,1.0653795,1.1086015,1.0724982,1.0875212,1.0801909,1.0849012,1.0689372,1.0492135,1.1138654,1.0531547,1.0522374,1.0879928,1.1071196,1.0256941,1.066927,1.03316,1.0375779,1.0775928,1.0443771,1.0631597,1.0698639,1.0696055,1.0329711,1.0950444,1.0602411,1.0522227,1.0625814,1.0452805,1.0583167,1.036824,1.0989752,1.072541,1.0893754,1.0906047,1.0764493,1.0715245,1.0524151,1.0451694,1.057709,1.0995305,1.0864456,1.1131988,1.1034658,1.0601797,1.0639373,1.0323582,1.0945036,1.0584519,1.1141583,1.095441,1.042898,1.0538148,1.1014134,1.0889683,1.0643567,1.0290339,1.0180197,1.0789547,1.0827944,1.0627055,1.0595242,1.088555,1.0718783,1.0522346,1.0873549,1.0820192,1.0577223,1.0392715,1.0542461,1.0833746,1.1042947,1.0557266,1.089631,1.0721592,1.0788561,1.078654,1.1056118,1.0567323,1.0105665,1.0751702,1.0632004,1.107706,1.0817155,1.1074911,1.0463839,1.0824223,1.0172672,1.0623605,1.0831496,1.0526692,1.0671389,1.0642656,1.0713186,1.0180192,1.0682477,1.0310503,1.1038035,1.0472925,1.0439147,1.061304,1.0311714,1.0462419,1.0802342,1.0175381,1.0824151,1.040409,1.104645,1.0934534,1.0674728,1.1076154,1.0778326,1.0568665,1.0891453,0.999385,1.0464865,1.0876486,1.0897372,1.058124,1.0792104,1.0575714,1.0780523,1.0709838,1.0150216,1.0181081,1.0673589,1.1088717,1.0857353,1.1086742,1.09482,1.0570455,1.0832627,1.0640869,1.0510507,1.0789738,1.0640845,1.0550485,1.0729808,1.0353677,1.0521482,1.0928977,1.085736,1.0566545,1.0445564,1.078444,1.0903245,1.0679034,1.0873576,1.0918728,1.0337318,1.1002237,1.0657544,1.0494477,1.0575204,1.0270283,1.072481,1.0885935,1.0578171,1.0677433,1.0457283,1.034531,1.1111552,1.0450145,1.0133436,1.0808234,1.0795425,1.0737554,1.0888779,1.0524408,1.0943007,1.0415787,1.0801145,1.0574726,1.069927,1.0458226,1.0840944,1.0422028,1.0310302,1.0631491,1.0290238,1.0533597,1.0721262,1.0768613,1.0623087,1.0672007,1.0742182,1.076306,1.0629439,1.0490915,1.0495696,1.0964676,1.052531,1.0703442,1.0725368,1.0783324,1.0552096,1.0575286,1.027709,1.0635762,1.0537741,1.0697608,1.0837998,1.0908761,1.0852605,1.046774,1.0230526,1.0455339,1.0361819,1.0304661,1.0537696,1.064173,1.0556396,1.0724925,1.0495899,1.0651076,1.0873567,1.050679,1.0613763,1.0877031,1.052495,1.0605721,1.0510302,1.0605179,1.059834,1.0572723,1.0235986,1.1013969,1.1085713,1.0484397,1.0346186,1.0742773,1.0459605,1.0668501,1.0972506,1.035562,1.1175994,1.0878447,1.0585606,1.0761672,1.081962,1.0515823,1.0732017,1.0473436,1.0514643,1.0357782,1.071853,1.1118085,1.0813488,1.0651258,1.0802153,1.091654,1.0881141,1.0406549,1.1098063,1.0746514,1.0833883,1.0606197,1.066299,1.0417298,1.1155714,1.0674577,1.0694621,1.0852818,1.0935715,1.0721495,1.1010329,1.0666344,1.1027339,1.1052592,1.0398923,1.0322044,1.1149085,1.0633138,1.0409669,1.0496395,1.0393089,1.0708131,1.085591,1.0795447,1.0583731,1.0142779,1.038932,1.070738,1.0804899,1.1186259,1.0458263,1.0471535,1.1092517,1.0498807,1.1112313,1.0758857,1.0811863,1.030673,1.0613276,1.0537635,1.0667655,1.065579,1.076581,1.0263903,1.0745168,1.0834415,1.0341817,1.0732622,1.0593789,1.0267305,1.0689768,1.0435671,1.064171,1.0833116,1.0816127,1.0456054,1.0535351,1.0879128,1.0464706,1.0409808,1.0568247,1.0551169,1.0618702,1.0768331,1.0883359,1.1025845,1.0523751,1.0986369,1.0410407,1.1095121,1.0692216,1.043822,1.017251,1.1089406,1.0607065,1.0774214,1.0816063,1.0505732,1.0822227,1.0440296,1.0800403,1.1026607,1.0674833,1.0737562,1.1226736,1.0803542,1.0597413,1.0852056,1.0501436,1.0275457,1.0573491,1.0870717,1.0758402,1.042576,1.0682609,1.0396557,1.0772092,1.081696,1.0588274,1.0643722,1.0570073,1.0368001,1.0338703,1.0898234,1.0949153,1.0782387,1.0144999,1.093998,1.0944619,1.0608077,1.0595527,1.0695106,1.0474609,1.0375559,1.0299984,1.0232222,1.0325017,1.050516,1.0526003,1.075252,1.0643603,1.0631762,1.0521516,1.0989258,1.0578016,1.0913001,1.1087912,1.0555314,1.0825708,1.056092,1.0754443,1.0420078,1.055055,1.1311597,1.043703,1.0789663,1.0465966,1.0706941,1.0980867,1.0535063,1.0407842,1.106783,1.0583857,1.086248,1.0724579,1.0701433,1.0347011,1.0425243,1.0623198,1.0427985,1.0777087,1.061686,1.0899878,1.0743777,1.063008,1.0871166,1.0480305,1.0070696,1.0264202,1.0037413,1.0432769,1.0925055,1.0459021,1.0835233,1.070121,1.0893664,1.0582943,1.0786806,1.0540822,1.0610962,1.0132962,1.0420146,1.0392069,1.0578966,1.0784422,1.0776559,1.0378464,1.0345873,1.0580245,1.0774819,1.0824565,1.0997202,1.055819,1.1133051,1.075511,1.077867,1.0783696,1.0268011,1.0620128,1.0670369,1.0630988,1.0878531,1.0544308,1.0753047,1.081502,1.0261638,1.0166124,1.0818764,1.026344,1.0697747,1.0765141,1.1396883,1.06701,0.9881562,1.024839,1.0486202,1.0364474,1.0526605,1.0531331,1.0861702,1.0436351,1.0799553,1.078929,1.0469794,1.0333731,1.0208937,1.0565021,1.0706205,1.0960742,1.0862942,1.0484732,1.0525209,1.0575854,1.065972,1.0813972,1.0608749,1.0635015,1.060308,1.0892963,1.0583019,1.052527,1.1052811,1.060769,1.0668206,1.0953512,1.0325314,1.0858648,1.0805199,1.038258,1.0726517,1.0716166,1.0973067,1.0786891,1.0435721,1.0364152,1.0206978,1.0430573,1.0842365,1.06876,1.0906818,1.0777143,1.1108453,1.120718,1.109205,1.0794525,1.0792835,1.0469395,1.0578197,1.0664184,1.0570195,1.0639743,1.0756767,1.0114195,1.0452253,1.0887271,1.0359732,1.0469816,1.0498312,1.0456746,1.0666596,1.0785971,1.0491129,1.0242838,1.0555838,1.0726346,1.033827,1.0551339,1.0923017,1.0786058,1.0228554,1.0788931,1.0260441,1.0525081,1.0655543,1.0374101,1.1349719,1.004345,1.0717378,1.0344195,1.0364221,1.0873709,1.0499383,1.033867,1.1069438,1.0579897,1.0721046,1.0903362,1.0799907,1.0733093,1.0797228,1.0796105,1.0381505,1.0786505,1.0766739,1.0135696,1.054476,1.063959,1.0545936,1.0788614,1.0448151,1.0224832,1.1083096,1.090267,1.0489875,1.0634425,1.0488437,1.0646378,1.0489132,1.053514,1.1296321,1.0487205,1.0710342,1.0732256,1.0689939,1.0224438,1.0875096,1.0650572,1.067521,1.0415,1.050945,1.0886285,1.074234,1.0415525,1.0261279,1.087091,1.060433,1.115742,1.067719,1.0858086,1.0529096,1.0599558,1.0142848,1.0726995,1.0486118,1.0954523,1.0575135,1.0577521,1.0992303,1.066946,1.0704312,1.0546409,1.0457516,1.0901253,1.0768712,1.0541742,1.0570073,1.0848528,1.0875973,1.110298,1.0525184,1.0570736,1.0517724,1.0421888,1.0657581,1.0760509,1.0502179,1.036587,1.0717636,1.0626339,1.0876502,1.0943414,1.1342816,1.0859635,1.0399811,1.0509545,1.0840971,1.0840062,1.1037024,1.0937097,1.0751122,1.1020448,1.0926877,1.0485617,1.0643704,1.0652014,1.0835311,1.056231,1.0407909,1.0738711,1.0531613,1.0799782,1.0726886,1.0528021,1.0510293,1.1075495,1.0454658,1.0369372,1.0764983,1.0447441,1.0838963,1.0474678,1.0330005,1.0533983,1.0418997,1.0737948,1.0842694,1.07389,1.0646871,1.0431834,1.0325118,1.0771761,1.0401384,1.0711284,1.0127338,1.0259408,1.0626886,1.0849707,1.0883496,1.0962049,1.0899361,1.0496111,1.1125003,1.0331228,1.0709953,1.085966,1.0693306,1.120562,1.1288787,1.0892144,1.0996189,1.0434719,1.0512915,1.0672776,1.0808601,1.1383849,1.0515234,1.0687985,1.0946455,1.0827802,1.1097217,1.061596,1.0602653,1.0159853,1.061779,1.0605767,1.0788224,1.032425,1.0661463,1.0387625,1.050678,1.0829853,1.0856286,1.0473299,1.0660185,1.028064,1.0570858,1.0562886,1.0720114,1.0401171,1.0434587,1.0928974,1.118212,1.060144,1.0699921,1.0754311,1.0248758,1.0429385,1.0601639,1.0768037,1.0698732,1.1080471,1.099004,1.048521,1.0834349,1.0413516,1.1041808,1.0500216,1.0770841,1.0455519,1.1126614,1.1055034,1.0441812,1.1064368,1.1016262,1.1127355,1.011075,1.019105,1.0584989,1.1002865,1.088772,1.0753161,1.091573,1.0550225,1.057382,1.050862,1.0546473,1.0583845,1.0427032,1.0314491,1.0245993,1.0997517,1.0505515,1.054651,1.0665572,1.0399282,1.0661815,1.0389599,1.090012,1.0089976,1.0317651,1.0820203,1.0693703,1.0812154,1.0622051,1.0681295,1.0660806,1.0671896,1.0904665,1.0932361,1.080067,1.0744398,1.0835514,1.0686883,1.0520693,1.0930524,1.0346576,1.0875294,1.0761355,1.0957016,1.0768485,1.0691425,1.0859369,1.0547225,1.0665812,1.0884379,1.0913906,1.0750875,1.0850186,1.0682014,1.0685809,1.0834782,1.0475811,1.0366459,1.0773734,1.0913799,1.0364497,1.0430374,1.0604044,1.1279022,1.0698744,1.0412885,1.0547884,1.0314769,1.0414674,1.0309385,1.0643628,1.0676877,1.0632522,1.0846903,1.0644641,1.0545241,1.062215,1.0773951,1.0465449,1.047864,1.0442313,1.0486243,1.02653
0.9476386,0.9352627,0.98837817,0.9249248,0.9307619,0.9818243,0.9423278,0.93757546,0.95478684,0.9299383,0.94189066,0.9411307,0.9416552,0.933113,0.94443,0.9614502,0.909583,0.93384176,0.8982086,0.9188902,0.89617795,0.93997574,0.9453106,0.898761,0.904467,0.9065176,0.9724404,0.9522295,0.9998167,0.9357322,0.9543295,0.9677573,0.95064497,0.91631573,0.88377595,0.95119673,0.90887284,0.91858226,0.92983484,0.93852496,0.95655423,0.91938275,0.9290836,0.92721206,0.93102574,0.9519052,0.9415322,0.92465466,0.9143487,0.91754127,0.909765,0.969693,0.93186384,0.9057837,0.93726444,0.94710726,0.8974472,0.9529394,0.94075644,0.90505403,0.95828754,0.96310675,0.9628616,0.94913757,0.92192,0.9171928,0.9296625,0.9470005,0.9511533,0.9389123,0.9069662,0.9614193,0.93066686,0.92000383,0.94691813,0.9684491,0.94219655,0.94680303,0.8962719,0.93378776,0.9597162,0.9776966,0.94755185,0.91614527,0.91601926,0.94335616,0.95476824,0.8915781,0.9009451,0.96357197,0.9243627,0.93511784,0.92612535,0.89937925,0.9467212,0.9142253,0.92017746,0.9397678,0.92316264,0.93937176,0.9072736,0.9333365,0.9117852,0.94303983,0.9295883,0.9494733,0.96670693,0.9301061,0.9389828,0.9582726,0.92492694,0.9487494,0.905561,0.9112853,0.9691047,0.9578991,0.9201202,0.9544377,0.9390019,0.9199389,0.89597595,0.9787974,0.9405707,0.97488505,0.9081339,0.93250304,0.95646745,0.9427456,0.9429745,0.9360429,0.92946875,0.9365613,0.92067766,0.90589964,0.9305676,0.94808394,0.93731254,0.9007677,0.9364543,0.96181524,0.9257791,0.94369644,0.90208584,0.90357107,0.9209008,0.97343683,0.9884427,0.89434075,0.9088507,0.95254874,0.90232056,0.9410571,0.9606922,0.9587823,0.9314956,0.95209247,0.9235207,0.9258082,0.9180901,0.93128973,0.9143505,0.94627094,0.92472917,0.91330916,0.88782686,0.9093761,0.90187544,0.9452577,0.96585333,0.94543284,0.92686033,0.93729204,0.9554296,0.9261576,0.9665261,0.9187366,0.9836354,0.9824851,0.8915344,0.924925,0.95860374,0.98742044,0.91443413,0.94905883,0.9474223,0.9415835,0.93873847,0.94074124,0.86782247,0.95783246,0.9623198,0.95458883,0.9559593,0.91584116,0.93116486,0.943843,0.87765384,0.9491201,0.92290336,0.9333318,0.8876998,0.94474643,0.9297471,0.9279569,0.9396036,0.9045702,0.9186951,0.9377479,0.92883587,0.88463056,0.9578486,0.9582178,0.923815,0.9128034,0.9448882,0.9340699,0.8940653,0.9476291,0.9504659,0.9428555,0.9307451,0.9330498,0.94028425,0.91864425,0.92071605,0.9151365,0.94539744,0.9543338,0.91494006,0.9310896,0.93750185,0.9321112,0.9173335,0.8962597,0.9006251,0.96985567,0.957199,0.9216994,0.94564295,1.0031941,0.9323174,0.8811274,0.9339558,0.9430875,0.9357441,0.88346934,0.93383825,0.9222679,0.92039627,0.9406688,0.913015,0.93357456,0.9328319,0.91024697,0.942909,0.9165253,0.89699167,0.948539,0.95769185,0.9855016,0.9423011,0.9634148,0.91632986,0.9132091,0.91815597,0.93274915,0.9646355,0.93355423,0.8984635,0.90035933,0.95272326,0.9002381,0.9483456,0.90764314,0.904915,0.9586732,0.94193166,0.93578154,0.8997812,0.9276956,0.9521446,0.94745904,0.9570147,0.9008314,0.98679674,0.9676736,0.9460118,0.9513042,0.90778893,0.94737095,0.93780255,0.90523666,0.91953677,0.9116454,0.94714755,0.89473504,0.9499661,0.9337356,0.9421577,0.9534258,0.9137756,0.8969116,0.94394505,0.92146873,0.9241302,0.9216031,0.9436327,0.9264388,0.9047632,0.93355817,0.88396066,0.9215247,0.9009457,0.95328647,0.96556383,0.9297929,0.91510403,0.94014055,0.9230649,0.959952,0.91428983,0.94811904,0.9046151,0.9415968,0.94990265,0.9485992,0.8949054,0.9255314,0.9854294,0.94071406,0.8986857,0.91182935,0.9651009,0.94383025,0.9536575,0.94708145,0.91141975,0.92288625,0.9625288,0.89434296,0.89446634,0.9226668,0.93991375,0.95575374,0.9872005,0.94069403,0.98573494,0.91883945,0.94055474,0.91997105,0.9397428,0.8876866,0.9536711,0.9351566,0.92900145,0.94684523,0.90200925,0.9365541,0.95381415,0.94034076,0.937729,0.9042035,0.91438514,0.93090606,0.93240494,0.9374366,0.95253575,0.90284705,0.95051455,0.90305334,0.9413484,0.94588375,0.9258573,0.93733525,0.9747019,0.92163044,0.91422695,0.92053884,0.91079056,0.9425057,0.9261378,0.91706795,0.90185934,0.93466616,0.94752365,0.91265976,0.921973,0.9692146,0.92615634,0.91505575,0.94789654,0.9107174,0.931648,0.9401736,0.9138556,0.93691605,0.9052581,0.95430315,0.92939746,0.9228256,0.918703,0.89558405,0.89406717,0.921896,0.9159929,0.9408209,0.9017376,0.9275448,0.9356562,0.9120236,0.91416025,0.9354836,0.9780083,0.9180478,0.9601923,0.9306542,0.8879022,0.9292727,0.9220303,0.9289319,0.9373313,0.8763077,0.94582856,0.94451475,0.94581705,0.9603294,0.95047474,0.9365827,0.9499582,0.9382242,0.9169346,0.93167496,0.93789816,0.94572103,0.9409748,0.91831577,0.94545853,0.9424407,0.91862416,0.94080967,0.93929565,0.9447181,0.9520773,0.9219374,0.9195538,0.94426244,0.9140604,0.90829754,0.9177084,0.90525734,0.9343734,0.9389734,0.9399038,0.8711453,0.94887197,0.9448154,0.95223504,0.88182616,0.9386208,0.946077,0.9281785,0.9355823,0.9288386,0.89863354,0.94399285,0.9388967,0.9286804,0.92688286,0.9119788,0.86649084,0.96231383,0.9047128,0.92351794,0.92574686,0.919075,0.90053165,0.91786397,0.9723084,0.91676545,0.93652314,0.8782431,0.89722306,0.93644315,0.94216824,0.9494825,0.9084822,0.909832,0.9112953,0.918097,0.91788656,0.93781024,0.8951478,0.90882254,0.9044651,0.9479892,0.95872843,0.9269372,0.9495591,0.931062,0.93083745,0.92801696,0.91934025,0.9407655,0.8983863,0.9061908,0.9370039,0.9213362,0.9304628,0.96082425,0.95893174,0.95190674,0.94514924,0.96037424,0.95770824,0.94734216,0.9451333,0.95814776,0.9660251,0.94191104,0.93425065,0.9323356,0.9068339,0.90840566,0.9222182,0.92726916,0.9527652,0.93701994,0.9554329,0.9260436,0.9516043,0.9542093,0.90289253,0.90115774,0.97120166,0.93840003,0.8971913,0.9815012,0.91247797,0.9554559,0.9590069,0.9366496,0.9515448,0.89867115,0.9291007,0.89291143,0.93174565,0.8704479,0.9404897,0.9088574,0.94718385,0.946502,0.9329419,0.89606655,0.9668772,0.8665417,0.9498299,0.9626244,0.92740524,0.9644528,0.94059694,0.9227441,0.8950526,0.9086208,0.91700876,0.92185885,0.97261876,0.937253,0.9227301,0.9537403,0.9631462,0.97700286,0.9567004,0.93501645,0.9627199,0.95438164,0.92093855,0.9802889,0.9199003,0.9130535,0.9161484,0.9051577,0.90639997,0.9394948,0.8997727,0.9385855,0.9433845,0.93158275,0.94715184,0.9520955,0.929397,0.9292892,0.9523264,0.8993668,0.98140883,0.90808654,0.93963695,0.9186214,0.91167015,0.950031,0.9052257,0.91297853,0.96917933,0.9139114,0.93409073,0.9081281,0.9050431,0.9298522,0.93913066,0.90437984,0.93057525,0.9276032,0.95827955,0.9230529,0.9586099,0.92393166,0.9239146,0.93140143,0.9253175,0.92808294,0.9214205,0.960999,0.9236809,0.95301867,0.950306,0.9404324,0.9154467,0.9630762,0.93454754,0.9555234,0.9667224,0.92272556,0.92715484,0.9523914,1.0100687,0.94003916,0.91147494,0.8992536,0.9491441,0.8941758,0.9118289,0.9384707,0.92898595,0.9398977,0.9612376,0.9085461,0.8733896,0.9094972,0.91911834,0.9063296,0.9352009,0.92679435,0.93211585,0.9173583,0.9151956,0.9375734,0.962977,0.91810143,0.94708425,0.9448359,0.964211,0.91065305,0.93225366,0.93043363,0.9653325,0.9267317,0.96081483,0.90098333,0.8845837,0.9145892,0.9336657,0.9182222,0.92127806,0.9302087,0.94071794,0.9563037,0.8680677,0.90848243,0.919068,0.93665105,0.9532801,0.9274954,0.9402703,0.923939,0.96387255,0.9375639,0.92862254,0.9407079,0.91502064,0.88823885,0.9767522,0.9373125,0.9494161,0.9082293,0.93198085,0.92195123,0.9210428,0.984116,0.92178905,0.9488038,0.90803206,0.89845914,0.9199046,0.95943195,0.8808035,0.90793467,0.9342197,0.9407231,0.9213888,0.9520817,0.9720055,0.88488245,0.9043173,0.9192264,0.9228206,0.907865,0.9301932,0.87762845,0.97582996,0.91504943,0.90932935,0.91986555,0.92249286,0.9542587,0.932499,0.94086784,0.96452415,0.93912816,0.9357948,0.9584098,0.94211197,0.90652555,0.9157698,0.9624929,0.93017185,0.9262246,0.9214521,0.8984473,0.91383976,0.9783321,0.935736,0.91383463,0.95419294,0.9083275,0.9552449,0.9361368,0.8887945,0.9214564,0.92798066,0.91301465,0.9067346,0.91737825,1.0139786,0.9288477,0.9120661,0.9031734,0.9668677,0.9101872,0.9418899,0.92555416,0.94596446,0.9291347,0.90249467,0.9464616,0.94378126,0.9342085,0.9339104,0.93719333,0.9114645,0.94759345,0.93734545,0.93927914,0.923457,0.90313643,0.922143,0.8893043,0.9236589,0.95259386,0.8825676,0.8931056,0.9898765,0.92862517,0.93288624,0.9466827,0.92814636,0.969782,0.956072,0.9054319,0.9380147,0.9208203,0.96590316,0.9665149,0.9137153,0.9325935,0.92231405,0.9483794,0.9141076,0.9538838,0.9678401,0.90702873,0.93599194,0.9383387,0.9313252,0.93878144,0.92519027,0.94896156,0.9461834,0.9021178,0.9377751,1.0018483,0.9666889,0.9222281,0.9563756,0.95028037,0.9233235,0.9309523,0.91509223,0.9184084,0.9301195,0.9259894,0.92417246,0.96821547,0.9343269,0.92923015,0.9001335,0.88618755,0.9226751,0.94238186,0.9100919,0.93816626,0.90501547,0.9185887,0.9756597,0.89756155,0.9282767,0.9321758,0.929877,0.9157414,0.9332113,0.9236251,0.92438364,0.9229721,0.8700901,0.94405866,0.9333924,0.8985566,0.90470564,0.9120003,0.91951644,0.95725745,0.92445767,0.946911,0.93738973,0.9052451,0.92703694,0.918802,0.9157009,0.9906288,0.9361206,0.9757962,0.93231404,0.96235675,0.9538538,0.95350987,0.9480128,0.9284129,0.9360936,0.9749402,0.9409394,0.95027196,0.92460513,0.93817616,0.93689775,0.9375865,0.9244293,0.9045125,0.94994795,0.9113295,0.92090356,0.88679767,0.9882939,0.9060904,0.97954035,0.99204695,0.9191197,0.967981,0.9261961,0.9187404,0.936734,0.9149704,0.9688771,0.89034927,0.98019147,0.9035814,0.96838284,0.90358853,0.921125,0.92283237,0.8953094,0.94228935,0.92003155,0.9502405,0.9287172,0.92984295,0.9506663,0.9162098,0.93867964,0.90590024,0.9517084,0.90157664,0.9264903,0.91035354,0.9662334,0.9505126,0.95884514,0.97529143,0.94505364,0.9793469,0.9053601,0.9105481,0.9151611,0.9714687,0.88582695,0.9214314,1.0026456,0.95226675,0.9442012,0.93494356,0.89524144,0.9277551,0.9527573,0.9268619,0.893431,0.946269,0.9628384,0.93796206,0.9549645,0.9287283,0.93141,0.90770334,0.9596138,0.91503775,0.9414224,0.9212269,0.9308798,0.9648475,0.949478,0.9430393,0.9439907,0.9191334,0.9157845,0.94420093,0.9169065,0.95596933,1.0015576,0.92557263,0.9382255,0.9049388,0.95500964,0.9176229,0.9188983,0.9355702,0.93107295,0.9214907,0.87830436,0.9090683,0.92578876,0.95599234,0.94104904,0.93636113,0.95638454,0.92213833,0.9545591,0.9487203,0.93873817,0.9011301,0.9435363,0.9489753,0.95891386,0.91657066,0.9090557,0.9847317,0.89250755,0.936772,0.9234551,0.91121817,0.92926794,0.9153153,0.9163358,0.93718076,0.9437901,0.92078424,0.97385365,0.9200485,0.9392182,0.92416877,0.8665607,0.93291676,0.936882,0.953945,0.96557975
1.2931496,1.3110459,1.2852944,1.2329594,1.2332466,1.287302,1.2759019,1.2538928,1.3082367,1.2561555,1.2869661,1.279184,1.2683576,1.2703466,1.2769201,1.2750344,1.2911546,1.2571073,1.2794858,1.2507483,1.2608694,1.2957169,1.3143203,1.2912831,1.272358,1.2481751,1.2646714,1.3012116,1.343499,1.2703825,1.2742605,1.2963374,1.2706809,1.2876861,1.2736237,1.3158499,1.2990983,1.3287125,1.2790824,1.2493242,1.2992533,1.272721,1.3050601,1.2755613,1.2954634,1.2617791,1.2746979,1.2370493,1.2713021,1.2897072,1.2778215,1.3114306,1.248487,1.3113923,1.2785332,1.2684556,1.2639774,1.2774684,1.2956953,1.283451,1.2496675,1.2660848,1.2801527,1.2917392,1.2744876,1.2942623,1.3151519,1.3062637,1.2746203,1.2754958,1.2677617,1.3166072,1.2827803,1.2703605,1.2633271,1.2778131,1.2834378,1.3027021,1.2242947,1.2677444,1.2875054,1.2752116,1.2963616,1.2672472,1.2725981,1.2820961,1.2850754,1.2883246,1.2786992,1.3111414,1.2749934,1.2603474,1.2601016,1.2247915,1.2374728,1.2317213,1.2668241,1.2516325,1.2781708,1.2594783,1.2734063,1.282092,1.2252009,1.2811399,1.2723062,1.2832947,1.322618,1.3084143,1.2632605,1.2906035,1.2873559,1.3292371,1.27796,1.3232013,1.2818148,1.3051734,1.2984954,1.2892903,1.2531234,1.2601895,1.2580898,1.2948564,1.2399232,1.2948724,1.2650229,1.2676525,1.2466724,1.3093479,1.2616816,1.3043476,1.2663534,1.292856,1.2909406,1.2554076,1.294836,1.2619332,1.2752483,1.3087057,1.2313734,1.3435222,1.2348408,1.2843645,1.2586881,1.2940212,1.2818377,1.2829254,1.3212397,1.2555727,1.3124439,1.2405965,1.2845211,1.2487377,1.2625737,1.3099426,1.2835345,1.3110073,1.2701161,1.2362595,1.2784173,1.2809788,1.2725172,1.2597755,1.2437383,1.2983098,1.2755271,1.2680734,1.254204,1.2756299,1.2661835,1.3135078,1.256437,1.2557349,1.272164,1.320711,1.3418897,1.280369,1.287352,1.2892995,1.2296354,1.2502526,1.3035125,1.2777853,1.2476319,1.292883,1.2829077,1.277698,1.2787887,1.2786477,1.2376554,1.2808636,1.3073051,1.2870411,1.2746646,1.3008205,1.2808446,1.2630465,1.2161943,1.2857964,1.2963307,1.2631463,1.2680075,1.295586,1.2606515,1.3055882,1.2710876,1.2726033,1.2886877,1.2717433,1.2840228,1.2537283,1.2625574,1.3243316,1.299917,1.226447,1.2892964,1.2510105,1.2530462,1.2935721,1.2935098,1.2787083,1.2882792,1.2557706,1.2875392,1.2825084,1.2765357,1.2980449,1.3321213,1.3001219,1.3246354,1.265457,1.2529423,1.2633879,1.2679569,1.2469642,1.2644463,1.2807932,1.2870085,1.2541952,1.254792,1.246071,1.2534084,1.2910681,1.2742047,1.2703509,1.2577336,1.2295469,1.2290143,1.2470387,1.2469171,1.2120596,1.2381399,1.2981913,1.269679,1.2063853,1.2431587,1.2810794,1.2636557,1.2698491,1.2991943,1.297395,1.3029242,1.3165797,1.2312012,1.2826321,1.3034496,1.2898322,1.3020587,1.306051,1.2288142,1.25556,1.3007352,1.2708439,1.25924,1.2639468,1.2499751,1.2671995,1.2614764,1.3157195,1.2654865,1.268784,1.28404,1.3127936,1.3053958,1.2815816,1.260307,1.2868391,1.217896,1.2973163,1.2635666,1.2966961,1.287899,1.2600256,1.2503409,1.2767682,1.2558845,1.2696025,1.2863199,1.2691773,1.259865,1.2836275,1.2553065,1.2831672,1.2628121,1.2630333,1.2903982,1.2372503,1.2628682,1.2616327,1.2971907,1.2704383,1.2439104,1.3111957,1.2692019,1.2707403,1.3048855,1.2942103,1.2774093,1.2735461,1.3095093,1.2793452,1.247036,1.2492311,1.2757864,1.2564986,1.2855209,1.2980729,1.2387172,1.2560827,1.3132606,1.2868204,1.2782675,1.2452424,1.2649735,1.2652929,1.2923499,1.3030833,1.234828,1.3089212,1.282671,1.2606797,1.2257808,1.2592623,1.2888625,1.2862706,1.3377903,1.2589326,1.2432657,1.2429949,1.292166,1.2897128,1.2570586,1.2573413,1.283803,1.2765316,1.2565951,1.2666196,1.258817,1.3073362,1.3094873,1.2836906,1.256744,1.3232769,1.296112,1.2866884,1.270948,1.2838295,1.2958102,1.2575772,1.2966243,1.2298164,1.2892468,1.2854301,1.2877644,1.2723962,1.2750251,1.2818302,1.2813823,1.2609766,1.2683595,1.2672931,1.2810302,1.311467,1.2634187,1.2761315,1.2325213,1.2322961,1.2317889,1.295042,1.2557743,1.3333611,1.2815893,1.2914351,1.3323703,1.2461731,1.2736121,1.2580838,1.2613626,1.2915374,1.2560139,1.2966729,1.2702708,1.2920549,1.2443632,1.2694993,1.2277582,1.2604973,1.2859862,1.2819593,1.2892773,1.2459714,1.2964965,1.2516534,1.2945817,1.2877213,1.3492035,1.2918699,1.2833071,1.2600298,1.2829086,1.2677916,1.2646059,1.2570856,1.2333336,1.3058273,1.2292421,1.2972586,1.270979,1.3084854,1.281341,1.2723701,1.2574548,1.280212,1.2893765,1.2849213,1.2802194,1.3200581,1.3010064,1.2481672,1.2456659,1.2568887,1.2798773,1.3092234,1.2710354,1.2546846,1.3038311,1.2399341,1.2985946,1.2616185,1.3054255,1.2750864,1.3089707,1.2980762,1.26189,1.2669683,1.291137,1.304001,1.2549794,1.2239032,1.2303394,1.2930282,1.2637064,1.2789326,1.2616501,1.2875,1.2568492,1.2653987,1.2837534,1.2686213,1.3116429,1.2410586,1.2917185,1.26002,1.2725912,1.2859254,1.2841372,1.2742622,1.306213,1.2961099,1.2661763,1.2279234,1.2865032,1.2695292,1.2674941,1.2706704,1.2530485,1.2673829,1.2700477,1.2525748,1.2967352,1.2742285,1.2810632,1.2524505,1.2771609,1.2295794,1.2556524,1.2778099,1.2592095,1.27106,1.2584984,1.2540119,1.2463555,1.2609895,1.2440623,1.2394776,1.2850246,1.3086749,1.3042932,1.2976568,1.2938447,1.2640756,1.2423304,1.252589,1.2757473,1.2552563,1.2859795,1.237792,1.2646381,1.2830396,1.3126904,1.2829511,1.2969615,1.2738609,1.2377383,1.21871,1.2842007,1.2587384,1.2668616,1.3173221,1.2498084,1.3125048,1.2750502,1.2767358,1.2544112,1.3339539,1.2886338,1.2886587,1.2964559,1.2880386,1.3179475,1.331336,1.2431325,1.280498,1.2791055,1.2669466,1.3307182,1.2580281,1.2413833,1.2791198,1.2519509,1.320883,1.3424654,1.2830919,1.2363085,1.3200634,1.266528,1.3133693,1.2727708,1.2831309,1.2977678,1.2936704,1.2570145,1.3001331,1.2725308,1.2733489,1.2507774,1.3333251,1.2978646,1.2462876,1.2739899,1.3041251,1.2859982,1.3016254,1.2705474,1.2819133,1.2444612,1.260742,1.2945027,1.2915384,1.2371529,1.2811904,1.2329303,1.2604203,1.2435106,1.3046131,1.3246312,1.2799742,1.276338,1.2573364,1.2955631,1.2491745,1.2836403,1.294417,1.3029566,1.2859014,1.2606264,1.2653326,1.2786287,1.2947805,1.2825204,1.2645389,1.2482097,1.2818829,1.2357527,1.3236896,1.2454357,1.2972839,1.3057824,1.2054343,1.2368659,1.2788684,1.3062742,1.2766653,1.2470372,1.2777578,1.2675346,1.3002739,1.2408156,1.2776556,1.3122189,1.2893634,1.287234,1.257689,1.326552,1.2562225,1.2787298,1.3111107,1.2684066,1.2455662,1.3015194,1.2822839,1.3020502,1.2621449,1.2983692,1.312385,1.2774687,1.2672521,1.2495687,1.2805858,1.2709908,1.2419695,1.3216076,1.3074945,1.2426454,1.3075808,1.2922753,1.258739,1.2493453,1.2860063,1.2883127,1.3045646,1.2633498,1.271039,1.2819172,1.2799227,1.3097038,1.3108758,1.282615,1.3160186,1.2857413,1.2593447,1.2363203,1.3012488,1.2969215,1.3000917,1.2835054,1.3002665,1.2208565,1.2653773,1.2728902,1.2812563,1.2859002,1.290103,1.2673979,1.2968496,1.2671552,1.2493044,1.2732636,1.2935506,1.2347779,1.315127,1.3059577,1.3084611,1.2649176,1.3366381,1.3034596,1.290695,1.2735181,1.285686,1.2985058,1.2769778,1.2923635,1.241717,1.264123,1.3011376,1.2558959,1.2807543,1.3039668,1.2654718,1.270184,1.2632027,1.2731729,1.2806206,1.2645096,1.2992376,1.2418488,1.3187511,1.2905881,1.242395,1.2768414,1.2754625,1.2621683,1.3191398,1.2965153,1.2524292,1.2360713,1.2668626,1.247996,1.3355869,1.2420076,1.2556164,1.243111,1.2785012,1.285953,1.291191,1.2983645,1.3109641,1.2777026,1.2699912,1.2985538,1.2653735,1.2303002,1.2970556,1.2601372,1.3008298,1.2667098,1.2402338,1.2506163,1.2612147,1.2803937,1.2936406,1.2960459,1.2759141,1.2700733,1.3116916,1.3111789,1.2424948,1.3155832,1.262467,1.2884073,1.2706394,1.2574114,1.2932029,1.2994076,1.2751307,1.264525,1.2592746,1.2122477,1.2491479,1.2711552,1.2758902,1.2752575,1.2723794,1.2800279,1.3061466,1.3140175,1.285506,1.257555,1.2286335,1.2975112,1.3088245,1.2423686,1.3197367,1.2671438,1.2429199,1.315535,1.297711,1.2522761,1.3157173,1.2704935,1.2973794,1.291019,1.2729521,1.2901502,1.2710111,1.2981304,1.2822185,1.289116,1.250066,1.2386669,1.2860844,1.2897918,1.2503159,1.2700812,1.2753319,1.2373277,1.2935477,1.276868,1.2965146,1.2329502,1.2653244,1.2818246,1.2487521,1.2749606,1.255075,1.3355484,1.2414607,1.254315,1.311959,1.2897607,1.2737703,1.2275912,1.3255486,1.2826362,1.3003945,1.2904831,1.2437232,1.2679818,1.2814624,1.2991666,1.2863519,1.2892404,1.304146,1.2824416,1.2641006,1.2476614,1.2628331,1.330668,1.2662455,1.2981284,1.2677982,1.2637706,1.3251446,1.2329271,1.2974322,1.2779799,1.2417477,1.2491378,1.2769847,1.2421432,1.2789687,1.257123,1.2426273,1.3071647,1.2900364,1.2587366,1.2959003,1.2581575,1.2813356,1.2758234,1.28113,1.2332579,1.2159789,1.2674547,1.2639575,1.2767519,1.2975235,1.3087401,1.2443031,1.278266,1.2865978,1.2960455,1.3086233,1.2732452,1.2731131,1.2902099,1.2720627,1.274081,1.255729,1.2535317,1.3123074,1.2687101,1.2701166,1.2566103,1.2238418,1.3195815,1.2729917,1.2914534,1.2627448,1.263331,1.2664778,1.2611827,1.2793903,1.3006983,1.2561681,1.2923083,1.2827978,1.2434969,1.2618628,1.2595516,1.2900652,1.285785,1.2869374,1.2965094,1.2969015,1.265201,1.2823545,1.3000805,1.2926099,1.2487587,1.3222408,1.2995764,1.2839695,1.2813383,1.3039116,1.2809919,1.3229697,1.2944833,1.2492127,1.2573124,1.2706801,1.282454,1.2815647,1.2991604,1.3010644,1.3219395,1.2594032,1.2789086,1.2163299,1.2678931,1.2602167,1.2864288,1.2521596,1.259517,1.2585707,1.2596704,1.2837088,1.2251345,1.2676512,1.2827209,1.2521881,1.2664576,1.2842185,1.3203896,1.2916332,1.2519894,1.2913274,1.2949219,1.2879186,1.2702893,1.2552207,1.2576116,1.2606106,1.2562557,1.2710774,1.3268139,1.2660686,1.3287113,1.2411945,1.2809823,1.2666628,1.3020346,1.2735184,1.2921687,1.2732956,1.319875,1.2551852,1.2809874,1.2524805,1.2685289,1.2805864,1.2922812,1.276896,1.2760996,1.2857754,1.24857,1.2444016,1.3055806,1.3151472,1.2901182,1.247204,1.2787346,1.3282341,1.2731844,1.280229,1.2308726,1.2891779,1.2646273,1.2882177,1.2677455,1.3057592,1.3057137,1.2599657,1.2836301,1.244667,1.2513809,1.2975515,1.2652962,1.2556864,1.2712188,1.2647876,1.253068,1.2643119,1.2459774,1.3165888,1.2590454,1.269979,1.2801589,1.3017585,1.2964872,1.3367786
1.4718999,1.4482185,1.4759439,1.4740198,1.4103253,1.4649774,1.4176128,1.4521581,1.4783263,1.4351432,1.4496607,1.4603621,1.4468015,1.4179993,1.4764775,1.4647424,1.4267193,1.4535317,1.4439449,1.4134845,1.412884,1.4160621,1.5010121,1.4498993,1.4594208,1.4253141,1.4501895,1.460788,1.5341676,1.4249525,1.4146013,1.4546919,1.4512002,1.4470038,1.4594598,1.465998,1.4575197,1.4690366,1.4808555,1.4406661,1.489754,1.4302845,1.4680362,1.45007,1.4353274,1.4381553,1.4473853,1.4587592,1.4601223,1.4436688,1.4774458,1.483386,1.4287183,1.4616863,1.4389188,1.4451882,1.433146,1.4652518,1.4443567,1.4598215,1.462544,1.4912171,1.4372716,1.4309393,1.468507,1.496042,1.4975078,1.4685272,1.4435251,1.4460251,1.4410852,1.4851068,1.4516623,1.4324746,1.4828441,1.4699917,1.4507542,1.4345335,1.4155412,1.4537516,1.4754854,1.4644027,1.4617978,1.4570246,1.4515074,1.4282203,1.4784191,1.4462396,1.4267713,1.456987,1.4369678,1.448079,1.3918152,1.4135171,1.460427,1.4254513,1.4549427,1.4135138,1.4545211,1.4304872,1.4721539,1.4458731,1.413718,1.4320008,1.4491677,1.4541101,1.4979457,1.4982371,1.4692836,1.4485554,1.428719,1.4949937,1.460052,1.455496,1.4556961,1.4886148,1.4471473,1.4855461,1.4501277,1.4327306,1.4130697,1.4707326,1.4467616,1.4770207,1.4253346,1.4512537,1.4586273,1.4685482,1.4582075,1.4862262,1.420365,1.453896,1.4419957,1.4217274,1.432135,1.4549997,1.4191258,1.4849914,1.4346381,1.4689218,1.3876319,1.446079,1.4291446,1.4742562,1.463174,1.4607637,1.4807506,1.4441617,1.463302,1.4390391,1.4471393,1.4487467,1.4579808,1.478295,1.4486163,1.4509943,1.4404664,1.4078076,1.4668944,1.4690338,1.4282284,1.458648,1.4362739,1.4649112,1.4522321,1.4405861,1.4221218,1.4040449,1.4657282,1.4701124,1.4440963,1.4558578,1.4960382,1.4801447,1.4785345,1.4667282,1.448495,1.4578171,1.3992838,1.4145768,1.4550396,1.4648108,1.4218808,1.4702585,1.453422,1.4523866,1.4603026,1.4742166,1.4260279,1.4592462,1.4893436,1.4857978,1.4757237,1.4838089,1.4597251,1.4783987,1.4287952,1.4354702,1.4210727,1.487359,1.4413726,1.4279937,1.4151137,1.4542612,1.465652,1.4879885,1.4533883,1.4426609,1.4628696,1.4366938,1.4613549,1.4522256,1.4597781,1.4651341,1.4242864,1.420119,1.4072404,1.4523531,1.490021,1.4702168,1.4613062,1.4400816,1.4413168,1.4280397,1.4790862,1.4805455,1.4801065,1.4787412,1.4705229,1.4150777,1.4380454,1.4562416,1.446435,1.4151917,1.4295931,1.4450389,1.4696292,1.4152322,1.4346286,1.4052534,1.4690342,1.4900082,1.462542,1.4436754,1.4288204,1.4278916,1.4178485,1.4181992,1.4471943,1.4225653,1.4366543,1.4403666,1.445074,1.4017882,1.4458398,1.4335442,1.4128299,1.4783205,1.4370224,1.4641824,1.4669459,1.4596901,1.4230309,1.4594519,1.4648898,1.4410592,1.4516692,1.4659663,1.3848569,1.4350423,1.4570845,1.4260769,1.4207366,1.4135149,1.4240984,1.4657571,1.4102267,1.420701,1.4224147,1.4088162,1.4332689,1.4942406,1.4596399,1.4198048,1.4245704,1.461684,1.4384564,1.4398862,1.4457072,1.4734957,1.422223,1.4042281,1.4683696,1.4794204,1.4563953,1.4425688,1.4908253,1.4638009,1.4374436,1.452377,1.4435704,1.4484608,1.4446708,1.4409292,1.4355656,1.4462143,1.4780158,1.4395037,1.4265245,1.4410247,1.4216977,1.4712956,1.4609549,1.421289,1.458817,1.4750923,1.4416268,1.4617516,1.4411824,1.4271469,1.4072561,1.4635259,1.4703964,1.4435085,1.4787277,1.46533,1.4214873,1.4307376,1.450999,1.4786637,1.4698341,1.4180939,1.449428,1.4410723,1.4681773,1.4743669,1.4490075,1.4774193,1.4878432,1.4042255,1.41786,1.4223441,1.4481766,1.4494689,1.5303223,1.4545937,1.4355109,1.4181211,1.4552001,1.4446915,1.4411904,1.4488459,1.434246,1.4506607,1.427665,1.4922893,1.4782333,1.4865786,1.442341,1.4428093,1.4298337,1.45709,1.4731019,1.4546919,1.4298605,1.4435096,1.4793035,1.4305565,1.4448301,1.4033383,1.4968665,1.450921,1.4532804,1.4704682,1.470372,1.4441717,1.443896,1.429471,1.4279517,1.4230409,1.4229766,1.467068,1.4268167,1.458781,1.4384875,1.3772961,1.399136,1.4712766,1.3989787,1.492695,1.4897596,1.451325,1.4665905,1.4341733,1.4397768,1.4527963,1.4183967,1.4427004,1.4292041,1.4318764,1.4226403,1.4231665,1.417474,1.4808741,1.4235512,1.4188923,1.4011639,1.4732481,1.4630672,1.3872168,1.4733034,1.4181745,1.4891973,1.4290335,1.4841193,1.4398627,1.4846692,1.4338533,1.4508065,1.4448855,1.4537631,1.4355259,1.4743309,1.4517329,1.4357611,1.4695184,1.4468093,1.4432524,1.4608748,1.4420317,1.4187614,1.4797257,1.4651439,1.4646837,1.4242029,1.4703578,1.4849249,1.4562032,1.4407605,1.4403243,1.4582525,1.4473871,1.4577934,1.399326,1.4715753,1.4287,1.4260085,1.4677763,1.4936953,1.472101,1.4459654,1.4899268,1.4363973,1.4220662,1.4436281,1.4640999,1.4297775,1.4117248,1.4163691,1.4551252,1.4706028,1.4666699,1.4420853,1.4467139,1.4364762,1.3979148,1.4737643,1.4652606,1.4941449,1.4545501,1.4572592,1.4422382,1.4838351,1.4522564,1.435867,1.4452281,1.4733142,1.4613663,1.435623,1.4280204,1.4329438,1.4532499,1.431877,1.4448875,1.4160519,1.443372,1.4331533,1.480953,1.4753416,1.4566131,1.4320593,1.4593873,1.4591295,1.4093533,1.4303204,1.4634032,1.4312025,1.4234753,1.4047985,1.4206091,1.4054618,1.481999,1.4549195,1.3888612,1.4163573,1.4479206,1.5049948,1.4438529,1.4730752,1.4763874,1.4160069,1.3979435,1.4829038,1.4319329,1.4579574,1.4311454,1.4501082,1.4640797,1.4853606,1.4508516,1.4496052,1.4511329,1.4350243,1.4046384,1.4291872,1.457565,1.4522836,1.4718547,1.4089932,1.4471703,1.4368508,1.4527794,1.4092942,1.4797175,1.4725637,1.4592991,1.5217929,1.4935472,1.50835,1.4767467,1.4252119,1.4561487,1.4304227,1.4361217,1.4198105,1.4221389,1.4021446,1.4734946,1.4123024,1.4284178,1.4848429,1.4580278,1.3835876,1.468323,1.4409759,1.4896783,1.4457886,1.4444801,1.441929,1.4467188,1.3983924,1.4417909,1.448119,1.4321661,1.4497111,1.4875035,1.4538112,1.423131,1.4869871,1.4684114,1.4746639,1.4738858,1.3901304,1.4557931,1.4529938,1.4292679,1.4625714,1.4436271,1.4030765,1.4392109,1.4322355,1.4423751,1.4445606,1.4646962,1.4989297,1.4808109,1.4236696,1.432243,1.4177611,1.4519737,1.4584805,1.4457505,1.4453547,1.4689798,1.4114189,1.4357625,1.4763694,1.4583577,1.3938992,1.396127,1.4691182,1.4803362,1.4131193,1.4800833,1.4215391,1.452829,1.4777504,1.4201442,1.3861831,1.4342561,1.4475498,1.4553586,1.4271994,1.5146087,1.4391363,1.4868139,1.3877218,1.4585193,1.4474926,1.457135,1.4613508,1.4410176,1.4658599,1.4504653,1.4462857,1.4438318,1.4499918,1.4269292,1.4414698,1.4851352,1.4689789,1.4519262,1.4769648,1.4783986,1.4168123,1.4386743,1.4509822,1.4399222,1.4399277,1.4053444,1.4398824,1.4741739,1.4471116,1.4670157,1.462423,1.4100996,1.408927,1.4678427,1.5126227,1.4549162,1.4130778,1.4398445,1.4530933,1.4337907,1.4783255,1.4589437,1.4696542,1.4976875,1.4455692,1.440023,1.4559938,1.4623344,1.4928123,1.4950769,1.4351091,1.4707574,1.4521797,1.4582059,1.4857627,1.4751741,1.4466535,1.4345756,1.4319106,1.4486362,1.4456847,1.4236912,1.4627918,1.4752482,1.4344338,1.4779028,1.4896086,1.4757296,1.4460253,1.4844202,1.478851,1.5029739,1.4714186,1.4591622,1.4403113,1.458359,1.435767,1.4586937,1.4474082,1.4405755,1.4926909,1.4462076,1.4534887,1.4274961,1.4532857,1.4058775,1.4496202,1.4598494,1.4525043,1.454655,1.3918834,1.4626896,1.4583741,1.4160244,1.4941117,1.4723179,1.4268173,1.4519277,1.4615481,1.4676441,1.4333769,1.4301627,1.4222579,1.4937313,1.4167007,1.4274329,1.4342586,1.4464936,1.4711751,1.4386476,1.4650887,1.468198,1.4010416,1.4567167,1.4540035,1.4219439,1.416904,1.4306723,1.4344152,1.4587929,1.4216291,1.4191802,1.441585,1.4210217,1.4422555,1.4463077,1.496983,1.4396029,1.4289298,1.4264381,1.4706789,1.3866794,1.4658052,1.4424924,1.4688964,1.4397017,1.4802138,1.4650846,1.4576237,1.4361657,1.4418197,1.4329835,1.4235862,1.4258807,1.4622937,1.4537479,1.4278594,1.4467596,1.476034,1.4425763,1.4789978,1.4735337,1.4534636,1.4095225,1.4664155,1.5095435,1.441939,1.4907552,1.4460696,1.3959601,1.4464759,1.4684042,1.401709,1.4681376,1.4237511,1.4723941,1.4980592,1.4346348,1.452059,1.4133878,1.4338841,1.4870884,1.4123758,1.443683,1.4386003,1.482883,1.4756284,1.4347627,1.4365574,1.4179752,1.4108185,1.4649712,1.4979721,1.469881,1.4142078,1.456948,1.4655268,1.4440179,1.4422877,1.4453452,1.4895004,1.4042798,1.4379189,1.4666879,1.4532309,1.4594761,1.42739,1.5080492,1.4531926,1.4718451,1.4612727,1.4206347,1.4807532,1.4400395,1.476668,1.4759983,1.4422957,1.4598341,1.4360576,1.4183733,1.456661,1.4549655,1.4632422,1.3972088,1.461781,1.4172956,1.4574974,1.5038404,1.3962344,1.454759,1.4348972,1.4300021,1.4245929,1.4164715,1.4214114,1.4251401,1.4301784,1.4642178,1.4724694,1.4525942,1.4383744,1.4615737,1.4202238,1.4416337,1.4297655,1.4413757,1.4494989,1.4348395,1.4498376,1.4703554,1.461226,1.4397463,1.4687835,1.4152514,1.465316,1.4922392,1.4862795,1.4847317,1.491198,1.4721675,1.511956,1.4486215,1.4672315,1.4237256,1.4013892,1.4621258,1.4432842,1.4480418,1.4322162,1.4261531,1.4526287,1.4703215,1.4345548,1.464546,1.4319334,1.442804,1.4071939,1.4342607,1.4771472,1.4501084,1.4568547,1.4605892,1.4318659,1.4185305,1.3995554,1.4370054,1.4581492,1.4586817,1.4434791,1.4758234,1.3964033,1.4535495,1.4651722,1.45979,1.4262218,1.4743593,1.4819189,1.4564179,1.45435,1.4794797,1.4293972,1.458071,1.415563,1.4716482,1.4273157,1.4426084,1.4485636,1.4502413,1.468118,1.4569868,1.4607539,1.4666322,1.4401355,1.4063482,1.4304463,1.4476789,1.4420521,1.4516025,1.4456806,1.4506599,1.4379647,1.4866933,1.392413,1.4813621,1.4332551,1.43186,1.4763381,1.4537451,1.4477676,1.4918382,1.4486432,1.4765292,1.4548599,1.4393693,1.4455287,1.4417696,1.454378,1.4280925,1.4710985,1.4130504,1.4754695,1.4129441,1.4808706,1.4264765,1.4286795,1.4516852,1.4890724,1.4566505,1.5270338,1.4681815,1.4929004,1.4417088,1.4549797,1.4370966,1.4260424,1.4367421,1.4604506,1.5151219,1.4197327,1.4286234,1.4031279,1.4320804,1.4782879,1.4437665,1.4401059,1.4070163,1.4617965,1.4623669,1.4438835,1.4359376,1.4085834,1.5013387,1.4566585,1.4544426,1.4385171,1.440605,1.4774854,1.4727808,1.4518771,1.4336529,1.4154466,1.4917489,1.4537859,1.426231,1.4643617,1.4267749,1.4169837,1.4824687,1.4919784,1.4837874,1.4297806,1.4307878,1.4740425,1.4886923,1.4592437,1.4817768
0.47965935,0.5004263,0.51996195,0.5371044,0.5320621,0.52374005,0.5061674,0.510747,0.52299976,0.48372045,0.525364,0.47140723,0.5371178,0.5197131,0.529071,0.5239645,0.4660794,0.49174273,0.5068532,0.4852339,0.5107591,0.48702097,0.48609748,0.48315358,0.5203926,0.4903583,0.50182956,0.49855208,0.5059973,0.47461253,0.47048128,0.52289593,0.5190724,0.52246475,0.5071926,0.514137,0.4681548,0.48498967,0.48936045,0.48121443,0.50058794,0.4806246,0.5214268,0.5117271,0.47746378,0.5164567,0.4914253,0.5132903,0.52029186,0.4543221,0.51101035,0.4795148,0.46787834,0.5233332,0.45089573,0.49619797,0.51098764,0.5278592,0.5030837,0.50379854,0.52347106,0.47750717,0.5322448,0.52155566,0.5307406,0.4692879,0.48743898,0.54954094,0.5247656,0.4975466,0.5406498,0.5028951,0.50014293,0.5184811,0.5548351,0.4998091,0.46498144,0.47674063,0.52065504,0.47962627,0.5279539,0.5426823,0.5574157,0.49758735,0.47403967,0.53636,0.5342153,0.44848052,0.4941412,0.52503204,0.50285655,0.4637769,0.4748969,0.45734248,0.49992368,0.4990397,0.51035064,0.52862525,0.50426364,0.5041634,0.48247123,0.49682376,0.50212,0.4848611,0.46010458,0.5171949,0.57975626,0.48865086,0.4822424,0.51375204,0.48805854,0.49235663,0.4763732,0.48225594,0.4782406,0.518541,0.5149696,0.52535534,0.4939351,0.47960642,0.5028292,0.521982,0.49721467,0.5376781,0.48608893,0.53023463,0.5476825,0.4720578,0.49416077,0.48523602,0.51890785,0.48289666,0.4693174,0.48068577,0.45488152,0.5132823,0.49559468,0.48292714,0.4835235,0.5325187,0.50254285,0.5253667,0.50053847,0.50398445,0.49405754,0.5371689,0.5022736,0.48986605,0.45885304,0.5002477,0.49222702,0.5028718,0.50094485,0.50114006,0.53531665,0.50993437,0.4674682,0.49187303,0.48098078,0.4843498,0.50643605,0.50254875,0.51165247,0.50537807,0.5129806,0.49304324,0.47106206,0.48260653,0.52330405,0.5240766,0.53501135,0.4844558,0.52642685,0.5306071,0.49488205,0.50252116,0.5010853,0.50008833,0.5080121,0.5158819,0.5211571,0.51113856,0.52178574,0.5157538,0.49701172,0.54977703,0.5016826,0.50503254,0.4715739,0.48264095,0.5145591,0.4865998,0.5039417,0.50360894,0.49564874,0.5294224,0.48727363,0.5331996,0.49515644,0.5295778,0.51657856,0.52871585,0.45684606,0.48942006,0.49932212,0.47481123,0.5170088,0.48420152,0.49936283,0.48544198,0.5224896,0.52410614,0.4894866,0.52598166,0.5461223,0.5145036,0.50256944,0.49792975,0.5213746,0.52133614,0.4613316,0.48251918,0.5409429,0.49907368,0.50139993,0.48995668,0.5158403,0.5266452,0.5041347,0.514237,0.500215,0.49422932,0.50505143,0.5174701,0.43572855,0.48715556,0.51383716,0.4957527,0.47298616,0.5160486,0.49726045,0.46331567,0.49491018,0.5069561,0.50453806,0.4802307,0.534071,0.5055392,0.5504645,0.50281745,0.48232952,0.49496323,0.5014298,0.5152756,0.49984834,0.50662935,0.46279812,0.4939315,0.5005101,0.500826,0.49912697,0.54951775,0.52191716,0.5161364,0.48005274,0.5312594,0.5104305,0.53151405,0.4796872,0.48158094,0.5222682,0.5181897,0.4862935,0.50032914,0.47912994,0.54242384,0.5005571,0.49680164,0.48913866,0.4868935,0.48064965,0.49295017,0.5002028,0.46765682,0.50840926,0.50922316,0.4940232,0.4908353,0.47993377,0.48719049,0.48538807,0.46495575,0.5039572,0.4890718,0.5026494,0.4472401,0.5285839,0.515048,0.5062404,0.5152189,0.48131037,0.4889276,0.4977506,0.5277865,0.48242652,0.5245348,0.5750502,0.5127563,0.5090021,0.49762234,0.47633258,0.49717465,0.5197684,0.5270957,0.49620947,0.484459,0.48437595,0.49918112,0.49734074,0.49996763,0.50499755,0.5122962,0.50024676,0.5378294,0.53826314,0.5017025,0.5052561,0.47658712,0.49368632,0.51109904,0.48767632,0.511094,0.49791977,0.53461,0.46078154,0.52200156,0.5206511,0.5153285,0.5261168,0.51368046,0.4838345,0.47441244,0.52327156,0.5379274,0.5134529,0.48988816,0.5721779,0.4876123,0.5087381,0.4938122,0.47545913,0.48930293,0.4886583,0.50218636,0.4926025,0.50126016,0.44565475,0.4957888,0.5242701,0.49853826,0.52544755,0.5022265,0.48460498,0.47471634,0.50706977,0.48017994,0.51583326,0.48716164,0.5244286,0.44688076,0.49779707,0.49182662,0.4841127,0.50000435,0.5146245,0.5098206,0.502139,0.51187223,0.539376,0.48764402,0.50133073,0.48090804,0.530522,0.48435366,0.49321055,0.49961197,0.51635873,0.5020688,0.49761435,0.5127515,0.5283995,0.5253475,0.5041469,0.50416434,0.5203185,0.48776373,0.4754786,0.4900058,0.48128083,0.5101508,0.47036475,0.46491474,0.49090755,0.5008004,0.5520661,0.4731779,0.4687951,0.51957047,0.4951558,0.524946,0.48902345,0.5211413,0.51316184,0.4966016,0.49057364,0.5189182,0.48730594,0.46330732,0.51901203,0.50955606,0.5025412,0.49978507,0.50629973,0.49004608,0.5205978,0.50880766,0.49232647,0.47473532,0.49050727,0.5306467,0.50935304,0.4765088,0.48936582,0.5055307,0.4859767,0.46515065,0.5299214,0.476388,0.5212074,0.4831505,0.51940477,0.5073444,0.4612716,0.46766287,0.50480956,0.5071968,0.4755263,0.5216736,0.491261,0.50251234,0.5112556,0.46702415,0.45982486,0.48003185,0.5087844,0.49625078,0.4939406,0.48462594,0.46691442,0.5162742,0.4830935,0.52919936,0.46744722,0.5148577,0.49265707,0.49811175,0.49535543,0.4817232,0.49560016,0.47248197,0.48922846,0.5285536,0.47679204,0.4931473,0.49080002,0.51026154,0.5432645,0.48674095,0.4579069,0.5045499,0.47297382,0.489306,0.51323164,0.5187225,0.4919686,0.48920423,0.4958162,0.53315973,0.50702274,0.5157851,0.5425323,0.49065134,0.48289615,0.468525,0.5109164,0.50587785,0.5050497,0.52036643,0.4773717,0.48548558,0.472106,0.55739874,0.49742153,0.49447674,0.47001266,0.48532254,0.529671,0.46964338,0.50758916,0.5052341,0.49666268,0.48680738,0.48012578,0.5226064,0.49042058,0.5392605,0.53567094,0.4959938,0.4553129,0.50252867,0.5226706,0.48313713,0.50642717,0.5391531,0.5136973,0.5076844,0.5121504,0.4979143,0.52778274,0.47978604,0.5167159,0.5037913,0.5179242,0.5331096,0.5021077,0.5123777,0.5289984,0.52509093,0.49229518,0.4946214,0.51284534,0.50417364,0.50133353,0.49719012,0.5051339,0.47915754,0.49280536,0.49592388,0.5016513,0.49644458,0.50016576,0.4791081,0.5095455,0.48303768,0.47225553,0.4741205,0.50159097,0.48735818,0.5137322,0.47755566,0.5191498,0.49946454,0.5225148,0.46251947,0.52488244,0.4990095,0.49404696,0.47039267,0.53282994,0.49131203,0.4523955,0.4976102,0.49149382,0.52028775,0.48370117,0.49498332,0.49933353,0.5160992,0.50945264,0.48540804,0.48041847,0.48469865,0.50052613,0.51168495,0.5289182,0.50589895,0.5339631,0.5124146,0.47375274,0.4814137,0.473112,0.49831265,0.45450845,0.53260577,0.49840188,0.44789597,0.46658593,0.47737873,0.49625814,0.47865236,0.48881328,0.49992287,0.48536718,0.47326303,0.5020002,0.480383,0.5127034,0.4974156,0.47327057,0.49907386,0.46680552,0.51707256,0.51513964,0.52538055,0.50270045,0.50214744,0.53124213,0.4982537,0.49878955,0.469317,0.5160824,0.4864535,0.5042957,0.5090806,0.52901095,0.48117852,0.49843878,0.5259615,0.45538712,0.4841416,0.47078472,0.5193624,0.48801303,0.5519517,0.4984318,0.4742568,0.50983196,0.5079662,0.4876562,0.4974888,0.48927563,0.5219478,0.47650054,0.5105438,0.46831107,0.45560524,0.48337305,0.51384723,0.49095163,0.4786084,0.4992629,0.47722787,0.4763874,0.5268718,0.489933,0.47799835,0.49866286,0.5202003,0.4817177,0.4839877,0.52427155,0.51202345,0.51100105,0.53026104,0.48012727,0.5238292,0.49410528,0.48678648,0.48293567,0.513658,0.52177924,0.46535054,0.53140074,0.4812413,0.51169175,0.45787272,0.4458212,0.49677026,0.4917889,0.5339423,0.49636924,0.49491632,0.48833936,0.47394937,0.52403665,0.49510503,0.5278576,0.48741364,0.4825567,0.517891,0.5015075,0.4994814,0.47869298,0.5111445,0.48204032,0.49668863,0.49668062,0.51494026,0.5132653,0.49507296,0.5015079,0.48889923,0.4893633,0.5184612,0.50475025,0.49659234,0.49946025,0.49349463,0.50224495,0.50837535,0.49836656,0.48527676,0.5197128,0.52536345,0.44880924,0.5046288,0.49185306,0.50930166,0.53498244,0.50214595,0.46720338,0.47701466,0.511648,0.49018005,0.46699113,0.49293196,0.5128858,0.5145389,0.49735367,0.50360507,0.4749967,0.5059104,0.5514724,0.49602914,0.50516737,0.5203658,0.5282854,0.46628743,0.48114434,0.5037669,0.4786839,0.5006738,0.5165309,0.48694772,0.501448,0.46278337,0.4884537,0.505336,0.5351124,0.5114762,0.4968403,0.5460975,0.5183423,0.45331615,0.4592046,0.52549934,0.5106298,0.5064969,0.48895457,0.51864904,0.50069815,0.52814144,0.52799225,0.51447195,0.49660504,0.5050518,0.51217675,0.49703956,0.50974566,0.5019457,0.5271269,0.48879611,0.47087654,0.46981156,0.48865074,0.4847892,0.48603627,0.4822901,0.52155006,0.53166425,0.5254267,0.5014884,0.48091474,0.4974438,0.5001442,0.5049753,0.5016476,0.52026874,0.49378154,0.5005384,0.545312,0.46126038,0.4740356,0.5078646,0.47696015,0.5182557,0.48950386,0.48825338,0.4942103,0.5059136,0.5257382,0.52442974,0.48343155,0.5011153,0.48578635,0.5022021,0.4710121,0.5058949,0.50799406,0.47662243,0.47764367,0.50153583,0.49321246,0.48289526,0.49677083,0.48252028,0.51075315,0.5093858,0.48446473,0.49678612,0.49761865,0.5180646,0.5004399,0.5129382,0.47863317,0.46772033,0.46587774,0.5000761,0.45988634,0.48660064,0.508369,0.49956897,0.5048828,0.51242733,0.5049644,0.50500864,0.4851653,0.4953616,0.530707,0.49825433,0.47414672,0.46835116,0.5047565,0.52705216,0.49266425,0.50817746,0.45031184,0.47368896,0.52684027,0.4583383,0.51945764,0.5262066,0.49623626,0.55708694,0.48216683,0.5074049,0.52374434,0.48578838,0.5230785,0.4830529,0.4822059,0.5246353,0.4723173,0.50405616,0.5187385,0.48654366,0.50871056,0.5013982,0.4923572,0.49021104,0.47184274,0.502124,0.48615056,0.502636,0.4962126,0.48973587,0.4805447,0.5002237,0.507638,0.52641535,0.47260016,0.51659477,0.50804377,0.55893326,0.5002523,0.51020145,0.48811102,0.48147023,0.5059705,0.5161122,0.47549102,0.5118063,0.5114265,0.46747175,0.48309755,0.49729612,0.47232065,0.49726218,0.5116583,0.49282852,0.52390075,0.48997653,0.4790669,0.5191801,0.49564168,0.5110637,0.47295797,0.49845088,0.50521576,0.48127353,0.5060439,0.53194606,0.5415062,0.45874518,0.53835994,0.50816303,0.523508,0.45971525,0.50561434,0.4826316,0.47545102,0.4986723,0.5014829,0.5518456,0.52835333,0.4807066,0.5079029,0.49196565,0.49587792,0.50441355,0.5220222,0.53804,0.47499478,0.48318523,0.52628845,0.48643357,0.4907372,0.5264759,0.5047046,0.51986957,0.49118227,0.48780784,0.49541515,0.506326,0.49042472,0.5026351,0.49201486,0.49396634,0.52325344,0.49941102,0.5232086,0.5165868,0.49863088,0.49669906,0.51327896,0.49442795,0.528272,0.52863336,0.49512973,0.49642646,0.5061967,0.5176417,0.4937249,0.49383715,0.52709436,0.5108555,0.49121112,0.5110816,0.53103405,0.50358796,0.5008162,0.49922073,0.47612172,0.47550824,0.51374453,0.48818958,0.48250514,0.51478976,0.5050318,0.4852527,0.5218288,0.50457805,0.48548535,0.5329406,0.46056056,0.5306437,0.49031448,0.46661064,0.51425236,0.5615366,0.5216835,0.4798641,0.50124735,0.46446306,0.46545655,0.4867443,0.48484,0.5420477,0.52230304,0.52189213
1.6557676,1.6237596,1.6497668,1.62316,1.6274109,1.6302439,1.6018381,1.6208532,1.6804862,1.6201968,1.6418542,1.6310108,1.6175504,1.6319804,1.6331766,1.6373172,1.6399714,1.6468834,1.6261144,1.6400093,1.6170396,1.6184634,1.6809878,1.6292096,1.6478875,1.5929991,1.6278154,1.6340386,1.699839,1.6151754,1.6206783,1.6543545,1.6553487,1.6523299,1.5913204,1.6795436,1.6440235,1.6603903,1.6475134,1.6583534,1.6691972,1.6453584,1.6727493,1.6359967,1.6587772,1.6353562,1.6309534,1.6260428,1.6287436,1.6306764,1.6025972,1.6537073,1.6120126,1.6604888,1.6361214,1.6446204,1.637253,1.6572734,1.6516353,1.6472688,1.6329952,1.6321328,1.6357703,1.6280061,1.6398667,1.6347388,1.6600327,1.6794049,1.6511186,1.6577001,1.6309779,1.666348,1.6035466,1.6390295,1.692385,1.6138935,1.6493735,1.6317031,1.5956591,1.6530921,1.6369525,1.6846544,1.6497997,1.632071,1.6481168,1.5955765,1.6652633,1.6281537,1.6352358,1.6352901,1.6270666,1.6159263,1.6484147,1.5991496,1.6150128,1.6375504,1.6158651,1.6177979,1.6415288,1.6762736,1.6505105,1.6370996,1.5941538,1.6636966,1.6483433,1.6745687,1.7012502,1.6481236,1.6421852,1.6750933,1.6322013,1.6390362,1.6349983,1.609182,1.6346802,1.6659137,1.637241,1.653736,1.6332548,1.6135516,1.609791,1.6535144,1.6666061,1.6808119,1.583809,1.6310365,1.6061217,1.6612872,1.65477,1.6504759,1.6169524,1.6541586,1.6440775,1.6129907,1.6603702,1.622698,1.6180384,1.6381156,1.63286,1.6620972,1.5878253,1.6165041,1.6326427,1.6564795,1.6531239,1.6396198,1.684429,1.6149353,1.6269652,1.6296672,1.6282504,1.628078,1.6720814,1.637491,1.6403947,1.6495037,1.6327538,1.6244427,1.6582041,1.6350532,1.6511555,1.6389498,1.627136,1.6554708,1.6283417,1.5886554,1.6277242,1.6026723,1.6522872,1.653923,1.635745,1.6124859,1.6650012,1.6834171,1.683766,1.661212,1.6486562,1.6527628,1.5900842,1.5905632,1.6697159,1.6712685,1.5731533,1.6632906,1.6247265,1.6321062,1.6261173,1.6525713,1.6032683,1.6327667,1.6779518,1.688237,1.6243607,1.6539779,1.632694,1.678202,1.6262475,1.6552217,1.6216512,1.6311913,1.6377721,1.6254442,1.6325499,1.6587443,1.6401953,1.6508063,1.6621871,1.6155783,1.6396984,1.6218519,1.6356676,1.6548897,1.6587206,1.6248279,1.6403139,1.6313797,1.6062329,1.6095561,1.6653777,1.6378855,1.6258054,1.6488912,1.622149,1.6283232,1.6072373,1.6377555,1.7033676,1.6701362,1.6676837,1.6490023,1.601363,1.627953,1.6412935,1.6314096,1.6214802,1.6211915,1.6547276,1.6205318,1.6294808,1.611852,1.6465476,1.6382324,1.6342099,1.6375371,1.6341323,1.5958223,1.6209477,1.635866,1.6163908,1.578415,1.6050541,1.6486269,1.6322612,1.5997398,1.6060398,1.6272266,1.6140751,1.6402198,1.6363258,1.655361,1.6372617,1.6750798,1.6386466,1.6574799,1.6430869,1.6345083,1.629755,1.6373419,1.5681628,1.6240098,1.6529107,1.6296045,1.6075807,1.6026475,1.6049905,1.6329534,1.6157379,1.647679,1.6451524,1.6321999,1.6237878,1.6488211,1.656738,1.6385329,1.6486226,1.6561878,1.5592823,1.641162,1.6201066,1.6786724,1.6333988,1.6114689,1.610747,1.6567177,1.635406,1.6445398,1.6557107,1.6213266,1.6216166,1.6099763,1.6286484,1.6400114,1.6590104,1.6298491,1.5967276,1.6179053,1.6374761,1.6101751,1.6113216,1.6325425,1.578621,1.6935165,1.6377587,1.6210539,1.6442895,1.6409659,1.6397139,1.6712165,1.6185868,1.637086,1.5971211,1.6042625,1.6397576,1.614792,1.6604404,1.6564054,1.6420395,1.5932469,1.6621866,1.6606139,1.6299778,1.5970168,1.6467192,1.6372952,1.6420668,1.6579152,1.6240448,1.6358887,1.6346849,1.6044134,1.5774862,1.63058,1.6365298,1.661065,1.711508,1.620696,1.6212933,1.5825224,1.6544312,1.6177804,1.6315274,1.6130911,1.6359916,1.6157118,1.6142466,1.6556635,1.6446265,1.6467549,1.6598665,1.6428974,1.6203994,1.6688132,1.6055548,1.6281804,1.6450088,1.6287936,1.6680591,1.6144857,1.6561856,1.6190499,1.656198,1.6496539,1.6538405,1.6337934,1.6451174,1.6328305,1.6322484,1.6363924,1.6279051,1.6457155,1.6229388,1.6567109,1.6151594,1.6234486,1.6021171,1.5882363,1.6210244,1.647498,1.5793521,1.6780717,1.6491653,1.6437819,1.6501492,1.6532128,1.6513443,1.6053364,1.5902387,1.6339369,1.5891969,1.6163908,1.6425322,1.6229804,1.6181673,1.6618173,1.6263797,1.6140692,1.6242203,1.6253655,1.6581526,1.6220514,1.6574664,1.6105202,1.6382866,1.6366704,1.6854771,1.6296711,1.6556615,1.600441,1.680191,1.6189381,1.6469024,1.6152122,1.6494391,1.6339977,1.6012503,1.650913,1.6100196,1.6264011,1.6437612,1.6424788,1.613715,1.6466202,1.6610849,1.6499319,1.6334605,1.6305563,1.6541573,1.6119205,1.6333774,1.6296854,1.6571647,1.639072,1.6331031,1.606889,1.6125208,1.6119533,1.623741,1.6364131,1.6535308,1.6477779,1.664676,1.6635622,1.6206461,1.6262248,1.6531229,1.6568916,1.6387378,1.5833187,1.5956869,1.6623241,1.6148832,1.6372586,1.623191,1.6335858,1.6306555,1.600544,1.6602838,1.6252842,1.6435,1.6133981,1.6549054,1.6442876,1.6668743,1.6035366,1.6290518,1.6263347,1.6656996,1.6319953,1.6249919,1.6086524,1.599687,1.6255207,1.6276289,1.6398412,1.6083798,1.6256766,1.6228893,1.6401459,1.6445264,1.6311879,1.6323735,1.6415706,1.6404706,1.5846412,1.6278132,1.64576,1.611053,1.6529902,1.5941371,1.6213065,1.6258389,1.6581087,1.6577698,1.6170198,1.6051594,1.6537359,1.6558943,1.6421947,1.6315788,1.5998918,1.6029903,1.6019714,1.6479827,1.6293608,1.6135777,1.6637461,1.6424601,1.6619396,1.6813047,1.6478401,1.6264718,1.6148863,1.6451031,1.619605,1.6038667,1.6430919,1.6402969,1.6587762,1.6288484,1.6568409,1.6396348,1.6488632,1.5987985,1.6750803,1.6409779,1.6264198,1.672667,1.6886268,1.6513021,1.6839038,1.6146913,1.6278423,1.6291804,1.6020616,1.6010302,1.5998071,1.6056783,1.6513808,1.6133354,1.6194711,1.6540068,1.6499403,1.6262027,1.6598908,1.6313943,1.6473178,1.6016612,1.6395221,1.6440458,1.6285298,1.6622221,1.6301095,1.6081718,1.6037123,1.6419357,1.6636825,1.6436844,1.6291604,1.6802175,1.6487231,1.6447064,1.654358,1.6138165,1.6349535,1.6435572,1.6133006,1.6557897,1.6575888,1.6112661,1.617428,1.6288046,1.639477,1.6277725,1.651657,1.6762573,1.6730103,1.6144702,1.6422756,1.5947132,1.635829,1.6420679,1.6363707,1.6535244,1.6557717,1.6159807,1.5999752,1.6485401,1.6395783,1.626756,1.6075852,1.6422865,1.6290715,1.5851785,1.6868246,1.6344222,1.665547,1.6270249,1.605353,1.5977972,1.6507375,1.6298059,1.6716992,1.635587,1.6830304,1.6174314,1.6842587,1.5864846,1.6395193,1.6812673,1.6255969,1.6150894,1.6069326,1.6578671,1.6288276,1.5901511,1.6401452,1.6536827,1.6218168,1.6188232,1.651391,1.6456035,1.654686,1.6207162,1.6504174,1.6290427,1.6504006,1.6218241,1.6254792,1.6377696,1.5864294,1.6540788,1.6242069,1.6569179,1.6745477,1.6244196,1.6039453,1.6255878,1.6303111,1.6458348,1.6351833,1.6306877,1.6134114,1.6432388,1.6482955,1.6613928,1.6745282,1.6329819,1.6591594,1.6124569,1.6201661,1.6462619,1.6301373,1.6569277,1.6777183,1.660073,1.6674896,1.6320903,1.6506238,1.7026932,1.6512295,1.6635464,1.6257844,1.6391188,1.6458704,1.6638564,1.6289012,1.6078209,1.6584525,1.6280218,1.6718124,1.6484946,1.6500204,1.6271307,1.6472231,1.6747106,1.6823099,1.6613734,1.6442871,1.6300025,1.6480888,1.6172023,1.6386367,1.6403661,1.6415597,1.6666739,1.6386654,1.6366044,1.6497185,1.6080909,1.6145648,1.6183776,1.637986,1.6340277,1.658487,1.6191262,1.6718434,1.6854917,1.6017101,1.6508721,1.6481392,1.6069719,1.6201956,1.6557316,1.635903,1.6156673,1.6252327,1.6377636,1.7034461,1.6098169,1.6097314,1.5916414,1.6314968,1.6410141,1.592128,1.6463199,1.6545124,1.6164614,1.6653007,1.6354235,1.6498635,1.591399,1.6349157,1.6060953,1.6334515,1.598328,1.64126,1.6035354,1.6157638,1.6296237,1.6716504,1.6619246,1.6131165,1.617559,1.6443354,1.6527642,1.5961983,1.6509647,1.6371151,1.6845307,1.6309912,1.6136723,1.6423573,1.6391596,1.6474607,1.6136464,1.6012003,1.6094525,1.6194744,1.6413846,1.6328579,1.6299037,1.6362725,1.6756202,1.6623404,1.6410176,1.710372,1.6118743,1.5836169,1.6565408,1.6695032,1.6170837,1.6690615,1.6081786,1.5876181,1.6435995,1.6455076,1.6162972,1.6225425,1.6183475,1.6739475,1.6618292,1.6287067,1.6200497,1.6302729,1.6514484,1.6571376,1.5905685,1.6096123,1.619649,1.662492,1.6697505,1.606532,1.6326236,1.6118432,1.6579807,1.6258173,1.66864,1.6521915,1.5961102,1.6503743,1.6743343,1.5711992,1.5926918,1.6044538,1.6504002,1.5940019,1.633143,1.6717861,1.6647534,1.6431068,1.6037949,1.649305,1.6192157,1.6352164,1.6389496,1.6307943,1.6707146,1.645233,1.6273823,1.6774017,1.6091417,1.6359502,1.6302209,1.6282578,1.6215523,1.6566377,1.6309043,1.6309948,1.6523535,1.5975106,1.6737143,1.632247,1.610614,1.6216931,1.6438205,1.6004745,1.5963475,1.6194576,1.6479478,1.640493,1.6040651,1.63063,1.6790673,1.653716,1.6189392,1.6602578,1.5974,1.6430808,1.656903,1.6293672,1.6091284,1.6044719,1.6419437,1.6265411,1.6245425,1.6444044,1.6682674,1.6155933,1.6768378,1.6564871,1.6165669,1.6498958,1.6651709,1.6524467,1.667412,1.6155938,1.6372132,1.6036065,1.6095184,1.6478591,1.6239827,1.643879,1.5988727,1.6259019,1.6583556,1.6508796,1.6319509,1.666372,1.5964403,1.6314036,1.6298909,1.6524538,1.6712011,1.6466829,1.6396416,1.6601332,1.6197664,1.6411805,1.5802125,1.6247725,1.6386929,1.6613297,1.6624758,1.6600426,1.5824524,1.6719115,1.6664276,1.6514927,1.6260293,1.6850613,1.6592636,1.6669881,1.6358179,1.6594602,1.6168188,1.6663663,1.6244859,1.5940492,1.6161411,1.6377417,1.6059735,1.6629546,1.6437976,1.6585763,1.6743045,1.6827883,1.6291239,1.5663952,1.6394303,1.5639298,1.6461476,1.6097225,1.6523185,1.6611619,1.6339405,1.6759287,1.5864171,1.6443028,1.622367,1.6015004,1.6672293,1.6550236,1.6475152,1.6475773,1.6452684,1.644512,1.6455076,1.614462,1.6553547,1.6493148,1.6276408,1.6335312,1.6178095,1.6366086,1.6509422,1.6213951,1.6361178,1.6362028,1.6308314,1.6318437,1.6487564,1.6405835,1.6724744,1.6581732,1.6799235,1.6352074,1.6390258,1.5865093,1.6634486,1.6378119,1.6436316,1.6718571,1.6160936,1.6443975,1.5927405,1.6328498,1.6530192,1.6491071,1.6594826,1.5784864,1.637123,1.6719236,1.6416829,1.6483094,1.601576,1.659675,1.632947,1.6390477,1.6195964,1.6485581,1.6433985,1.6441332,1.6383413,1.5994811,1.5812169,1.6651642,1.6330082,1.6158829,1.6342438,1.6120759,1.6337227,1.6250104,1.6288143,1.666524,1.6206788,1.6218764,1.6291069,1.6564039,1.6592355,1.6476939
1.2803411,1.2539786,1.3045278,1.2593368,1.269223,1.3113596,1.2685696,1.2729132,1.2712482,1.2762324,1.2792646,1.3006814,1.2591909,1.2913572,1.2782142,1.2836576,1.2942449,1.2749591,1.2697878,1.3316015,1.2947652,1.3129989,1.2877717,1.3286207,1.2985042,1.2803335,1.3188367,1.3065554,1.2779844,1.2892072,1.3035538,1.3066167,1.339923,1.3240224,1.2725686,1.3109767,1.2716446,1.2832786,1.2868736,1.3006647,1.3131928,1.281499,1.2787645,1.301706,1.2789555,1.2716973,1.304211,1.2857404,1.2512723,1.275155,1.264415,1.3068137,1.2395833,1.3141725,1.275496,1.3122178,1.289901,1.2688656,1.2630092,1.3088692,1.2418733,1.2894405,1.2816559,1.2805266,1.2776073,1.3276252,1.2639631,1.336405,1.2633839,1.3011442,1.2439327,1.3204811,1.2526041,1.2807873,1.2682294,1.255303,1.3016878,1.2890842,1.2923466,1.2801237,1.282399,1.2443255,1.2487674,1.294704,1.2688993,1.2861259,1.2815101,1.2896134,1.2968231,1.2840681,1.2865419,1.2789003,1.3182923,1.2927358,1.2607185,1.2883418,1.2669066,1.3279582,1.2797333,1.275289,1.2590418,1.250977,1.2420897,1.3404459,1.2988142,1.3205569,1.3112099,1.2875435,1.2711812,1.3068575,1.3123827,1.297488,1.2573533,1.3108802,1.2443377,1.249612,1.3054763,1.3013884,1.2846096,1.2507551,1.2883683,1.303478,1.2790121,1.2681065,1.2720975,1.294542,1.2548264,1.3243899,1.2826511,1.2721158,1.3029273,1.3134876,1.2678818,1.3007077,1.3215158,1.245607,1.2518579,1.2855227,1.2361423,1.354052,1.2557191,1.2856624,1.339142,1.2743739,1.3121109,1.3151027,1.306238,1.2728481,1.3267196,1.2948226,1.2972691,1.3006561,1.2992662,1.3040482,1.2879001,1.3345773,1.3144681,1.2610261,1.2990474,1.2785068,1.3200287,1.2908146,1.2457397,1.2788843,1.2888381,1.287826,1.2881721,1.2960086,1.3035158,1.3200176,1.2688097,1.2660786,1.260646,1.2984924,1.3036044,1.27238,1.3081025,1.2740972,1.25482,1.2861279,1.290102,1.2840254,1.2679302,1.313397,1.2871653,1.2764764,1.2560773,1.2741988,1.2751377,1.3095467,1.3191,1.3014238,1.267255,1.314137,1.2940611,1.2804986,1.2492622,1.3144405,1.2829872,1.2450278,1.3145206,1.2811066,1.3035293,1.3148687,1.25266,1.2939341,1.3012261,1.3102945,1.2539971,1.2936152,1.2735662,1.2845546,1.3306372,1.261559,1.270256,1.2917122,1.2746756,1.3008043,1.293252,1.261957,1.2768666,1.2812648,1.2727206,1.2992216,1.2687719,1.3122541,1.3277196,1.2936221,1.3148412,1.3027097,1.2661996,1.2874317,1.2628683,1.2851791,1.2618656,1.3009266,1.2927738,1.313071,1.3028576,1.2716643,1.2622596,1.2534137,1.2851592,1.2660301,1.3040228,1.2525604,1.2564567,1.3252044,1.2862822,1.2828292,1.2769039,1.3141283,1.2733892,1.2640843,1.2764803,1.2776003,1.2760036,1.2698025,1.3079298,1.2851837,1.291657,1.3009415,1.2774696,1.294331,1.3016689,1.2997297,1.2648306,1.2489357,1.2552183,1.3026694,1.2636156,1.2820396,1.3031981,1.3124877,1.2836605,1.2959328,1.2835922,1.3241316,1.270209,1.2810895,1.2971715,1.3234711,1.2458324,1.3165292,1.3191633,1.2601041,1.2791568,1.3075913,1.2811717,1.2746451,1.2985369,1.2867154,1.2818906,1.2968619,1.2500937,1.3000834,1.2879078,1.2732639,1.318389,1.2780141,1.3222325,1.2830791,1.3048408,1.2697177,1.2885599,1.274597,1.2656355,1.2639773,1.330404,1.2948278,1.2646663,1.3403869,1.2774785,1.3024051,1.2854844,1.3090228,1.2823898,1.3138872,1.2706951,1.310695,1.2327646,1.248037,1.3206,1.2719942,1.3137892,1.2647512,1.2993536,1.2793865,1.2626363,1.2975998,1.3027374,1.2564446,1.3162758,1.2505232,1.302366,1.302595,1.2969497,1.2757854,1.283519,1.2919368,1.2540077,1.2564895,1.2777528,1.2791716,1.3250632,1.2630026,1.2809757,1.265179,1.301154,1.2664542,1.2852879,1.2371125,1.324529,1.2745298,1.2888927,1.2588502,1.2910877,1.2597389,1.3528757,1.282576,1.2854201,1.329443,1.2846806,1.291952,1.283554,1.2864139,1.2666242,1.2867177,1.3045824,1.3180891,1.2627817,1.328278,1.3006485,1.2684178,1.2870865,1.2889006,1.2471192,1.2709191,1.250878,1.2881941,1.3114138,1.3083128,1.2945286,1.2412565,1.2440612,1.2603378,1.267525,1.281802,1.2836043,1.3210433,1.3093702,1.3457551,1.2940004,1.2787429,1.292749,1.2831023,1.2960773,1.2571087,1.2826681,1.3042327,1.2848998,1.2736503,1.2866411,1.2912543,1.2813251,1.3095471,1.3183701,1.2896357,1.2588739,1.3079413,1.328597,1.2748687,1.3099508,1.2678406,1.3147553,1.3152156,1.2827845,1.256554,1.3060024,1.2754055,1.2840927,1.2856238,1.2940907,1.3022549,1.2817087,1.3043932,1.2822429,1.2792313,1.2681222,1.2639976,1.280584,1.3217906,1.2981911,1.2940943,1.2819554,1.2940884,1.3185663,1.2693276,1.2930906,1.2848029,1.3135251,1.2995831,1.3045684,1.2636017,1.2782636,1.2431118,1.2763491,1.2973496,1.3197347,1.2639469,1.3070774,1.3135263,1.2592472,1.2739215,1.3046218,1.2923434,1.2762971,1.254563,1.2530321,1.3111398,1.3180078,1.2835501,1.2787732,1.3174734,1.2977803,1.260369,1.2837393,1.271934,1.2615515,1.2860621,1.3062365,1.2993312,1.28781,1.2851386,1.3089713,1.2830275,1.2850913,1.2800353,1.3118442,1.2497784,1.2890805,1.280136,1.3021803,1.2586204,1.2944134,1.2750524,1.2767968,1.2951294,1.2908627,1.2908127,1.3114401,1.2569607,1.3340595,1.2765995,1.28712,1.2651008,1.2997227,1.3422214,1.244727,1.2643917,1.2688384,1.2546436,1.2556704,1.3277671,1.3239533,1.350461,1.3309171,1.3070173,1.2739252,1.2706958,1.2649726,1.2456303,1.2668091,1.3398387,1.264739,1.2685857,1.2784562,1.2752768,1.3181186,1.2824701,1.2622914,1.305494,1.2808859,1.2758654,1.264798,1.2986836,1.2822835,1.3013064,1.3020425,1.255242,1.3231341,1.3139199,1.3086932,1.2814348,1.273711,1.2613472,1.2787268,1.3044486,1.2708943,1.2792575,1.306611,1.2608334,1.259189,1.288749,1.3019162,1.2357295,1.2899308,1.2937585,1.2878908,1.2997265,1.287976,1.3015257,1.2858137,1.3387187,1.2739066,1.3052908,1.2320931,1.3357389,1.3003813,1.3278893,1.2944919,1.3015457,1.275322,1.3101637,1.2823311,1.3027005,1.2867618,1.2751871,1.290945,1.2950155,1.2738478,1.2907734,1.3007267,1.2965827,1.2720981,1.2621218,1.2810726,1.283952,1.2555051,1.2522811,1.2791605,1.2485228,1.2952555,1.3019366,1.2888409,1.3087333,1.2851261,1.2667034,1.2665528,1.2320842,1.2652469,1.2763124,1.2920685,1.287065,1.2718207,1.281075,1.2796689,1.2668848,1.2610104,1.2713557,1.2798874,1.288549,1.2700819,1.3127805,1.267847,1.2874643,1.3026856,1.2233117,1.2534914,1.275454,1.2954123,1.2985227,1.2452352,1.3050656,1.2533417,1.3220125,1.2155815,1.3286501,1.3519411,1.2818185,1.2947505,1.2642384,1.3164272,1.28888,1.2307014,1.3189961,1.29853,1.2744335,1.287391,1.2653432,1.2977098,1.2885823,1.297739,1.2668936,1.28075,1.3115214,1.3019811,1.2811375,1.2665719,1.2551334,1.2985241,1.3095536,1.2785424,1.3277708,1.2859287,1.2864884,1.3057338,1.331654,1.2958612,1.3346367,1.2751105,1.2942284,1.2794234,1.294713,1.3198787,1.3034452,1.2968861,1.3217617,1.3102735,1.3069428,1.2741989,1.3012851,1.3085464,1.3104893,1.2772799,1.3227518,1.2763078,1.2609267,1.3140255,1.3404444,1.3044349,1.3110397,1.3079058,1.2725233,1.2984941,1.3211273,1.2665375,1.2883933,1.2703723,1.3057314,1.3116851,1.3084972,1.2976584,1.2951523,1.3154458,1.2935076,1.3113904,1.2792375,1.3072817,1.2541652,1.269811,1.2736992,1.2939508,1.2896292,1.2805827,1.3134017,1.2790512,1.2763588,1.2813653,1.3017972,1.2796891,1.28266,1.2886493,1.2777979,1.3012198,1.3391309,1.2877965,1.2442654,1.2790909,1.2976357,1.251468,1.300043,1.2970285,1.3081275,1.2818787,1.3064647,1.3127532,1.3563162,1.2434958,1.2932651,1.2769763,1.2883158,1.2553155,1.2718538,1.308533,1.2872086,1.2974577,1.3079215,1.3018104,1.286592,1.2618788,1.3362205,1.2807326,1.3074754,1.2894164,1.2974573,1.2426168,1.2988936,1.2563208,1.3193636,1.2735884,1.2865907,1.2555002,1.2748245,1.3190347,1.3088188,1.3266169,1.24891,1.2724376,1.2857724,1.2919886,1.3071911,1.2860268,1.2830905,1.2478367,1.2897708,1.3023016,1.2726578,1.2745913,1.2839583,1.3105897,1.303142,1.3185098,1.3132547,1.3191407,1.2787784,1.2445427,1.2998244,1.2987742,1.3033834,1.2762272,1.2817433,1.2755748,1.276321,1.2763679,1.2716013,1.3064467,1.3418976,1.2830597,1.2779758,1.3183069,1.3060373,1.2830591,1.264317,1.2734989,1.3090307,1.2762032,1.2919899,1.2603693,1.2575536,1.2616383,1.2629259,1.3082732,1.2813822,1.3138454,1.3006151,1.2749064,1.2467904,1.2685862,1.2661277,1.2620407,1.296561,1.3014053,1.2625008,1.2677742,1.26234,1.2859612,1.3035785,1.3046863,1.2991477,1.3034607,1.299991,1.2774918,1.3369417,1.237266,1.2804595,1.2994958,1.2968174,1.2851247,1.2734067,1.2771246,1.2977281,1.2690488,1.2999588,1.2417796,1.2980497,1.3350104,1.3154073,1.3033913,1.2733938,1.2920883,1.265966,1.2869605,1.2676383,1.3091083,1.253649,1.2870435,1.2844898,1.2974454,1.3021603,1.2812063,1.2762703,1.3310077,1.2265627,1.2719727,1.2898531,1.2210699,1.2755575,1.293993,1.2868832,1.253046,1.2997309,1.280072,1.2613324,1.2958634,1.2688519,1.307769,1.2767833,1.3293623,1.331209,1.3381466,1.3343941,1.2806464,1.3160708,1.3482808,1.2827814,1.2582171,1.3020656,1.2429552,1.3165302,1.3009338,1.2718234,1.265485,1.2733912,1.2964174,1.2835969,1.2837197,1.2813638,1.287297,1.2691419,1.2935103,1.2764496,1.3067861,1.284761,1.3111007,1.2724719,1.3096756,1.2934778,1.3003827,1.2675203,1.2817546,1.3145381,1.2833496,1.3247845,1.2950997,1.3050836,1.3095402,1.3088923,1.2835459,1.3458824,1.2797767,1.2679476,1.2919699,1.304536,1.2591946,1.2920907,1.2694598,1.2568603,1.3034195,1.2695857,1.285814,1.2981819,1.2778181,1.2857932,1.3285761,1.2601788,1.2816073,1.2511559,1.2672709,1.2342737,1.3253232,1.3062037,1.2818877,1.3212531,1.2723988,1.2949414,1.2579536,1.261567,1.275636,1.2599748,1.2792616,1.3079269,1.3178285,1.2752997,1.2884481,1.268123,1.3041775,1.3080482,1.3598658,1.3087665,1.2542064,1.3035846,1.233631,1.2911406,1.2742087,1.2820181,1.3174516,1.2858604,1.3006411,1.2781603,1.307953,1.2964643,1.2562126,1.2886276,1.3499529,1.2919347,1.3103147,1.2314512,1.3073574,1.2744007,1.2772131,1.2662446,1.2973349,1.3059193,1.2767437,1.2418733,1.3125259,1.3246715,1.2943985,1.2580117,1.2645068,1.3331056,1.2810321,1.2965039,1.3263879,1.3054549,1.2621816,1.2901313,1.3086945,1.2944852,1.2886316,1.2900611,1.2975154,1.2779292,1.3097734,1.2548109,1.273929,1.2587392,1.283379,1.2841407,1.3054134,1.3103496,1.2716545,1.2941681,1.3181416,1.2638499,1.2941539,1.3025428,1.2952225,1.2678783
1.7497196,1.8175311,1.8001537,1.8048073,1.7770579,1.8038968,1.7733989,1.8223623,1.8120723,1.7957677,1.7649896,1.8181491,1.7921047,1.8095495,1.8245989,1.788219,1.8424246,1.8029488,1.8253542,1.8445172,1.7613077,1.7859088,1.7947417,1.8293523,1.8574193,1.7530473,1.844919,1.8566399,1.832799,1.8043126,1.769918,1.7959256,1.8093686,1.8294995,1.7473289,1.8383775,1.7812834,1.8022027,1.8086544,1.7971411,1.8125312,1.8174789,1.8317647,1.8344572,1.7805238,1.7832383,1.8145653,1.7769644,1.8284872,1.7989169,1.7979063,1.8036082,1.7983605,1.8436269,1.7491635,1.7846878,1.8239251,1.7706778,1.785141,1.8451455,1.8126489,1.7737132,1.7928082,1.8481082,1.816215,1.8189993,1.7610226,1.8502482,1.7805005,1.8453659,1.8249384,1.8582393,1.7976979,1.78905,1.799048,1.765512,1.8331959,1.8289279,1.8029966,1.8051548,1.7913035,1.8124119,1.8112607,1.8285897,1.7520831,1.8033484,1.8034838,1.7719407,1.7813131,1.8331679,1.7744247,1.7582873,1.7932196,1.7820134,1.7722287,1.7493881,1.8088217,1.7772067,1.7816783,1.8171185,1.7728771,1.8071808,1.7523701,1.822515,1.7809529,1.8239027,1.8184135,1.8216485,1.7721727,1.7987994,1.7780081,1.8127364,1.7217354,1.8423631,1.8055521,1.8297935,1.8313844,1.8242524,1.7543719,1.7703058,1.7901362,1.8117385,1.7933054,1.8146818,1.7981776,1.8289487,1.7193978,1.8439214,1.7856798,1.7882301,1.8189752,1.790872,1.7460641,1.7441372,1.8221204,1.816123,1.7704661,1.8550082,1.7305604,1.7961218,1.7444397,1.8482618,1.8142624,1.7535654,1.8219239,1.8184178,1.82006,1.7685288,1.7770153,1.7674626,1.8374817,1.7852117,1.8125445,1.7987738,1.8117745,1.8518153,1.7916613,1.7699531,1.7842547,1.7999313,1.7732902,1.7917845,1.7681369,1.8367193,1.809938,1.7893013,1.7659698,1.8227848,1.8590599,1.8056374,1.7909468,1.8202293,1.8016058,1.7639867,1.7677512,1.813842,1.7806007,1.7978079,1.7826426,1.7827593,1.7989155,1.8243375,1.779841,1.8211213,1.8068779,1.7907373,1.8291802,1.8244472,1.8022053,1.781829,1.7862967,1.8207339,1.7811928,1.7786456,1.7698681,1.7837856,1.7409093,1.8414782,1.7771984,1.7873439,1.7881297,1.8284748,1.7663295,1.848067,1.7790077,1.8218808,1.7960328,1.788021,1.8203231,1.7965055,1.8012304,1.8048213,1.8340101,1.7603054,1.8320533,1.7724718,1.7369888,1.8209752,1.7815922,1.8100853,1.8334538,1.812071,1.7664926,1.810412,1.788992,1.7973117,1.8040242,1.8202522,1.7798586,1.8016438,1.7454354,1.8071564,1.8161749,1.8430115,1.7645643,1.7891458,1.8016274,1.8001837,1.8010393,1.7795585,1.8435234,1.7692114,1.7996777,1.7909253,1.7754012,1.748817,1.7703075,1.7996272,1.8462597,1.7413874,1.7509323,1.8035126,1.7627476,1.7969842,1.8477864,1.7930177,1.753148,1.8193926,1.7854611,1.8005708,1.8287214,1.8341606,1.8148025,1.7849979,1.8051555,1.8086243,1.7781824,1.7608436,1.7710497,1.7829471,1.8505061,1.7775081,1.7662201,1.7968671,1.8137858,1.7859517,1.792972,1.8034579,1.7978128,1.7627517,1.7981423,1.8111374,1.771176,1.7895201,1.8083565,1.7936219,1.788609,1.8071904,1.8421726,1.7678636,1.8128303,1.765228,1.8378812,1.8167303,1.792742,1.7924948,1.8242432,1.7760246,1.8105766,1.8145424,1.8477829,1.7883713,1.7944906,1.8014352,1.8140311,1.787597,1.79235,1.7441914,1.8149765,1.8054732,1.8002291,1.8165687,1.8217462,1.7947016,1.7719518,1.8218275,1.8089788,1.8150697,1.7908335,1.8307127,1.7737828,1.7916504,1.7583762,1.8155537,1.7778141,1.8093332,1.7784458,1.8050752,1.837076,1.794466,1.8161434,1.7578304,1.7630593,1.7754799,1.8182445,1.8329535,1.7930406,1.8157282,1.8142276,1.771831,1.7732829,1.7974331,1.7984743,1.8109603,1.8536726,1.7622905,1.8060786,1.7903306,1.7968656,1.8123037,1.8097123,1.7399379,1.7983322,1.7485592,1.8191477,1.8093756,1.8067974,1.7859676,1.7769421,1.7762715,1.7889987,1.8288314,1.8396316,1.7934744,1.7587274,1.754284,1.8526893,1.797384,1.7956464,1.7825788,1.8211806,1.838877,1.8173763,1.7983623,1.8447255,1.7965983,1.8196858,1.7758706,1.7668355,1.8423481,1.8292733,1.8263639,1.7759554,1.7901269,1.7784576,1.7851022,1.8262562,1.8111991,1.7649165,1.7981186,1.8211875,1.81868,1.8525642,1.7272377,1.8212663,1.8042872,1.7534053,1.785178,1.7906576,1.7451893,1.7710881,1.7925923,1.7792883,1.7772082,1.8278477,1.7578133,1.7655236,1.7758487,1.7986033,1.7814862,1.8340192,1.7858355,1.8327614,1.7925137,1.80464,1.7802883,1.7742351,1.7813563,1.8042265,1.7915756,1.7791746,1.7762823,1.7888176,1.8620892,1.7264943,1.8060263,1.8249727,1.8154265,1.8390046,1.7940772,1.7919867,1.8322179,1.8263525,1.809962,1.8551953,1.7758764,1.7799829,1.7983451,1.809129,1.7884986,1.8409554,1.8432145,1.7971277,1.7730072,1.7991525,1.7805713,1.7562406,1.7972275,1.8087497,1.8087577,1.7728286,1.7911773,1.7345678,1.7846156,1.7743578,1.7670088,1.80577,1.7651303,1.7946054,1.8111615,1.8068292,1.7991428,1.7532204,1.81489,1.8374517,1.7385243,1.8314059,1.8015033,1.8080701,1.811628,1.8125663,1.8171841,1.853017,1.7997139,1.7283571,1.7644882,1.8254089,1.817205,1.7506522,1.7631756,1.7934248,1.7797934,1.803195,1.8000071,1.8242744,1.7898113,1.8076872,1.8263955,1.7874259,1.8264637,1.7822956,1.7700691,1.8138075,1.7679558,1.8094413,1.776016,1.8284295,1.798506,1.7409154,1.7226415,1.77719,1.8187417,1.7999855,1.7833176,1.7678013,1.8290157,1.8077315,1.7829499,1.8020939,1.8311406,1.7627444,1.7967597,1.839147,1.8238057,1.7816601,1.7765788,1.8073763,1.779214,1.825673,1.8066001,1.7946916,1.7930027,1.8078552,1.7961555,1.8166192,1.8137256,1.7554021,1.8418448,1.7566547,1.7863698,1.784251,1.7870828,1.7976902,1.8117819,1.8021568,1.7858226,1.7914447,1.8065842,1.79542,1.8280076,1.791444,1.7849877,1.7360181,1.8218944,1.8228472,1.7608092,1.7855546,1.8201321,1.7601497,1.7934549,1.814865,1.7724296,1.7752621,1.7702076,1.7735568,1.8454124,1.7764668,1.7942797,1.8225075,1.7898588,1.8047221,1.828922,1.7671077,1.7854997,1.7852314,1.8402148,1.7829919,1.7898924,1.8115073,1.7866049,1.8096689,1.7982807,1.8182774,1.803512,1.7989477,1.7969984,1.8108485,1.8541727,1.7813454,1.8133205,1.7755933,1.7940695,1.8014797,1.8237628,1.8050306,1.796269,1.8056678,1.8127406,1.7600032,1.777022,1.8006535,1.7962198,1.7940705,1.8667703,1.7655921,1.7835233,1.8075364,1.806481,1.8132125,1.7952012,1.7752738,1.8384671,1.7514066,1.8080568,1.7682022,1.7882838,1.7595986,1.7670507,1.7849923,1.7868088,1.7823211,1.8006614,1.8026601,1.8287213,1.7772145,1.8072923,1.7313895,1.8402312,1.7800566,1.7966686,1.7825303,1.7819164,1.8368456,1.7616673,1.7433472,1.8415339,1.788553,1.7706156,1.7558498,1.8200061,1.8207954,1.8162162,1.7846677,1.8061079,1.7975934,1.8086153,1.7864058,1.788175,1.7488091,1.7558426,1.7928635,1.804815,1.8031248,1.8194802,1.7726336,1.823719,1.7874315,1.7762815,1.7928363,1.7935327,1.7861813,1.8218163,1.8062285,1.8147421,1.8150126,1.7834387,1.8026153,1.8110081,1.8287125,1.8400626,1.7867057,1.7541056,1.827269,1.8158888,1.8036034,1.8294847,1.8317834,1.7975824,1.781843,1.815138,1.8007419,1.8296942,1.7985878,1.786784,1.8197154,1.7868148,1.7705591,1.7918229,1.7760743,1.8350052,1.8120527,1.8446704,1.8252536,1.8052152,1.8184607,1.8197466,1.8267716,1.7864252,1.8262588,1.8073257,1.8338728,1.7767675,1.7891722,1.7729474,1.7578104,1.763215,1.7978448,1.8331974,1.8140981,1.8029114,1.8078576,1.81361,1.8438808,1.8076319,1.7857455,1.8424209,1.8195295,1.7763257,1.846846,1.8394264,1.8263259,1.7513459,1.7700291,1.7926896,1.7572916,1.7540969,1.8032336,1.843087,1.757048,1.7685834,1.7634532,1.831259,1.7450557,1.7849983,1.7778203,1.8278313,1.7729378,1.8365238,1.8187191,1.7827734,1.7782687,1.8219032,1.8229858,1.7820253,1.8162911,1.8060199,1.7564219,1.7896507,1.7843859,1.7900573,1.7991687,1.8028075,1.7855498,1.7800452,1.810307,1.7777615,1.8034009,1.7967788,1.8080472,1.7810572,1.7715628,1.8732544,1.7492878,1.7828032,1.7968987,1.7637179,1.7798918,1.8064245,1.800916,1.8122591,1.7748715,1.8060375,1.8427289,1.7922078,1.8171886,1.7607691,1.7867768,1.8087082,1.8460696,1.7955204,1.8280175,1.836275,1.7601647,1.7693263,1.8270215,1.8200969,1.8195652,1.7954676,1.7735851,1.8513826,1.8329521,1.780586,1.7819688,1.8018128,1.798213,1.8171549,1.7780781,1.8204398,1.792112,1.8242984,1.831022,1.7619582,1.8358413,1.8112215,1.7845021,1.7683817,1.7880056,1.7927253,1.7615328,1.775481,1.774651,1.7891264,1.8029475,1.8199792,1.8358865,1.785096,1.7539319,1.8075125,1.8076106,1.8204535,1.8021617,1.7931592,1.7802405,1.8424081,1.7476435,1.7717283,1.7886047,1.801501,1.7679695,1.8003342,1.7940342,1.8146695,1.7880665,1.8145124,1.79944,1.7899948,1.8014777,1.7908149,1.8336512,1.7996833,1.7751222,1.8514739,1.7962652,1.764502,1.7936991,1.7502427,1.7774315,1.7842203,1.7721238,1.7887393,1.7562778,1.7811983,1.8167644,1.7512387,1.7598705,1.7914895,1.734772,1.7565489,1.8320575,1.7840035,1.821222,1.7892807,1.7870605,1.7889675,1.7963786,1.7814974,1.7647711,1.8030853,1.8423272,1.8192062,1.8164593,1.8182989,1.7761486,1.8198965,1.8286458,1.8108555,1.7766607,1.8384206,1.7666873,1.826915,1.7807467,1.8126357,1.8026403,1.8303188,1.7915148,1.7692704,1.7926923,1.755179,1.7925328,1.818218,1.8156391,1.8272578,1.7912581,1.7681276,1.8169653,1.7900665,1.8078474,1.7623279,1.7847023,1.787723,1.756562,1.8186783,1.8406843,1.8758259,1.761123,1.7812233,1.8555424,1.7729712,1.8088696,1.8272688,1.8188831,1.8084134,1.8135513,1.8172383,1.7721283,1.7909693,1.7942269,1.8202839,1.7719362,1.8154229,1.7924603,1.8226821,1.8345227,1.8056356,1.8325882,1.8204168,1.8291482,1.741651,1.7402655,1.7625228,1.8129044,1.8030035,1.826612,1.8251472,1.8040093,1.8085479,1.7659178,1.8207635,1.7716851,1.7713382,1.8020523,1.8097274,1.8079898,1.7918895,1.8270471,1.8079627,1.7485936,1.7838999,1.8259209,1.851114,1.7834841,1.7465215,1.7919916,1.8445235,1.8287872,1.7648815,1.8585095,1.7654738,1.808984,1.8053905,1.8392831,1.8274688,1.8115257,1.8249923,1.8008257,1.8147987,1.7899885,1.7701164,1.8354754,1.797925,1.7915914,1.8104919,1.7892588,1.8114067,1.8009691,1.7541472,1.8284674,1.787761,1.816216,1.7832594,1.8004508,1.8233176,1.7933697,1.7916361,1.7953627,1.7816372,1.7813076,1.7633595,1.7874274,1.7919121,1.8008194,1.8297384,1.769711,1.7713565,1.8016505,1.7557131,1.7912186,1.8028953,1.7944067,1.7964218,1.8157971,1.8303872,1.7816552,1.7897335,1.7836509,1.7430545,1.8212103,1.7934953,1.823103,1.7948159
0.5489964,0.54880327,0.568278,0.51966226,0.5127588,0.5704733,0.53965473,0.57814574,0.54390126,0.5603665,0.58646435,0.5003413,0.55284977,0.5337789,0.5580445,0.5273322,0.54807717,0.5382657,0.5138614,0.51464844,0.5703738,0.53451836,0.5587575,0.5039174,0.5383499,0.5530177,0.5256375,0.54461884,0.583391,0.5383535,0.53689885,0.559066,0.5775375,0.5757206,0.5878159,0.5506275,0.54192513,0.53390086,0.5491184,0.57310104,0.55437845,0.54750836,0.5697239,0.5390606,0.5479362,0.5107082,0.5240677,0.5501389,0.5468848,0.5614857,0.57277006,0.5389928,0.55116457,0.5499114,0.52991045,0.5605479,0.53412116,0.5554544,0.57482404,0.52782285,0.51720166,0.5642838,0.54672015,0.5328049,0.5766157,0.5621081,0.59102327,0.5826616,0.5290828,0.51225793,0.5321075,0.5431185,0.5427903,0.5271803,0.56634736,0.54570335,0.5577348,0.53194165,0.5386808,0.5547341,0.57957965,0.5616931,0.54228234,0.5321761,0.5370594,0.50821304,0.5503429,0.5525287,0.5277985,0.558481,0.55087024,0.5347911,0.5266098,0.55902904,0.5305207,0.5390644,0.562008,0.5284791,0.5597113,0.51366496,0.5490943,0.51088697,0.5284386,0.5538341,0.5881092,0.5430881,0.60077214,0.5475353,0.5319955,0.55052334,0.5354397,0.5447997,0.5705456,0.520226,0.55413854,0.5343081,0.5451507,0.54092807,0.5641048,0.5215791,0.52522874,0.5629278,0.5282977,0.5463185,0.52565557,0.5599909,0.57374614,0.56747854,0.57426417,0.592115,0.53726834,0.566612,0.53996724,0.5178855,0.5748176,0.53589475,0.51234937,0.5509131,0.50451523,0.59181386,0.5188775,0.5391241,0.54412353,0.5464442,0.5567083,0.546641,0.57617027,0.51564175,0.5514083,0.5417905,0.5158996,0.5510068,0.5728715,0.53950214,0.56592953,0.5641091,0.52012277,0.54885006,0.54697764,0.5409219,0.5479686,0.54008144,0.5513102,0.5201095,0.5335205,0.5558829,0.530605,0.53711087,0.5580393,0.53151166,0.55770624,0.513346,0.55419105,0.57538235,0.5768524,0.5684835,0.5301029,0.5500368,0.5175097,0.53592396,0.54154,0.5491193,0.5482644,0.5619906,0.530966,0.55971676,0.5254323,0.5231071,0.54863435,0.53928316,0.5728757,0.55722666,0.5663164,0.57207084,0.5425336,0.5924462,0.49921617,0.55280864,0.54392076,0.5551779,0.574197,0.52954394,0.5155408,0.5392159,0.55981314,0.5370393,0.5539968,0.5414236,0.5428723,0.5667388,0.55345625,0.60340303,0.51546425,0.5639745,0.5740081,0.55870193,0.5735187,0.55588263,0.55794936,0.54300725,0.54000056,0.49910235,0.58966476,0.51579046,0.5855293,0.5683195,0.5537119,0.6068713,0.56578153,0.55444103,0.5659594,0.5417535,0.54729474,0.50387967,0.5436748,0.5220251,0.5483464,0.55031997,0.5565559,0.5859421,0.52205384,0.5469309,0.5240967,0.5749568,0.5440388,0.5215785,0.514061,0.5529574,0.5541096,0.5479102,0.55293566,0.5416899,0.5698321,0.55155385,0.5064546,0.5590357,0.50639635,0.5607445,0.54942346,0.5401679,0.55572116,0.55303335,0.53279334,0.5298847,0.53204703,0.55568606,0.53490156,0.57361686,0.54079074,0.51092803,0.5487729,0.53851366,0.54885757,0.55442184,0.5298536,0.5936123,0.5379922,0.57925004,0.52883035,0.5803626,0.5274505,0.5589893,0.57636493,0.5391142,0.5331837,0.55785334,0.5352373,0.55062103,0.52805024,0.55170834,0.5679293,0.5207899,0.55146754,0.5370288,0.5481317,0.503276,0.57139033,0.5339925,0.5409119,0.5369965,0.5216526,0.5128827,0.5286269,0.5426081,0.55053186,0.54357934,0.5285414,0.5630621,0.54843277,0.5308073,0.51486003,0.5431982,0.51338655,0.56482744,0.5496439,0.5092054,0.5139674,0.51806766,0.53723,0.54693025,0.536703,0.5347733,0.5661366,0.5418644,0.55667204,0.5182885,0.5336107,0.5137168,0.5064388,0.5550549,0.5284749,0.58311516,0.5878065,0.5201144,0.54002184,0.5506196,0.53326297,0.55110097,0.57287645,0.51742554,0.5306936,0.53114253,0.5263604,0.6060198,0.5512756,0.53579384,0.5571894,0.529373,0.5530277,0.58296216,0.53584534,0.5087769,0.5553148,0.5900321,0.5423116,0.5421773,0.49323347,0.5731424,0.5857788,0.5452147,0.5098042,0.56591725,0.5566739,0.5821572,0.5170355,0.5522989,0.52107745,0.5317756,0.57307434,0.5064305,0.57962435,0.51132756,0.5272246,0.55970526,0.55390024,0.56620693,0.57159925,0.5468376,0.56828696,0.529282,0.5467677,0.51395595,0.528642,0.51574796,0.5346873,0.5229851,0.51150066,0.5509125,0.5295322,0.5615698,0.55424654,0.5671673,0.5524196,0.5734756,0.57114345,0.55892307,0.527299,0.5725389,0.5552075,0.5949254,0.52475744,0.5231449,0.5574746,0.5881561,0.5620557,0.5937703,0.52922666,0.5556892,0.5608244,0.5453443,0.5525452,0.54902256,0.5819724,0.527264,0.578359,0.5501383,0.5620603,0.52736896,0.53615415,0.52669305,0.5666393,0.5183586,0.53335017,0.5570812,0.54011077,0.55223393,0.5245968,0.56097955,0.539073,0.51723295,0.5756381,0.5414955,0.53271973,0.5744406,0.54922086,0.57239413,0.6191039,0.52685475,0.5352303,0.5435679,0.5463233,0.56719095,0.52945566,0.5143025,0.5677825,0.5507834,0.54877114,0.5533611,0.5463796,0.58439976,0.5836258,0.5741986,0.5639827,0.54726523,0.53961617,0.5595433,0.5389928,0.5210513,0.5073514,0.52169603,0.5501528,0.5815642,0.5690372,0.53882307,0.547343,0.53005636,0.53301936,0.5209665,0.60038376,0.49344087,0.57063043,0.5399747,0.55643326,0.55374324,0.5550902,0.54309195,0.5434017,0.5305412,0.54515296,0.54208267,0.5508288,0.54810286,0.54831314,0.53598493,0.5282854,0.5457361,0.5334965,0.56351084,0.5281301,0.54151857,0.5695346,0.5184107,0.57585853,0.5351954,0.5570358,0.56205726,0.5366726,0.54778963,0.5471312,0.5022744,0.51292765,0.53413457,0.5286403,0.5117536,0.5324757,0.5748625,0.58938456,0.5087859,0.5808283,0.5959773,0.56380403,0.55541235,0.54181415,0.56829995,0.54778177,0.51373744,0.55191237,0.5523248,0.5658257,0.5326378,0.5938457,0.53694093,0.5368034,0.53733283,0.5797128,0.5331336,0.5633709,0.53441197,0.55163354,0.5799592,0.54841423,0.5472498,0.53264654,0.5979994,0.53183556,0.56700337,0.57887244,0.56423074,0.57903457,0.57659316,0.53171074,0.5262282,0.5455627,0.54118305,0.55188376,0.50985265,0.49441093,0.5490811,0.5576855,0.5352164,0.55184114,0.5468095,0.5525335,0.57982415,0.5098132,0.5445252,0.57698417,0.5517706,0.53355634,0.56878376,0.51541847,0.51622456,0.56053555,0.53845835,0.56251174,0.55705494,0.58174783,0.51975536,0.5693114,0.5541598,0.5377947,0.53014016,0.5275814,0.57227904,0.52723676,0.55462617,0.5798148,0.5347197,0.5214835,0.5356993,0.53731805,0.5128988,0.5357448,0.5409932,0.6047362,0.59539616,0.55050623,0.55975,0.5115075,0.53517306,0.5149388,0.5544902,0.549816,0.55808175,0.5283497,0.5427307,0.5402094,0.5117047,0.55836934,0.53298265,0.51831794,0.53925204,0.52939606,0.56889945,0.5441224,0.5621766,0.6072764,0.52141345,0.49536744,0.5399954,0.5302459,0.5484944,0.569633,0.5934993,0.51766,0.5526835,0.51935995,0.527953,0.5673332,0.5629918,0.5869346,0.53217965,0.57026494,0.5834016,0.5594843,0.53219014,0.53164107,0.5543092,0.546113,0.543305,0.51748616,0.5078204,0.5628926,0.6119699,0.565267,0.50259405,0.56272554,0.54362494,0.528392,0.5292569,0.5763639,0.5550256,0.5031795,0.55531514,0.58349913,0.52484137,0.49373525,0.5572678,0.55669546,0.5704007,0.53643143,0.5356932,0.56679237,0.5393047,0.5623963,0.5720197,0.5734432,0.5921846,0.56494534,0.507963,0.5286531,0.5440454,0.5598201,0.60036933,0.5018969,0.57046604,0.5312605,0.52187544,0.5148915,0.60600734,0.54727006,0.55551994,0.5561427,0.53202814,0.55679893,0.48303205,0.5520494,0.5690686,0.5501608,0.55831456,0.58364,0.55446804,0.54650366,0.58641815,0.55658096,0.5588015,0.5878206,0.54173195,0.55944693,0.5637387,0.5030739,0.5231768,0.54547703,0.54875004,0.5341,0.5534667,0.5447611,0.5401221,0.5588205,0.5296682,0.5641906,0.5568917,0.548976,0.52717566,0.51990646,0.54066384,0.5211674,0.5449574,0.5182879,0.5533169,0.53174657,0.59586716,0.5825489,0.5800898,0.5537462,0.54002666,0.5267169,0.59440726,0.5462505,0.56463814,0.5487678,0.5257754,0.5631693,0.54281217,0.5562011,0.5287988,0.5381763,0.5335548,0.5776226,0.5344481,0.5397685,0.5402391,0.54868305,0.572101,0.52187437,0.4942007,0.5847137,0.5545895,0.5173814,0.5216983,0.5687585,0.57443017,0.5546583,0.5235141,0.5419112,0.5073648,0.5544978,0.5398966,0.56303966,0.55470943,0.5816012,0.5362625,0.5723987,0.5363513,0.5017042,0.5830547,0.5553251,0.53577554,0.55205387,0.52886224,0.5685336,0.5625328,0.5643983,0.5586548,0.5479739,0.49744266,0.52254844,0.51740634,0.5661258,0.5493713,0.52119225,0.5170985,0.56994486,0.5238321,0.5124445,0.57465506,0.5195965,0.5509369,0.54449844,0.54669327,0.5614996,0.5319452,0.5243447,0.5132158,0.5543528,0.52906716,0.58054847,0.532562,0.53308356,0.5515561,0.5451994,0.49610966,0.5978226,0.5737092,0.5156767,0.5569546,0.56339663,0.5552899,0.53553826,0.57703143,0.535573,0.5393707,0.5528951,0.5484943,0.52515244,0.5702243,0.5419736,0.56817466,0.5636934,0.53361547,0.5552816,0.58847344,0.5500242,0.5744541,0.54894596,0.52654654,0.5734895,0.53476024,0.5571265,0.5400731,0.5458365,0.58537835,0.57378423,0.5368443,0.533773,0.55009943,0.55933017,0.53419137,0.5074065,0.5343362,0.53549737,0.55130863,0.52471966,0.583028,0.56431913,0.5296635,0.52147233,0.5520703,0.5392263,0.53339136,0.53768384,0.54232967,0.5818045,0.56238395,0.54342985,0.54298425,0.4851715,0.5796707,0.5421368,0.54599756,0.5104011,0.5347747,0.5294287,0.5801832,0.57853097,0.5650702,0.61411625,0.5040689,0.5773152,0.55747145,0.5919545,0.569168,0.5433583,0.54756415,0.57000744,0.54363817,0.5724215,0.53026915,0.58023274,0.5849898,0.5134816,0.5320958,0.5466303,0.5284543,0.532682,0.58049726,0.55276006,0.54524535,0.54706395,0.5268731,0.51707095,0.5239861,0.5731653,0.54987687,0.54648167,0.5492997,0.541454,0.5444555,0.5156524,0.5635927,0.53915894,0.5503458,0.53942883,0.53693706,0.53133833,0.56874764,0.5344018,0.54571617,0.55166477,0.5264215,0.56606054,0.51877826,0.5320464,0.5636981,0.56132287,0.54940665,0.5250539,0.5474254,0.54515904,0.54664314,0.5829647,0.57831705,0.55496854,0.5546691,0.6018869,0.5316996,0.5418464,0.54131246,0.52536947,0.52404326,0.5518498,0.5391791,0.5239707,0.5365717,0.5443536,0.59252435,0.51914805,0.5199458,0.5718833,0.5394951,0.5177468,0.54123956,0.58593524,0.5632924,0.53012395,0.53380644,0.55839306,0.57220805,0.5423472,0.53964645,0.5392414,0.54853964,0.5678684,0.52817965,0.571077,0.53442216,0.6066351,0.5666472,0.55411696,0.516931,0.564995,0.5064167,0.54817414,0.58424026,0.56522053,0.5233168,0.5571341,0.5828522,0.54521763,0.5408793,0.5296958,0.55250794,0.5275046,0.53102684,0.5162732,0.5526322,0.56489956,0.56548274,0.5612098,0.5584243,0.55924773,0.56846356,0.5296649,0.51481825,0.51637214,0.5717362,0.5422069,0.57680583,0.54475725,0.57283205,0.5519651,0.49252135,0.5591619,0.54380333,0.524156,0.59423894,0.5402435,0.54045135,0.55625236,0.564401,0.51966655,0.5608228,0.56354505,0.54587036,0.5149193,0.5188802,0.5551099,0.5807683,0.54300255,0.5850323
