0.8285588,0.8263534,0.8237728,0.8439552,0.83798206,0.8586512,0.83176637,0.8091501,0.8284237,0.82923985,0.83415824,0.8283623,0.8133114,0.83352506,0.8288469,0.84043026,0.8279897,0.83228177,0.8291019,0.8348484,0.8289468,0.8494715,0.84252304,0.854215,0.83203644,0.85415906,0.8298774,0.8015824,0.8423385,0.8427463,0.82559305,0.83181024,0.82669705,0.8105635,0.82095695,0.85399026,0.82918364,0.8420674,0.82204026,0.8241101,0.8467314,0.81506646,0.82400423,0.82232445,0.833599,0.84262884,0.85285836,0.8520748,0.8229507,0.8387787,0.8409031,0.83080816,0.8262054,0.8181721,0.844157,0.84803283,0.8202754,0.81202644,0.83754975,0.80537206,0.8576374,0.8276203,0.83444315,0.8084769,0.82763094,0.83347255,0.829927,0.8280598,0.82924145,0.8151274,0.8033564,0.8396679,0.83447623,0.8581858,0.81500125,0.834252,0.8061147,0.82576245,0.81435454,0.84740335,0.83263236,0.805701,0.8511838,0.8604847,0.82658976,0.8114141,0.8443291,0.8436509,0.8224644,0.8466835,0.83922917,0.822369,0.81896365,0.8719489,0.8321727,0.85210794,0.84963435,0.8571446,0.8501119,0.8040209,0.8405558,0.8244708,0.8301743,0.8402873,0.8245629,0.8523034,0.82696766,0.82350945,0.8172358,0.83463466,0.8267917,0.82525444,0.8343162,0.81339204,0.8389531,0.85542864,0.82520616,0.834879,0.8433869,0.83870834,0.8257423,0.8222506,0.8470137,0.7971668,0.81908774,0.80817044,0.8202424,0.84594965,0.82384044,0.84614885,0.84017277,0.8481315,0.8486696,0.82459205,0.83753896,0.8274842,0.8074344,0.8502224,0.81656146,0.83554274,0.79068476,0.8467999,0.8365819,0.8423844,0.8132972,0.84228015,0.83500034,0.83478785,0.8366067,0.84440106,0.83734465,0.8200419,0.85591084,0.85996723,0.83209616,0.8237173,0.8289859,0.84036744,0.80671215,0.82413775,0.870014,0.84144163,0.83788276,0.82282597,0.8407287,0.82472414,0.8315061,0.85460365,0.83597594,0.8375122,0.8074355,0.8386697,0.8095218,0.8188096,0.8439578,0.8225982,0.85942453,0.8296799,0.8434626,0.840045,0.8343026,0.8179027,0.82783145,0.8265634,0.83613706,0.8250367,0.84342873,0.8175987,0.85836935,0.8565949,0.83477116,0.822296,0.85746837,0.8291503,0.8478783,0.84056336,0.8200509,0.83609194,0.83265245,0.8284993,0.8344163,0.800258,0.83943164,0.8230554,0.82493424,0.84697443,0.8375404,0.8579661,0.8426115,0.8305865,0.8355393,0.83460575,0.8439254,0.84362066,0.8263024,0.81686187,0.83942395,0.83215576,0.8447317,0.820693,0.8438663,0.8102735,0.8363153,0.8624301,0.835523,0.8134825,0.8392005,0.8383618,0.8336477,0.8624942,0.83074194,0.7999689,0.8307611,0.8238228,0.82790613,0.8462423,0.8194503,0.827713,0.8191933,0.8292407,0.8408286,0.8228433,0.82762617,0.8470626,0.8380184,0.8210675,0.8614039,0.8255707,0.85356814,0.8369715,0.8673241,0.8238487,0.84105396,0.8578065,0.8549418,0.8182924,0.83590144,0.8301528,0.8171698,0.8400506,0.8412822,0.8153114,0.8419566,0.8338873,0.8519628,0.8691574,0.82306045,0.8173553,0.82285136,0.8304589,0.83580893,0.8406431,0.8352643,0.8331566,0.86715007,0.86312634,0.8180764,0.8500866,0.8596742,0.7844418,0.8331421,0.82045704,0.8333216,0.82700247,0.83690786,0.84722704,0.83375746,0.83948207,0.85217595,0.8236732,0.8438029,0.84833825,0.8381945,0.84207225,0.8086028,0.83607864,0.8220081,0.82162195,0.8706409,0.81447816,0.8217237,0.84502214,0.84491897,0.8255495,0.8160525,0.8240247,0.84378904,0.7893106,0.8467559,0.8463555,0.835236,0.82289106,0.8161628,0.8256776,0.8097241,0.8243147,0.82542527,0.8038424,0.8620914,0.83527803,0.8273584,0.835922,0.8357019,0.81395143,0.8150938,0.8354836,0.8380693,0.8429181,0.82249093,0.84026504,0.80993587,0.8276276,0.84009767,0.8229092,0.8296838,0.8526604,0.81981695,0.8183091,0.82253146,0.816387,0.8406132,0.8537974,0.82767266,0.8322686,0.8245876,0.8155157,0.8425804,0.8199359,0.8576457,0.832719,0.8556865,0.8235929,0.8343922,0.8621903,0.83784604,0.81227815,0.8383386,0.81431216,0.80873644,0.82275987,0.8000257,0.84600127,0.84539783,0.8260053,0.80234164,0.8224477,0.86885846,0.81903815,0.85788774,0.82535845,0.84324914,0.86640835,0.8127616,0.8570553,0.8279425,0.8545547,0.85100394,0.83044094,0.8694568,0.82698065,0.8228992,0.81481373,0.8212746,0.8309695,0.8342132,0.83410704,0.8624253,0.8234148,0.85475844,0.84112567,0.8506424,0.8442846,0.82594144,0.8483893,0.82903415,0.8476808,0.8293663,0.8189764,0.83934927,0.84881735,0.83680475,0.8280065,0.8388077,0.8627486,0.82769924,0.83473396,0.8321037,0.85533273,0.83161503,0.8141734,0.8458074,0.84678245,0.84720796,0.84512794,0.8140223,0.8243909,0.84250665,0.86496246,0.8668701,0.8565697,0.85259485,0.8532793,0.7995897,0.803897,0.83235985,0.8265299,0.8397631,0.835773,0.81525207,0.8496601,0.8301464,0.8246064,0.84573,0.8351386,0.8337675,0.8634848,0.82792306,0.8617825,0.83972406,0.80363864,0.8202038,0.84638274,0.8387733,0.855499,0.8146102,0.8268423,0.8389794,0.8477216,0.8671032,0.82360804,0.8363141,0.80611074,0.8265873,0.84748405,0.8307048,0.82665706,0.8273351,0.8051456,0.84467405,0.83179593,0.8572427,0.81442946,0.8209043,0.8071641,0.8176816,0.8187513,0.84848475,0.8337125,0.8485693,0.83239007,0.82602596,0.84500974,0.8396147,0.8260603,0.84670013,0.84634143,0.8287868,0.8343641,0.83915555,0.83139896,0.8647208,0.8385546,0.83926994,0.819519,0.8408761,0.8332481,0.87356377,0.8221973,0.82356936,0.8334342,0.84030163,0.82659096,0.819265,0.83812976,0.827031,0.86735535,0.8298211,0.8584051,0.81999445,0.8455599,0.84196633,0.83038324,0.83666337,0.8404019,0.83062214,0.84414285,0.8546608,0.8022577,0.81696725,0.8431527,0.81630063,0.8320755,0.81726706,0.82846403,0.8344361,0.843758,0.8319694,0.87731355,0.8404789,0.82152253,0.8344529,0.8538641,0.8463965,0.81764215,0.8518387,0.8290861,0.85131866,0.83618647,0.8336635,0.83406305,0.8531885,0.8206943,0.8253945,0.85650223,0.85061896,0.84275264,0.8541928,0.81442726,0.8186995,0.85367614,0.82699305,0.83883065,0.7891067,0.8353773,0.86858875,0.8556081,0.8494305,0.8265688,0.805533,0.80902886,0.77987057,0.8099734,0.83534425,0.8425923,0.82214904,0.8280677,0.8400266,0.8265979,0.83133334,0.85767907,0.8564624,0.8297435,0.8316865,0.82653135,0.84854114,0.8621009,0.8298229,0.8574338,0.85055584,0.8070554,0.825884,0.8228978,0.8448409,0.8483488,0.85752016,0.8384605,0.8412351,0.8342344,0.8148441,0.82580787,0.8237231,0.8205579,0.79849094,0.84788024,0.82899165,0.8354474,0.80986583,0.8439254,0.834798,0.83561903,0.83420515,0.7845921,0.8419261,0.86629987,0.83920425,0.8405731,0.83558685,0.82379454,0.83231896,0.8569627,0.84846896,0.8170806,0.826467,0.85080105,0.82089084,0.81808376,0.79919195,0.83774704,0.8260749,0.85277736,0.8416147,0.8249022,0.82003224,0.8303622,0.8480416,0.85444045,0.816496,0.83601606,0.80376077,0.85065067,0.86027396,0.8496527,0.8211332,0.83014286,0.857877,0.83531946,0.8349701,0.84494853,0.84353906,0.82735586,0.81868535,0.8417112,0.83483195,0.85602415,0.85949033,0.83559346,0.8454616,0.8298584,0.82121944,0.84391737,0.8256191,0.832293,0.8410166,0.8730524,0.8480476,0.8270844,0.8389169,0.8323075,0.8581122,0.8430457,0.81192356,0.8383116,0.82279164,0.8363146,0.79210335,0.83698326,0.8470786,0.82475644,0.79831886,0.82393605,0.82822204,0.8389644,0.79991704,0.85097814,0.8205363,0.8440704,0.82164735,0.8282922,0.81053543,0.8316616,0.84175956,0.85157293,0.83321613,0.83039284,0.8537606,0.8136349,0.84267837,0.87391585,0.8231446,0.8219796,0.8335319,0.8392585,0.8355905,0.81913704,0.8270694,0.82275635,0.8366498,0.8453485,0.83213985,0.8411066,0.82771486,0.8190868,0.8106162,0.80051655,0.83328825,0.84955853,0.7816733,0.84012645,0.8487439,0.82718575,0.8568696,0.82862735,0.82249475,0.85109794,0.827456,0.83523536,0.8439778,0.85003775,0.83698523,0.8284669,0.8487961,0.84767735,0.86319464,0.86558837,0.8656075,0.8662965,0.8331998,0.8250027,0.83397347,0.8338518,0.82455873,0.819559,0.8325857,0.8552703,0.8357581,0.8262127,0.8202832,0.85284215,0.8392685,0.83421266,0.8375989,0.8499867,0.8340893,0.8088107,0.82660496,0.85002404,0.8357433,0.8455303,0.83649856,0.8583267,0.8412546,0.8631552,0.8125086,0.8475221,0.8205974,0.84118056,0.82867616,0.809917,0.8109595,0.84403896,0.82546604,0.8222827,0.8392582,0.81051004,0.8323635,0.8338225,0.8206822,0.82974243,0.8527384,0.8414807,0.8146868,0.8135934,0.8479823,0.82506,0.82904387,0.82133555,0.8507015,0.8428939,0.8342344,0.8493284,0.84487456,0.8437669,0.83242464,0.82579684,0.83786273,0.82110476,0.836051,0.8430666,0.831017,0.8294761,0.803001,0.8118495,0.8411221,0.8302597,0.82871026,0.8371184,0.84361756,0.82410014,0.82675487,0.8521288,0.83618456,0.8438287,0.8069734,0.8339525,0.8168775,0.8383915,0.833977,0.8340399,0.8117697,0.8511785,0.86256224,0.8424105,0.7961331,0.83374846,0.8092438,0.85255075,0.8236746,0.8162362,0.8461031,0.84972864,0.84132934,0.8272887,0.8331244,0.8209166,0.8270483,0.8177213,0.8388689,0.8339655,0.82608664,0.8502888,0.8427937,0.84636885,0.8457291,0.82167023,0.85440904,0.82286084,0.83882046,0.8258919,0.8411357,0.83710384,0.84224725,0.8499429,0.8493134,0.8378636,0.81813127,0.8325854,0.82731825,0.84062105,0.84756994,0.8194374,0.79663974,0.8160012,0.82531196,0.825267,0.80523413,0.8289607,0.8274053,0.84659946,0.8512254,0.8258933,0.84128696,0.83703023,0.84691525,0.8475646,0.84683603,0.8359668,0.84241444,0.81352556,0.84344363,0.8210098,0.7828343,0.8572385,0.85196394,0.86028135,0.8343112,0.85038096,0.8471421,0.818322,0.83686453,0.82863754,0.8114426,0.83176935,0.84568954,0.852818,0.8396705,0.83862716,0.82361287,0.85706675,0.8275334,0.86676097,0.84996605,0.8197814,0.85233474,0.8070728,0.8647543,0.83447486,0.8569101,0.83800614,0.84892803,0.8401167,0.8646142,0.8321915,0.8676978,0.8375674,0.8262263,0.823834,0.8355371,0.84182036,0.83322996,0.85280067,0.8178606,0.8337176,0.82107365,0.80381054,0.83643645,0.82968104,0.8159473,0.8276355,0.80279976,0.847402,0.8365961,0.835756,0.8405337,0.8021267,0.83294195,0.8522704,0.8439798,0.8464431,0.8303981,0.8392497,0.83279186,0.8021735,0.8284251,0.8248265,0.8592449,0.8408797,0.83927655,0.81724524,0.83199173,0.8336823,0.8365594,0.8600472,0.8132466,0.8362295,0.833729,0.8658638,0.8662479,0.8281438,0.81820226,0.83092695,0.8305759,0.8436233,0.8267888,0.86404234,0.8288603,0.79797125,0.8343801,0.83941483,0.83271086,0.8523261,0.84548265,0.8360256,0.85126805,0.84715414,0.835045,0.79919255,0.83432484,0.86804205,0.84742934,0.84999436,0.8333491,0.8476964,0.8338772,0.8424165,0.81974185,0.8186026,0.83413565,0.8326384,0.8579814,0.83278465,0.83343536,0.8133002,0.8461133,0.8332932,0.85164326,0.84042484,0.84889936,0.8458423,0.836858,0.82347393,0.84670323,0.85460395,0.8222006,0.85259867,0.81889623,0.83812666,0.8444721,0.8433194,0.8285143,0.82207024,0.80717206,0.82259935,0.82285404,0.8374391,0.84433484,0.79899997,0.82211524,0.8422884,0.8383107,0.82950884
0.7659674,0.77977806,0.7874736,0.7878068,0.75709176,0.787402,0.7940923,0.770813,0.7848166,0.7606069,0.787927,0.7753546,0.7927571,0.7913092,0.78463393,0.7844345,0.79176694,0.76202166,0.77948105,0.780491,0.77560437,0.77979434,0.78617513,0.78419673,0.7938179,0.8049377,0.7802477,0.7785514,0.7821235,0.7798091,0.7958655,0.7969426,0.78166115,0.7781101,0.7768956,0.7787278,0.7660892,0.77159595,0.7807772,0.7684922,0.8106417,0.76963824,0.78200924,0.76477987,0.7609157,0.81459796,0.81733674,0.781637,0.77038354,0.8008023,0.8037113,0.792262,0.7828887,0.77647513,0.7898187,0.8063429,0.78964216,0.78777194,0.7764289,0.7773768,0.7908992,0.7821592,0.7669376,0.77167934,0.7815271,0.769593,0.7896468,0.7680684,0.7701999,0.77533597,0.7697222,0.79819214,0.7784632,0.80405307,0.78843623,0.78967935,0.7699271,0.7701369,0.7894794,0.7953885,0.78754944,0.7486726,0.7955745,0.7880157,0.76719546,0.78482616,0.7666127,0.7767219,0.78375757,0.79450655,0.7690025,0.77396554,0.75905186,0.7943741,0.77890223,0.8051217,0.77037174,0.81148297,0.7935353,0.779994,0.7983419,0.7834835,0.8065972,0.79286706,0.7716384,0.7745231,0.7918884,0.7850456,0.77607614,0.79034656,0.77377945,0.78987014,0.7969891,0.7838064,0.7869717,0.78728163,0.76318336,0.79230183,0.7920966,0.78846854,0.7701131,0.7842634,0.7819445,0.77457577,0.7899494,0.76763165,0.790447,0.76620406,0.78413606,0.7811232,0.77899563,0.8028818,0.7619636,0.7745089,0.78464586,0.7749883,0.7761971,0.8018041,0.797739,0.7770356,0.7684285,0.7937033,0.8020809,0.7945789,0.7825299,0.7878374,0.7779961,0.7746718,0.7752394,0.7680594,0.78916526,0.7909758,0.78596765,0.8004493,0.79537326,0.76581824,0.7931194,0.7655054,0.78760237,0.80295914,0.805409,0.78024393,0.781373,0.78202707,0.7727756,0.77478975,0.78544,0.79749787,0.7884869,0.8021904,0.79187816,0.7720091,0.7900641,0.7831957,0.79362315,0.7709037,0.773017,0.7736049,0.7492518,0.80846643,0.7844606,0.7752549,0.7711058,0.7651446,0.7718595,0.77650255,0.77469945,0.7655089,0.784508,0.79003716,0.80653465,0.78183687,0.77793974,0.7857159,0.77977943,0.7741232,0.77921575,0.787333,0.78498,0.761942,0.79023683,0.7634329,0.765924,0.7572728,0.7784548,0.80328333,0.800253,0.7706564,0.78021294,0.8025463,0.7708389,0.78786904,0.7783991,0.79808533,0.778699,0.7520655,0.78399336,0.7924029,0.79090434,0.7734154,0.8033134,0.7735739,0.7879016,0.77124655,0.77289975,0.7844436,0.7782978,0.80005693,0.7961514,0.79630035,0.77581084,0.7557719,0.7706536,0.7891191,0.7795132,0.7556523,0.7587996,0.7818767,0.7644029,0.784877,0.7750339,0.75537235,0.79442674,0.77521014,0.7910933,0.7829166,0.79115283,0.7776659,0.7686938,0.7858995,0.78156036,0.7689159,0.799653,0.79697794,0.7861989,0.7771317,0.782941,0.7638344,0.7830594,0.7947401,0.7848112,0.78433526,0.8031599,0.775226,0.78393275,0.8024814,0.7929337,0.79473734,0.7791794,0.79862916,0.77568233,0.7685497,0.78906715,0.78277844,0.7906742,0.79547,0.78755814,0.77942395,0.7896955,0.7791153,0.7889791,0.77849925,0.7929099,0.7835064,0.8031857,0.7947598,0.7847393,0.77570593,0.77748406,0.777058,0.76077783,0.7791801,0.7880288,0.78422153,0.77777284,0.7910674,0.77840966,0.76556855,0.7863557,0.77166826,0.7753139,0.7933281,0.7720811,0.77495486,0.7907695,0.79122883,0.7907808,0.7716044,0.79255706,0.7623785,0.7699058,0.797446,0.7758928,0.79625136,0.7820417,0.79222566,0.76775664,0.7696496,0.79336536,0.77399474,0.7785462,0.78020287,0.7851169,0.76979405,0.7803026,0.7655762,0.7938402,0.80576766,0.7817297,0.78857243,0.7854368,0.77118325,0.8118076,0.7926524,0.76939356,0.8050589,0.7647467,0.7997929,0.77071,0.7889124,0.79275995,0.7596156,0.77081674,0.77816546,0.7778179,0.7817177,0.7913439,0.78963584,0.77178735,0.76397294,0.8009923,0.7565233,0.7905566,0.804811,0.7570591,0.7722516,0.7813949,0.781439,0.76622444,0.7795099,0.7746014,0.7984843,0.7916241,0.7961255,0.76399994,0.77696073,0.78112644,0.7598999,0.800802,0.78746426,0.7877059,0.7866474,0.7862967,0.7651261,0.7769594,0.7852746,0.7865309,0.7837631,0.8083129,0.7689219,0.79780734,0.7606925,0.76103944,0.7921199,0.7892711,0.78608525,0.79758364,0.774066,0.79885536,0.7949894,0.7979283,0.80046374,0.78483397,0.7771663,0.7754576,0.7674854,0.7852828,0.7908571,0.76436496,0.7885002,0.7748547,0.79888177,0.7735701,0.78416014,0.76459384,0.78180665,0.78484356,0.77820605,0.7869241,0.7797637,0.78244245,0.7779485,0.8062013,0.7868937,0.7496051,0.7640728,0.7641902,0.77495205,0.7887466,0.8110754,0.7752932,0.795176,0.78865415,0.78569704,0.777832,0.77233845,0.78515714,0.7791729,0.77072847,0.78382033,0.77879333,0.77628434,0.7893714,0.7579236,0.7682383,0.78596926,0.76291174,0.80068684,0.7859458,0.76502055,0.78940547,0.7957429,0.7714942,0.7944633,0.77049524,0.77993333,0.7907174,0.796769,0.78554815,0.78404284,0.76635617,0.7856194,0.7617511,0.78942895,0.7772894,0.76913595,0.78163713,0.7544158,0.7943811,0.7914211,0.79286486,0.76830745,0.7728198,0.7664023,0.789386,0.7545569,0.78750855,0.7698163,0.79546636,0.7827579,0.7680475,0.77402586,0.7929953,0.7865122,0.78411776,0.7844292,0.7758177,0.7945368,0.79463303,0.7827016,0.8101612,0.7825805,0.8042537,0.774093,0.7930399,0.7522847,0.810737,0.78061813,0.7772594,0.7766241,0.79858273,0.76665336,0.749726,0.7843814,0.77756137,0.7938345,0.76830494,0.7962494,0.76723427,0.78977007,0.77717596,0.76224077,0.7588975,0.75473374,0.7865557,0.7941695,0.7873291,0.76254654,0.7822505,0.7728595,0.77661324,0.7682136,0.7617874,0.7732576,0.78198326,0.7833933,0.764398,0.7769799,0.7668607,0.7648376,0.786966,0.7819747,0.77114594,0.793421,0.7859697,0.77922493,0.7741518,0.7901181,0.77240604,0.76836586,0.79574305,0.7701894,0.78396213,0.80746526,0.7934378,0.80529207,0.7954545,0.7603317,0.7790096,0.7899073,0.75640476,0.7819302,0.783715,0.7581124,0.7881773,0.7895098,0.78283554,0.7535154,0.76772547,0.7771893,0.7648092,0.76476,0.76964796,0.7745244,0.79033035,0.7841692,0.8007096,0.8041993,0.7781265,0.7839758,0.7835735,0.77405953,0.77855426,0.7812244,0.79396045,0.7880167,0.78444916,0.80134016,0.769253,0.7788679,0.77289534,0.773062,0.78981054,0.8105259,0.7812693,0.786039,0.7788168,0.7872976,0.7842781,0.78501403,0.79785955,0.78004336,0.749815,0.811207,0.7854213,0.80250096,0.77911574,0.77168673,0.78035635,0.7777352,0.79225624,0.76899266,0.7988578,0.78953445,0.77121025,0.8106659,0.7750757,0.79389626,0.78789675,0.79314023,0.7901075,0.79207194,0.76718163,0.7812362,0.77797234,0.76941013,0.78103817,0.7676799,0.77965325,0.7904295,0.78703636,0.78294355,0.7816928,0.7790948,0.7951922,0.8063175,0.77207905,0.7838957,0.77135426,0.7821279,0.77424634,0.79380316,0.7919482,0.80287683,0.80261284,0.7853549,0.7724056,0.78697336,0.8027465,0.76774114,0.7698328,0.7775768,0.78246516,0.8082688,0.7758371,0.79033446,0.8002924,0.7894444,0.7844945,0.79069793,0.7696241,0.77247524,0.7556711,0.812229,0.7935828,0.7702471,0.7754877,0.7647615,0.77297777,0.77700645,0.7928228,0.77279484,0.75493693,0.78815705,0.7548082,0.7990761,0.78411365,0.77951705,0.7681794,0.7834268,0.76720196,0.79751945,0.7909955,0.7998517,0.7924797,0.78128564,0.7658553,0.758731,0.76467663,0.78487694,0.790874,0.81198764,0.7689856,0.78348607,0.7903807,0.782297,0.7930003,0.79969907,0.77968377,0.7703185,0.7994275,0.76829004,0.8028591,0.769954,0.78014266,0.7746942,0.79282033,0.78810096,0.7776249,0.7977719,0.79030204,0.7721979,0.762778,0.7705799,0.772965,0.7780549,0.76487756,0.79640204,0.78355026,0.7882892,0.81527984,0.74722916,0.7720481,0.8053218,0.7724182,0.7769736,0.77632654,0.7740911,0.7888219,0.77045447,0.78620803,0.81746894,0.78602374,0.78830177,0.79405904,0.7897411,0.7736129,0.7850244,0.79734004,0.7842719,0.7872966,0.78119123,0.78931046,0.78124595,0.79833055,0.7717108,0.78216666,0.78901356,0.7882238,0.770911,0.77894306,0.7670451,0.7940755,0.78594756,0.78068334,0.7949204,0.7868084,0.7921905,0.7940164,0.77572954,0.7884099,0.7494301,0.7737707,0.79137987,0.767886,0.7998529,0.80110127,0.7742902,0.772806,0.80609286,0.77611846,0.79097134,0.7675496,0.76752913,0.7751709,0.7829254,0.76147354,0.77912897,0.78379077,0.7833433,0.7902189,0.77270794,0.7876031,0.7795062,0.7899802,0.75110584,0.7943868,0.78163266,0.79745823,0.79316604,0.75782204,0.8023925,0.78747183,0.78307796,0.7899511,0.77123606,0.79802686,0.80665225,0.77433014,0.75408304,0.8020797,0.7942881,0.79295874,0.78419214,0.78803575,0.784207,0.784308,0.7725752,0.7812347,0.8032516,0.77879417,0.78241986,0.779502,0.7723538,0.7814929,0.77594346,0.7831334,0.77873844,0.7813505,0.7873715,0.778035,0.77808994,0.7598821,0.79150516,0.77398574,0.80601054,0.7750815,0.78655934,0.78056794,0.7834853,0.76616514,0.7881933,0.7944714,0.7701378,0.7822054,0.76377165,0.77475965,0.7906321,0.76884776,0.8043318,0.7887931,0.7995777,0.78529114,0.7731109,0.7791672,0.7799743,0.80998385,0.7934946,0.7855751,0.79149336,0.7713959,0.7977301,0.788711,0.7964361,0.78884786,0.769991,0.78006285,0.77019554,0.79520273,0.78857976,0.7598897,0.7728457,0.77891415,0.77880925,0.7882227,0.7690985,0.7817893,0.8144587,0.78983146,0.7686622,0.7819641,0.7619624,0.78367615,0.7874032,0.7991385,0.7810777,0.7588587,0.78545153,0.7864489,0.7848579,0.756836,0.78091115,0.7814614,0.8086701,0.77464277,0.79241925,0.7732574,0.76429707,0.77868706,0.79156315,0.77421165,0.79613304,0.7943481,0.77822155,0.8051447,0.8050689,0.77279264,0.79741156,0.7748339,0.7917062,0.78988916,0.7734081,0.7841559,0.80140674,0.76271814,0.7926319,0.7731126,0.77498406,0.7852181,0.78738546,0.8191169,0.7859261,0.7864107,0.7776863,0.7892281,0.8024731,0.780686,0.7756624,0.7759437,0.7980599,0.77556336,0.8013974,0.7767642,0.77689064,0.7907366,0.79617983,0.76859784,0.77477735,0.7727332,0.8037804,0.77701014,0.7777074,0.77837247,0.7841537,0.77265006,0.77443105,0.7989292,0.7800102,0.7813612,0.77368325,0.803339,0.7717093,0.7850294,0.78136545,0.8045794,0.79089266,0.78940034,0.7705403,0.78039396,0.78754604,0.7822708,0.8013569,0.76701224,0.79017776,0.80060303,0.77804047,0.8159606,0.7881178,0.7780207,0.784907,0.81103075,0.79635787,0.7619491,0.7759534,0.7760346,0.7720534,0.77692586,0.7781792,0.7712155,0.7978594,0.7739814,0.779559,0.77982044,0.78377044,0.8038898,0.7513555,0.7815338,0.80073935,0.77371216,0.8160994,0.7839223,0.8025563,0.78412735,0.77756274,0.7718468,0.79205537,0.7731652,0.77837276,0.80827516,0.77879804,0.77175945,0.7858204,0.760875,0.8034391,0.76178557,0.78574884,0.79992205,0.7933764,0.787243,0.76680917,0.78525835,0.76803803,0.8024457,0.78835225,0.7773895,0.7809021,0.78096235,0.7770886,0.791641,0.7748009,0.7828884,0.76349187,0.76328784,0.77346534,0.7935535,0.78743434,0.7919036,0.7854384,0.78281045,0.78460115
0.8338961,0.83921397,0.84525377,0.86140513,0.82522345,0.8632789,0.83998835,0.82102734,0.8387813,0.81990653,0.84419435,0.8327388,0.8441611,0.84535736,0.834379,0.8388745,0.83693403,0.8287281,0.83443284,0.83950377,0.8338106,0.8455706,0.8441335,0.8501589,0.8299956,0.8537303,0.83698326,0.8340894,0.85424125,0.8377246,0.8353434,0.834237,0.8279216,0.83964264,0.83620584,0.8544044,0.83387744,0.83604217,0.8177713,0.83747816,0.8497955,0.82605827,0.84794873,0.8211197,0.8383229,0.8391329,0.8554135,0.8458259,0.8552564,0.8527322,0.84700185,0.84767073,0.84779924,0.82896125,0.845133,0.85592836,0.8345134,0.84195626,0.8478562,0.8282967,0.8458291,0.84721345,0.85273623,0.8261662,0.8420199,0.8386364,0.85872936,0.8303694,0.84024304,0.83018816,0.83628726,0.83538014,0.8412984,0.83451843,0.82154745,0.846538,0.8106295,0.8390818,0.82538366,0.84819865,0.85378283,0.8193429,0.84231204,0.86269045,0.8365441,0.8330259,0.8348673,0.8489328,0.8695607,0.8412878,0.84156555,0.8567258,0.8289001,0.8742457,0.84069365,0.8435113,0.8711848,0.85039717,0.8356159,0.83352053,0.84452397,0.82234496,0.8440264,0.84179044,0.84669316,0.8455574,0.86353886,0.8313225,0.83892095,0.8478545,0.8319218,0.8330223,0.8608218,0.8493944,0.8427505,0.83903885,0.83370316,0.8434323,0.84889126,0.85262495,0.84632146,0.8471621,0.8566262,0.82714695,0.8422099,0.8471315,0.84859747,0.82653743,0.84185433,0.8475592,0.84490985,0.85507184,0.83737993,0.8203719,0.83158624,0.82785565,0.84672445,0.8579553,0.84625727,0.84943926,0.8191662,0.83515596,0.8503163,0.85087466,0.82624644,0.839428,0.8373026,0.8361443,0.838946,0.8366004,0.85183585,0.8406574,0.84034604,0.839235,0.86766416,0.8262895,0.8431221,0.8408836,0.8365179,0.8416338,0.86554205,0.8377435,0.8345454,0.80482244,0.85943365,0.8332927,0.85299027,0.8541669,0.8594311,0.863478,0.8265257,0.84040964,0.8454278,0.8285849,0.8493751,0.8444261,0.85409826,0.8247216,0.840185,0.8537135,0.8455667,0.82941574,0.8328783,0.8457426,0.8448174,0.8273497,0.83854717,0.8246355,0.8449273,0.8317718,0.8320489,0.8386998,0.8427318,0.8337384,0.8468787,0.84586805,0.8077508,0.8487113,0.83105874,0.8143872,0.8601153,0.83375,0.83956367,0.8290277,0.8427441,0.83807176,0.8698799,0.8729434,0.8432221,0.8428501,0.8437607,0.825275,0.8418455,0.8441853,0.85729504,0.8179906,0.8304617,0.8548997,0.82718927,0.8498569,0.84822017,0.82026064,0.8391462,0.8465262,0.8378632,0.84364945,0.8433461,0.86316913,0.8592899,0.84101814,0.82364714,0.8153743,0.8357047,0.83723474,0.8197729,0.82082933,0.82716954,0.85457164,0.8336368,0.82416636,0.83283925,0.8229352,0.8355578,0.8383793,0.84890807,0.82158995,0.8511458,0.84336966,0.84211594,0.84876865,0.851394,0.84014547,0.87421364,0.86572105,0.8498567,0.8384401,0.8378626,0.8313206,0.843727,0.8315121,0.8547638,0.8520723,0.86249566,0.8393519,0.8558161,0.85109425,0.8457784,0.8243399,0.8462275,0.86220264,0.8391735,0.8288274,0.8374963,0.84492636,0.8500223,0.867518,0.830234,0.8319192,0.853379,0.80822074,0.8343858,0.8249269,0.85306114,0.8269052,0.8518129,0.833377,0.84583855,0.8390583,0.8498085,0.84517217,0.84406996,0.84146863,0.84920675,0.8579609,0.818649,0.85129255,0.8549478,0.8336994,0.86267734,0.8394756,0.8225428,0.8382789,0.8561485,0.80923575,0.8331174,0.8341837,0.8545971,0.8343808,0.8400734,0.8472256,0.83604646,0.8394375,0.84189653,0.84679407,0.81548786,0.8245335,0.840848,0.81579316,0.8537993,0.8341377,0.8299261,0.84177184,0.8443591,0.8127748,0.84293497,0.8354307,0.84349644,0.8422189,0.83278686,0.8523268,0.8358034,0.8349714,0.86093587,0.8432599,0.83538246,0.85576206,0.83403957,0.8364213,0.84421945,0.824739,0.83374804,0.84839356,0.84396696,0.8431386,0.8415403,0.84245855,0.8287165,0.8487022,0.8406122,0.83037823,0.8501807,0.81263,0.8341242,0.8448852,0.8360184,0.8153812,0.84219337,0.83231676,0.8271313,0.8474005,0.8072758,0.8680615,0.84424984,0.84893095,0.81394565,0.82108223,0.8440277,0.8211472,0.8551282,0.8617998,0.84615016,0.83637625,0.8154067,0.8452593,0.8453206,0.84252137,0.8438566,0.8274023,0.85408384,0.82936996,0.85101855,0.8409164,0.82300115,0.8429272,0.83838254,0.8280534,0.87554085,0.85181904,0.8650546,0.8447335,0.8603967,0.8569418,0.8509572,0.8354522,0.8464291,0.8616703,0.8425472,0.83979267,0.8495497,0.8521556,0.86184037,0.85349494,0.8329488,0.86135733,0.8462479,0.85235906,0.8499621,0.84656703,0.83813035,0.83632886,0.8540431,0.84463215,0.8472866,0.8261181,0.83151484,0.83062917,0.83037066,0.8549653,0.85932803,0.85927093,0.8365087,0.8584754,0.8381355,0.82860005,0.8398761,0.8569491,0.84493196,0.8504354,0.8408129,0.8562684,0.84604466,0.84079957,0.8499618,0.85172987,0.8305056,0.84233594,0.82154703,0.85792416,0.83528197,0.835744,0.84406704,0.840622,0.837465,0.86234945,0.8274754,0.83510685,0.85545313,0.8566334,0.853478,0.8595572,0.8539233,0.82645506,0.84284824,0.83659494,0.8414915,0.83349526,0.8347563,0.82075673,0.83907735,0.8435966,0.8386582,0.8222283,0.83687603,0.8241049,0.82584184,0.8074756,0.8595961,0.8492499,0.8503757,0.84680027,0.8252372,0.8409134,0.83811706,0.8346723,0.84006095,0.85406256,0.85136014,0.8579476,0.85509133,0.84049904,0.8550976,0.8528767,0.83692265,0.8487658,0.84204406,0.83337754,0.85350084,0.8200184,0.8060497,0.8443742,0.8400585,0.8299579,0.8136059,0.8491001,0.8327602,0.86218196,0.83568186,0.85420465,0.83603716,0.8534851,0.8389429,0.8226331,0.8394556,0.84638333,0.8348405,0.84704036,0.85159785,0.81535083,0.83521277,0.84274894,0.8243636,0.82881373,0.8338007,0.8449162,0.83945674,0.8526081,0.8420241,0.8529129,0.82534415,0.8209082,0.82546455,0.8484924,0.8485884,0.8448673,0.8445276,0.8383732,0.83648694,0.83663064,0.833875,0.8117993,0.8401022,0.8284604,0.82052493,0.8577096,0.86573076,0.84305334,0.868557,0.8263811,0.8533681,0.84405345,0.8163135,0.8449687,0.81190825,0.8464624,0.8516041,0.85248154,0.841943,0.84104896,0.8294208,0.81572485,0.81667477,0.80944294,0.83415014,0.8394019,0.8425001,0.82373804,0.85264266,0.8396163,0.83886874,0.8293949,0.84875447,0.8206357,0.83871484,0.8315531,0.85782266,0.84266853,0.8448139,0.8531792,0.8282276,0.8338915,0.8247669,0.8373664,0.8435092,0.8412062,0.83826625,0.851888,0.84051687,0.8564187,0.8413209,0.842851,0.83190656,0.8469318,0.8273195,0.8583746,0.8314167,0.8210009,0.8334819,0.8420034,0.83878183,0.8480904,0.83961797,0.8135552,0.8328675,0.8613992,0.8361287,0.8556384,0.8307049,0.8363105,0.8320944,0.8585092,0.83684295,0.84899426,0.8407448,0.8604779,0.82871866,0.8218175,0.82639676,0.85062873,0.8434387,0.8577904,0.8223795,0.84999746,0.8312641,0.835172,0.85538423,0.8498626,0.8162723,0.85694367,0.843037,0.86077595,0.84525704,0.86240923,0.8593014,0.84907836,0.84370065,0.8425291,0.8307631,0.8610451,0.83716655,0.8198574,0.81865627,0.8395955,0.854863,0.8504434,0.84576684,0.8410544,0.8586367,0.84407514,0.8464409,0.8502552,0.8397532,0.8255869,0.8368092,0.87907314,0.85676056,0.83130753,0.8360521,0.83761334,0.83564043,0.8471513,0.8369434,0.84000856,0.83203477,0.84206,0.82704,0.8437723,0.81883144,0.8373523,0.82543135,0.8275337,0.83700055,0.8540078,0.8364224,0.85482067,0.85056335,0.8435496,0.8331788,0.8446413,0.8095086,0.8401588,0.8140881,0.8470602,0.8448735,0.8543399,0.8612919,0.8378653,0.85257393,0.877503,0.8437139,0.82494587,0.8562968,0.84217286,0.8515956,0.84237677,0.84313405,0.8137086,0.84221625,0.8504014,0.8478072,0.8482444,0.8496646,0.83625257,0.8238878,0.810671,0.8415671,0.82509816,0.82943964,0.8387583,0.86950445,0.83761495,0.8631907,0.8240077,0.832819,0.8422969,0.82799107,0.8422624,0.8439337,0.8418978,0.8674808,0.82471085,0.85082185,0.87672377,0.8517234,0.8603028,0.8678023,0.8592873,0.8660866,0.83106285,0.83956385,0.85947216,0.8377499,0.81594914,0.8527961,0.8331528,0.84945136,0.82244074,0.8486707,0.8489858,0.86196744,0.8239321,0.84575987,0.8459654,0.85267,0.85114247,0.8250511,0.8490933,0.84081197,0.8458246,0.8422913,0.8621669,0.8533944,0.8279983,0.82433295,0.83051234,0.82167184,0.85984004,0.849361,0.81928277,0.81504315,0.8566086,0.8432444,0.8406316,0.8355917,0.8253773,0.8404935,0.8386308,0.8254359,0.84758794,0.8460797,0.87370735,0.82330346,0.8310292,0.839094,0.8479885,0.83413625,0.8209082,0.84550923,0.8703382,0.8671858,0.8646305,0.8269289,0.85084397,0.84207535,0.8485234,0.8681003,0.8346399,0.8485069,0.85548484,0.8267598,0.81982356,0.84610915,0.84076566,0.86055017,0.83601475,0.850823,0.8567463,0.84199554,0.82106787,0.84146196,0.8354452,0.84706473,0.83448964,0.8029249,0.84381294,0.83330405,0.84402245,0.835729,0.8511381,0.8404346,0.8585863,0.8549885,0.8461232,0.8285318,0.8432603,0.8180436,0.8427442,0.82967645,0.82299167,0.84164083,0.8511582,0.8398999,0.85220873,0.8512879,0.84166574,0.8340656,0.82475144,0.8351058,0.8461192,0.8542935,0.8692551,0.8548403,0.85831255,0.84712696,0.83574736,0.8555299,0.84244174,0.84457755,0.84551734,0.8439464,0.8313691,0.8430917,0.83274287,0.8497622,0.83984745,0.8477014,0.8457967,0.8285718,0.8222172,0.8422389,0.8468077,0.806102,0.84222734,0.8330804,0.8425435,0.8244927,0.81315595,0.8430831,0.8551098,0.86311734,0.82216334,0.84628576,0.8427144,0.8474313,0.8392012,0.85192996,0.8398728,0.8358446,0.86276054,0.8672382,0.83325756,0.8272211,0.8483124,0.85144985,0.85429376,0.82343125,0.84641016,0.83401424,0.8294732,0.83647084,0.86420864,0.8337262,0.8537215,0.8382988,0.86111134,0.8449644,0.8412377,0.83149594,0.85043603,0.84545875,0.8581779,0.83411753,0.82412404,0.8420968,0.8246655,0.83603984,0.85619074,0.8356361,0.85990644,0.8556744,0.83152056,0.8504882,0.8384429,0.8429765,0.83732176,0.8202939,0.85028845,0.8369625,0.83196783,0.82870823,0.857602,0.8312384,0.8531789,0.83925945,0.8400117,0.85033005,0.86425287,0.8256858,0.84535956,0.8264748,0.86044985,0.835037,0.84462255,0.83377373,0.84862435,0.8353887,0.8441851,0.8764546,0.84154236,0.8540591,0.8345096,0.8362764,0.84305894,0.85873157,0.8504855,0.85311216,0.8576685,0.8358732,0.84140104,0.83068025,0.82956976,0.8402744,0.8619378,0.8362603,0.85782164,0.8206808,0.85242873,0.86910313,0.85068566,0.8326178,0.8363895,0.84057164,0.86274004,0.8413153,0.8501486,0.82149035,0.82381606,0.83857006,0.846909,0.82827324,0.8407849,0.8374014,0.85275024,0.8439365,0.8301256,0.8429954,0.80197406,0.8349566,0.8655653,0.8274716,0.8521499,0.85154355,0.8503048,0.8506184,0.8377331,0.83127904,0.84245545,0.8453291,0.8531931,0.8619652,0.8252365,0.8374091,0.8145056,0.8649207,0.8381412,0.8435185,0.8435451,0.838762,0.8497297,0.8430555,0.8183948,0.8403446,0.86627847,0.85813004,0.87051547,0.83748496,0.85431546,0.84237605,0.83330846,0.86318976,0.8262785,0.8387959,0.83159107,0.82411635,0.8306246,0.8332243,0.8444361,0.8385174,0.85500836,0.8414984,0.82992536
1.2383552,1.2135478,1.1937354,1.2438432,1.2331865,1.2333572,1.2232094,1.1973567,1.2063044,1.2164891,1.247118,1.224523,1.2214276,1.2341932,1.2036563,1.214738,1.2233001,1.2315997,1.2285548,1.2321582,1.1975988,1.2312706,1.2447238,1.2373921,1.2333766,1.2436973,1.2092502,1.2329617,1.2540727,1.2233781,1.2229013,1.2419053,1.2481058,1.2287321,1.2032573,1.255546,1.2290452,1.2272404,1.2213616,1.2339709,1.2410442,1.2048631,1.2271423,1.217046,1.2401354,1.2475913,1.2512333,1.2427005,1.2322419,1.2554449,1.2317145,1.231542,1.2278413,1.2103138,1.2131407,1.2419212,1.2182848,1.2326486,1.2280878,1.2333245,1.2252462,1.2337655,1.2212447,1.2138486,1.2272546,1.2573863,1.2110832,1.2109165,1.2429127,1.2324358,1.230711,1.2384505,1.2271775,1.2385694,1.2077339,1.2404734,1.2359005,1.2369381,1.2205868,1.2597108,1.2327313,1.2120869,1.2284395,1.2473351,1.2450511,1.2365086,1.2536694,1.236551,1.2330984,1.2259572,1.220481,1.22245,1.218923,1.2312205,1.229484,1.2338893,1.2398986,1.2325721,1.2407471,1.2417394,1.2365204,1.2270966,1.2372974,1.2402656,1.2293646,1.231991,1.2234516,1.2190962,1.2312207,1.2293354,1.232984,1.2376945,1.2407229,1.216097,1.2152553,1.227001,1.2216647,1.2354729,1.2295817,1.2394189,1.2185462,1.2367408,1.230035,1.2073194,1.2212692,1.1943277,1.2334908,1.2434516,1.1938969,1.2284336,1.2290485,1.2489622,1.2433405,1.239718,1.2319891,1.2252631,1.2265267,1.2504269,1.2221823,1.24246,1.2206907,1.2436811,1.2453479,1.2271614,1.2101387,1.244219,1.2336934,1.2365695,1.2139179,1.2321547,1.20946,1.2185936,1.237765,1.2193773,1.2185796,1.2403892,1.2191617,1.2270757,1.1980754,1.2272158,1.2393503,1.218734,1.2343788,1.2029628,1.2304006,1.2090809,1.2289912,1.2275592,1.243336,1.2546936,1.2248809,1.2596781,1.2310125,1.2272817,1.2212316,1.2282825,1.2442693,1.2232509,1.2267287,1.2241269,1.2427121,1.2277911,1.2189758,1.2227004,1.2375879,1.2332699,1.2300153,1.2335206,1.2258794,1.2225924,1.1916364,1.241951,1.2369835,1.2202183,1.24324,1.2387333,1.2084553,1.2411591,1.2213615,1.2175202,1.2220509,1.2028533,1.2310493,1.2406981,1.2290373,1.2110163,1.2283726,1.2411469,1.2425494,1.2329817,1.2265701,1.2336876,1.2347445,1.2216595,1.2200423,1.2201738,1.2485955,1.2265316,1.209498,1.2354887,1.224939,1.2182257,1.2365204,1.24024,1.2315538,1.2413205,1.2303671,1.2401253,1.2273651,1.2333823,1.2196007,1.2185892,1.2167894,1.1963631,1.2130595,1.2454772,1.2081665,1.2513871,1.2245095,1.2366271,1.2238488,1.2265688,1.2285879,1.237168,1.2450036,1.2107267,1.2360526,1.2291174,1.2435278,1.2121317,1.2328143,1.2225375,1.2305832,1.2097616,1.2321092,1.2254478,1.2544477,1.2440108,1.2300406,1.2397188,1.2393982,1.2402813,1.2590642,1.2215024,1.2610236,1.2545152,1.2218214,1.2292415,1.2117063,1.247634,1.2310339,1.246584,1.2401096,1.2268574,1.2409723,1.243451,1.2087933,1.2186617,1.2341228,1.1955562,1.2184135,1.2173034,1.2210662,1.2069105,1.2166466,1.232387,1.2434425,1.2240014,1.2258949,1.2191311,1.2234372,1.2564385,1.2237957,1.2229954,1.2334781,1.2238982,1.2349813,1.2104782,1.2733805,1.2171683,1.2335643,1.2221926,1.2406261,1.235391,1.219317,1.2290571,1.2499566,1.2190107,1.2423664,1.239372,1.242976,1.2305001,1.2444791,1.2157004,1.2318399,1.2466551,1.2563827,1.2230417,1.2432287,1.2154981,1.2214504,1.2407937,1.2403435,1.214378,1.2194402,1.2099878,1.211809,1.2499331,1.2418069,1.2135229,1.235654,1.2292088,1.2455274,1.2178527,1.2224396,1.2406619,1.2279464,1.2378027,1.2559625,1.2257885,1.2262876,1.2471135,1.2454244,1.2496436,1.2464908,1.2215303,1.2434297,1.2437963,1.2270644,1.2178606,1.2482212,1.2205144,1.22302,1.2444445,1.2169385,1.2084904,1.2272089,1.2285405,1.2292978,1.2504165,1.2039208,1.2323883,1.2473443,1.2415172,1.1998061,1.237364,1.2373277,1.2284486,1.236871,1.2376065,1.2413872,1.2178638,1.2126428,1.2473102,1.2417006,1.2500919,1.2373122,1.2370417,1.2389299,1.2101672,1.2241037,1.237139,1.2398753,1.2286593,1.2254372,1.2274858,1.2557647,1.235255,1.2550864,1.2200935,1.2240542,1.2350928,1.2284502,1.2454242,1.2227844,1.2377092,1.2323775,1.2373238,1.2194895,1.2360636,1.2490256,1.2407211,1.2319262,1.2406602,1.2279502,1.2283571,1.2167522,1.2392253,1.2414668,1.2276409,1.238965,1.241508,1.2362034,1.2405694,1.2323616,1.2325903,1.2298508,1.2198253,1.2514751,1.2442237,1.2351712,1.2433721,1.2212895,1.2150671,1.2297237,1.2354939,1.2284102,1.2426904,1.2135369,1.2231853,1.217124,1.2530206,1.250669,1.2339677,1.2208188,1.2285825,1.2338426,1.2663195,1.2279636,1.2511581,1.2294326,1.2229282,1.240366,1.2447942,1.222016,1.2198895,1.2253385,1.267267,1.2475027,1.2520152,1.2551672,1.2144576,1.2190838,1.2502551,1.2280426,1.237469,1.2206677,1.2182268,1.2619418,1.2431738,1.2250867,1.2202817,1.228467,1.2365043,1.2205048,1.1978978,1.2403883,1.2175094,1.2101251,1.2416295,1.2261785,1.2162305,1.2262688,1.2164546,1.2459168,1.2431743,1.2303386,1.2457039,1.2601811,1.2371422,1.250211,1.2182537,1.2343428,1.2389578,1.2420135,1.2329141,1.2364185,1.2225884,1.2251465,1.2336823,1.2208465,1.222323,1.2155566,1.2352442,1.2226584,1.2385921,1.2213447,1.2310071,1.2399155,1.210162,1.2239697,1.2200335,1.238683,1.2360926,1.2176039,1.2382487,1.252296,1.2117932,1.2287825,1.2263527,1.2115058,1.2151482,1.2245662,1.2221603,1.2304941,1.233821,1.2216752,1.2454911,1.2404869,1.2149962,1.2300866,1.2381814,1.221673,1.226296,1.228503,1.2222329,1.2363452,1.2170442,1.2453253,1.2211106,1.2406955,1.2116158,1.2018319,1.2316091,1.2454284,1.2326539,1.2441711,1.2041314,1.2598214,1.226078,1.2151535,1.2285254,1.216939,1.2398342,1.2406322,1.229579,1.2442611,1.231863,1.2296904,1.20754,1.2237432,1.2279464,1.253362,1.2341235,1.2205954,1.221766,1.2217023,1.2321831,1.2356323,1.2453911,1.253358,1.2422721,1.2313825,1.2180312,1.2296131,1.2307434,1.2228843,1.2712272,1.2228315,1.2258675,1.2351824,1.231597,1.2287261,1.2371273,1.2215248,1.2524242,1.2318504,1.2343245,1.2226516,1.224589,1.2054228,1.2325505,1.2164394,1.2442371,1.2094743,1.2268316,1.2246243,1.2305223,1.224532,1.2262529,1.2309955,1.2054921,1.2351836,1.2486624,1.2256473,1.2245644,1.2098911,1.2241589,1.2203833,1.2405572,1.2337738,1.2212061,1.2287301,1.2397126,1.2348359,1.2191112,1.2155521,1.2308851,1.2335165,1.2400739,1.2456707,1.2249641,1.2217898,1.2482507,1.2446674,1.2313435,1.2132399,1.2530892,1.230413,1.2604978,1.2505366,1.2365773,1.232223,1.2304484,1.2484308,1.2410327,1.2446799,1.225188,1.235778,1.2214568,1.2209104,1.2263778,1.232904,1.2457032,1.2519099,1.220426,1.2509058,1.2246629,1.2176567,1.2335443,1.2243292,1.2233381,1.2358141,1.253532,1.2545459,1.2239914,1.2214483,1.2294079,1.2350352,1.2382716,1.2327381,1.2425762,1.2120062,1.2159866,1.2345206,1.2366805,1.234993,1.2233189,1.2392642,1.2278458,1.2302985,1.2344154,1.2322236,1.2451029,1.2101684,1.2320205,1.2286153,1.247667,1.2227013,1.2287556,1.2231737,1.2374202,1.2568496,1.2502137,1.2186093,1.2234596,1.2202079,1.2498466,1.2155153,1.2171826,1.248299,1.2178512,1.2211016,1.2384211,1.214448,1.2187399,1.2487353,1.2186801,1.2240703,1.2296609,1.2158868,1.2081293,1.2164518,1.2216165,1.2321756,1.2206494,1.1877939,1.2544324,1.2483932,1.2376871,1.2468244,1.2382171,1.2431355,1.2342366,1.2180194,1.254126,1.2457694,1.2382627,1.255079,1.2259369,1.2311937,1.2583927,1.2583572,1.2449784,1.2335529,1.2273237,1.2275617,1.2399755,1.1995603,1.2419277,1.2378792,1.2118362,1.2457854,1.2186815,1.2270242,1.2278254,1.2444369,1.2401958,1.2529198,1.2165282,1.2492747,1.2521336,1.2268245,1.2314022,1.2158706,1.245009,1.218672,1.2350266,1.2233869,1.2517203,1.241368,1.2531507,1.2287059,1.2149825,1.2347376,1.2299556,1.242273,1.2416573,1.2079507,1.2590425,1.2191107,1.2249267,1.2293093,1.2268069,1.238607,1.2197092,1.2340401,1.2284424,1.2241527,1.2577308,1.241293,1.2247385,1.1970413,1.2125916,1.2231731,1.2128862,1.2436541,1.2351092,1.252387,1.2327347,1.2332762,1.2289716,1.2245309,1.2332642,1.234823,1.2205725,1.2328116,1.2466342,1.2002774,1.2092115,1.2261095,1.217728,1.2210847,1.2277143,1.2145245,1.2440952,1.2435156,1.2357851,1.2181602,1.235124,1.2305053,1.2040964,1.2072046,1.2129291,1.2190241,1.2322541,1.2317586,1.2621887,1.2305117,1.2317226,1.2357811,1.2314188,1.222661,1.2259196,1.2243295,1.2282699,1.2427813,1.2268271,1.2330852,1.24963,1.2417097,1.207753,1.2196233,1.2258472,1.2257174,1.2321221,1.2326013,1.2497795,1.2345927,1.2400899,1.2443024,1.2548716,1.2432747,1.2194177,1.2497264,1.2118062,1.2232337,1.2352095,1.2474413,1.2275556,1.2052004,1.2323843,1.2460092,1.2353095,1.2215273,1.227656,1.2457101,1.2028595,1.2224599,1.2377808,1.2014601,1.217649,1.2259412,1.2413874,1.2336373,1.2270746,1.2241732,1.2255275,1.240193,1.2135639,1.251492,1.2441511,1.2468755,1.2307903,1.2334919,1.223803,1.2256621,1.2323526,1.2363716,1.2128901,1.2263021,1.2543439,1.2463739,1.2448701,1.2137004,1.2525868,1.2258053,1.2212361,1.2185705,1.210611,1.2002076,1.234792,1.2391114,1.2321979,1.2344853,1.2377952,1.2001873,1.2322104,1.2341347,1.2489197,1.2502341,1.2239834,1.2530811,1.2174368,1.2494247,1.221923,1.2495248,1.2599628,1.2430047,1.2259687,1.254585,1.2268431,1.2426279,1.2195321,1.228219,1.2177908,1.2167995,1.2424976,1.2367419,1.2372929,1.2102209,1.2267321,1.2427204,1.2271345,1.2274814,1.2284348,1.2372415,1.2353404,1.2162544,1.2378175,1.2281712,1.2210659,1.252458,1.2056637,1.2373785,1.2254204,1.2102116,1.2345628,1.2621263,1.2287507,1.2206342,1.2304937,1.2308558,1.2250842,1.2339798,1.2481066,1.2309145,1.2430264,1.2105905,1.2114938,1.2322147,1.2702405,1.2303735,1.2422961,1.2044897,1.2324169,1.2319674,1.2529268,1.2081482,1.2116818,1.2208648,1.2279181,1.2180146,1.2277724,1.2361357,1.2110386,1.2405472,1.2253872,1.2073535,1.2454826,1.2163631,1.2163237,1.2528073,1.237537,1.2360915,1.2175953,1.223411,1.2512884,1.2227689,1.2289908,1.2535529,1.2340977,1.2194282,1.231796,1.2471906,1.2239165,1.2341189,1.236966,1.2468405,1.235132,1.245016,1.1994389,1.2542462,1.2323608,1.2317674,1.214041,1.2238294,1.2474209,1.2389845,1.218502,1.2454767,1.2418711,1.2338899,1.2501891,1.2255814,1.2214036,1.2346052,1.2470438,1.2329046,1.2404587,1.2141333,1.2299803,1.2379787,1.2303429,1.2294655,1.2066103,1.2318785,1.2316277,1.2344488,1.197706
0.91835696,0.8875897,0.8822431,0.9177543,0.89719456,0.9082034,0.8991384,0.89796394,0.8860167,0.9159294,0.9145459,0.9111285,0.92211443,0.92118406,0.8850516,0.90498376,0.91512156,0.8919052,0.92539126,0.9089649,0.91468275,0.91953766,0.91815215,0.91447,0.9077052,0.9309919,0.8965305,0.896759,0.9309742,0.9071258,0.9062209,0.91660744,0.9249816,0.91995555,0.8753225,0.93775094,0.9122583,0.90833294,0.9150997,0.9102537,0.9304684,0.89797163,0.9133681,0.90983605,0.9146377,0.92432773,0.92413163,0.9125136,0.9214637,0.9395021,0.923458,0.9250548,0.91106486,0.8979781,0.92267585,0.91964656,0.9173562,0.9299485,0.9022278,0.8964946,0.92638695,0.92557526,0.89563566,0.89865464,0.91993266,0.9154081,0.9056294,0.90257204,0.9090473,0.9052432,0.9186094,0.8942031,0.90345794,0.91257465,0.90126806,0.9080859,0.9192402,0.92702025,0.91056734,0.93012583,0.9273275,0.89992326,0.90197927,0.91157717,0.94637924,0.9332499,0.92952985,0.9159121,0.93463546,0.92333853,0.8962235,0.92866635,0.9074917,0.9254012,0.92121243,0.9082138,0.93213916,0.89552367,0.917352,0.90618265,0.9292635,0.9014052,0.89298123,0.90330106,0.9296013,0.9147279,0.92455125,0.92026174,0.92204887,0.92575717,0.92023766,0.93610424,0.9139906,0.91626227,0.9080973,0.9026543,0.8948428,0.89539933,0.92615026,0.9259615,0.898384,0.9119452,0.9265181,0.9014739,0.92627203,0.90988255,0.8962195,0.9129194,0.8801202,0.905314,0.93884397,0.91503507,0.92012364,0.9168788,0.9104625,0.9230978,0.8930314,0.9265879,0.9157793,0.90993965,0.899292,0.9169175,0.91708803,0.9129273,0.8875926,0.9143964,0.9165152,0.91281676,0.9084546,0.9164025,0.8928329,0.9206567,0.9002282,0.9215031,0.9040443,0.929966,0.9119184,0.9004128,0.8887821,0.9078224,0.91711205,0.9272509,0.91233504,0.8882647,0.91969615,0.8938411,0.9035713,0.91368157,0.9134771,0.92564327,0.8990497,0.95185244,0.9053172,0.91016,0.93185115,0.9192176,0.91511685,0.9055681,0.92136735,0.8937388,0.90983874,0.9015495,0.9151102,0.9093892,0.9138514,0.9181396,0.89779323,0.91109097,0.9267,0.9030601,0.8862202,0.92523205,0.9155483,0.9115369,0.91488236,0.91427183,0.90311074,0.919883,0.91154796,0.9196993,0.91618055,0.90673655,0.9013468,0.89785576,0.9142934,0.9088224,0.91092014,0.9276573,0.90724695,0.9120727,0.9339557,0.8985635,0.92629397,0.91146773,0.9205605,0.90876555,0.9400706,0.8988322,0.9111145,0.91671735,0.9119636,0.8897127,0.90849364,0.9217442,0.9229337,0.9173518,0.91084445,0.921287,0.92195946,0.8988903,0.9018781,0.87876064,0.9007907,0.8951864,0.91841036,0.91379505,0.9110334,0.92960036,0.90552264,0.9118036,0.8894692,0.90209067,0.9078506,0.932751,0.92114764,0.9002015,0.90288574,0.920012,0.9270695,0.9121245,0.9114904,0.89996195,0.92212796,0.8991938,0.9121255,0.9024368,0.93871135,0.92496634,0.93008584,0.908221,0.9034831,0.9355978,0.9329596,0.91577613,0.95032555,0.9437599,0.913535,0.8894948,0.89176774,0.9425188,0.91047245,0.9252236,0.9173169,0.9085422,0.9311265,0.9250911,0.91174567,0.90282387,0.9093449,0.89851946,0.91467535,0.8984857,0.922262,0.90624523,0.8921503,0.9144083,0.8997229,0.8995899,0.9012281,0.9027089,0.90163726,0.9279538,0.9089943,0.91058266,0.9089162,0.905696,0.897041,0.8958918,0.9347189,0.9094356,0.8982876,0.9100495,0.9274635,0.9047534,0.91192234,0.9264095,0.92532307,0.9080682,0.9033159,0.9179111,0.90722793,0.8979766,0.9009447,0.8949224,0.9073068,0.9216788,0.91504115,0.8896706,0.9261658,0.89010185,0.8902891,0.936065,0.9073929,0.9087198,0.885715,0.9008204,0.91243523,0.9328749,0.9133768,0.8918053,0.92836386,0.9066169,0.9516362,0.90678084,0.9170188,0.93401605,0.89034134,0.91840947,0.91629606,0.9096353,0.91309875,0.90058595,0.93857336,0.9313006,0.90176165,0.8933961,0.93805647,0.92051494,0.9187279,0.90615064,0.91114753,0.9008698,0.91095376,0.9225193,0.9112323,0.90604866,0.9040027,0.9361402,0.9128692,0.89690584,0.8876608,0.9092773,0.92511266,0.9139138,0.8952534,0.916659,0.9019346,0.88969606,0.91100335,0.9178037,0.9347979,0.9027359,0.9054761,0.92517763,0.8987144,0.92498106,0.9002018,0.91045856,0.9254506,0.8978203,0.914484,0.9050742,0.9248398,0.922,0.9134386,0.90984625,0.9209805,0.91592395,0.9108511,0.91381395,0.91598475,0.9198615,0.90506727,0.9211276,0.90835595,0.92635673,0.9063699,0.90739906,0.9180575,0.92451465,0.90798783,0.9224979,0.91807795,0.9193383,0.9179447,0.8994902,0.9040094,0.9362673,0.9173098,0.90235066,0.9148967,0.92047226,0.9311544,0.9039205,0.89833707,0.89966965,0.90029866,0.92085445,0.92269105,0.926732,0.91662437,0.91436213,0.91015697,0.90698886,0.9011722,0.9294983,0.93002343,0.91279846,0.8869807,0.9222635,0.8997327,0.9309147,0.9115345,0.9238965,0.9128333,0.91262376,0.9097174,0.937094,0.92775196,0.91916907,0.91142976,0.91132987,0.92087835,0.93175083,0.89291745,0.89490485,0.9219338,0.94080615,0.9384887,0.92412305,0.9342891,0.8939471,0.92042124,0.9296377,0.9239736,0.92443043,0.91292274,0.9006379,0.9224576,0.9287712,0.9066507,0.905106,0.9059258,0.9151515,0.92083704,0.8884711,0.9174274,0.9124887,0.90471464,0.91400784,0.90145785,0.90635556,0.9096461,0.89891154,0.93158937,0.90240717,0.9182139,0.9327444,0.92983675,0.919628,0.92104673,0.9147567,0.90869606,0.9011132,0.9130128,0.9169111,0.918493,0.9059278,0.88386446,0.8916653,0.90259165,0.9003556,0.90435165,0.9139025,0.91680497,0.91227645,0.91893506,0.9242014,0.93016183,0.89632446,0.91634893,0.8830224,0.9271838,0.92371964,0.92354953,0.91332346,0.9217763,0.8913719,0.92757684,0.8935495,0.8969303,0.90697885,0.8977,0.9186692,0.9159654,0.9255016,0.91180587,0.92072874,0.91630816,0.91048014,0.90496147,0.9125158,0.9019363,0.9055169,0.91124237,0.893107,0.92040366,0.9054005,0.911518,0.9003129,0.9012815,0.89531,0.8838526,0.91814,0.92214805,0.9040221,0.91434294,0.89314425,0.92504364,0.9200404,0.9132783,0.93289506,0.89406264,0.91509765,0.93583435,0.909305,0.91282475,0.89866054,0.9209432,0.89313984,0.90673614,0.9027247,0.922102,0.9230027,0.8966465,0.91689557,0.9090899,0.9147647,0.9248832,0.9191039,0.91485894,0.9153562,0.89618844,0.9228328,0.9009512,0.91859263,0.9049047,0.9277811,0.9296254,0.92028135,0.9050647,0.9078116,0.9136174,0.9160718,0.9119066,0.89556086,0.91939133,0.9191748,0.9130171,0.90345895,0.90627456,0.9069861,0.91610795,0.9163514,0.9030702,0.9116759,0.8950408,0.927466,0.9144133,0.90013564,0.89379084,0.9049409,0.918558,0.9238691,0.92185247,0.9027434,0.91259736,0.90308166,0.91249835,0.9089979,0.91099364,0.90754366,0.91292644,0.918675,0.9175631,0.91739875,0.9173287,0.914756,0.91758657,0.9125198,0.93344706,0.8999519,0.901255,0.92010874,0.90380883,0.898093,0.91086197,0.9258148,0.89967334,0.9154025,0.89501446,0.91063374,0.9132267,0.9029489,0.9116074,0.8997538,0.9136102,0.90724295,0.91661745,0.9128718,0.8993422,0.9349695,0.9027724,0.9247126,0.9161214,0.9161018,0.92769146,0.90272737,0.909339,0.88629496,0.89566374,0.9218503,0.9089134,0.9285687,0.9341899,0.902451,0.8904804,0.916297,0.907497,0.91328096,0.9056679,0.92960906,0.90713125,0.9233315,0.9124557,0.9106502,0.8947489,0.90541464,0.8990543,0.9078357,0.9003485,0.91797423,0.9107004,0.9228468,0.8845302,0.9098855,0.9042241,0.9160847,0.8896806,0.8982643,0.8953508,0.90581363,0.90642196,0.9260191,0.9049523,0.90519696,0.89800656,0.9357038,0.8943498,0.91653776,0.92644477,0.90607893,0.89858955,0.89649826,0.91344076,0.89052796,0.90742916,0.90261227,0.9172348,0.9183431,0.9132174,0.879864,0.90502036,0.9128643,0.9319339,0.89676315,0.88817275,0.93345547,0.91767967,0.9153519,0.919031,0.9078948,0.92736834,0.91562754,0.8988174,0.91341704,0.9002165,0.9213772,0.9310817,0.92027545,0.914285,0.9408741,0.9137571,0.9101043,0.90993977,0.9149002,0.9138376,0.92305773,0.90014064,0.9295527,0.9061404,0.8935336,0.9372431,0.9049415,0.920309,0.91271955,0.9121113,0.91997206,0.9363924,0.9060043,0.92449945,0.9271008,0.9035926,0.91048354,0.8862439,0.926935,0.91283965,0.9164671,0.8918377,0.9381578,0.9141124,0.92485166,0.891182,0.9020812,0.8933563,0.9191345,0.92391807,0.9287479,0.8910316,0.93410397,0.90435344,0.913113,0.92310053,0.91241074,0.91442204,0.90724283,0.89783126,0.9149758,0.90889823,0.94061106,0.9185118,0.9241588,0.90243536,0.91292745,0.91031176,0.91178894,0.922074,0.906113,0.9179215,0.9067271,0.9121236,0.9214354,0.9097374,0.9255172,0.9269376,0.9091352,0.90596473,0.9225018,0.893423,0.91284454,0.9044827,0.90784395,0.9026566,0.9006653,0.9139819,0.9291876,0.9340099,0.90266806,0.92061096,0.91643655,0.93166155,0.89994884,0.90883267,0.8988967,0.9093257,0.91046727,0.9126805,0.9362985,0.9098355,0.9221113,0.9126494,0.90467167,0.89135516,0.9005183,0.90320116,0.9082722,0.899086,0.91340446,0.9261662,0.9419595,0.9123476,0.89869905,0.9273511,0.924747,0.91549224,0.9303707,0.9025319,0.92432237,0.9082023,0.93277925,0.91541547,0.9243034,0.92311513,0.8999884,0.9307171,0.8981487,0.9387555,0.9148299,0.92836016,0.90126747,0.8922104,0.91487956,0.9374037,0.909769,0.89652395,0.91853446,0.9208756,0.90814596,0.915055,0.9028329,0.899849,0.9082675,0.92452824,0.8979752,0.9114042,0.9143385,0.9101834,0.90949625,0.92380416,0.8937528,0.9127799,0.90758246,0.93770003,0.9037912,0.9265429,0.91090477,0.89509386,0.9030729,0.9267701,0.9089497,0.9349886,0.9358466,0.9230024,0.9390158,0.8923529,0.92878306,0.91023535,0.9095929,0.9092222,0.8877664,0.89746934,0.9103967,0.9054699,0.92219234,0.90147275,0.91926825,0.90453756,0.9153351,0.9090562,0.9114249,0.92843336,0.9028135,0.9276995,0.90542156,0.9353136,0.9241955,0.922909,0.9179909,0.9338461,0.91699976,0.94242585,0.892383,0.9227282,0.9218755,0.89996177,0.89318454,0.9179879,0.9067527,0.90868175,0.9166071,0.90438235,0.9219599,0.91874963,0.89483315,0.9249057,0.9137418,0.9020799,0.90270364,0.91502106,0.9001534,0.9064925,0.91398734,0.9132262,0.90658504,0.924045,0.9183612,0.9213851,0.90830535,0.9198771,0.9007122,0.91172993,0.9050625,0.91162044,0.9064327,0.90213954,0.90927,0.9165421,0.9208121,0.88394725,0.90055966,0.9059199,0.9248526,0.91626024,0.93234116,0.90170705,0.9216871,0.92679405,0.92979735,0.9037511,0.8933711,0.901068,0.90722847,0.9033967,0.9082209,0.918497,0.8835096,0.90823483,0.91473603,0.8919917,0.91897446,0.89612114,0.9041451,0.9240298,0.9292183,0.9146839,0.90889156,0.9014736,0.9154459,0.899492,0.90611726,0.9165003,0.90709174,0.9108659,0.9227477,0.9088249,0.88551974,0.91723025,0.91161984,0.89896137,0.9106752,0.88581026,0.87365335,0.9160619,0.9046374,0.9189486,0.92897725,0.9333527,0.91674906,0.9141536,0.89499897,0.92296666,0.9230317,0.91877246,0.9235395,0.91146344,0.91779864,0.9062817,0.93256575,0.9343444,0.91940373,0.899893,0.9197256,0.9046651,0.9286766,0.9087406,0.8954468,0.9142282,0.9046899,0.91000324,0.9145317
0.0,0.0,0.0,0.0,0.0,0.0,0.0,0.0,0.0,0.0,0.0,0.0,0.0,0.0,0.0,0.0,0.0,0.0,0.0,0.0,0.0,0.0,0.0,0.0,0.0,0.0,0.0,0.0,0.0,0.0,0.0,0.0,0.0,0.0,0.0,0.0,0.0,0.0,0.0,0.0,0.0,0.0,0.0,0.0,0.0,0.0,0.0,0.0,0.0,0.0,0.0,0.0,0.0,0.0,0.0,0.0,0.0,0.0,0.0,0.0,0.0,0.0,0.0,0.0,0.0,0.0,0.0,0.0,0.0,0.0,0.0,0.0,0.0,0.0,0.0,0.0,0.0,0.0,0.0,0.0,0.0,0.0,0.0,0.0,0.0,0.0,0.0,0.0,0.0,0.0,0.0,0.0,0.0,0.0,0.0,0.0,0.0,0.0,0.0,0.0,0.0,0.0,0.0,0.0,0.0,0.0,0.0,0.0,0.0,0.0,0.0,0.0,0.0,0.0,0.0,0.0,0.0,0.0,0.0,0.0,0.0,0.0,0.0,0.0,0.0,0.0,0.0,0.0,0.0,0.0,0.0,0.0,0.0,0.0,0.0,0.0,0.0,0.0,0.0,0.0,0.0,0.0,0.0,0.0,0.0,0.0,0.0,0.0,0.0,0.0,0.0,0.0,0.0,0.0,0.0,0.0,0.0,0.0,0.0,0.0,0.0,0.0,0.0,0.0,0.0,0.0,0.0,0.0,0.0,0.0,0.0,0.0,0.0,0.0,0.0,0.0,0.0,0.0,0.0,0.0,0.0,0.0,0.0,0.0,0.0,0.0,0.0,0.0,0.0,0.0,0.0,0.0,0.0,0.0,0.0,0.0,0.0,0.0,0.0,0.0,0.0,0.0,0.0,0.0,0.0,0.0,0.0,0.0,0.0,0.0,0.0,0.0,0.0,0.0,0.0,0.0,0.0,0.0,0.0,0.0,0.0,0.0,0.0,0.0,0.0,0.0,0.0,0.0,0.0,0.0,0.0,0.0,0.0,0.0,0.0,0.0,0.0,0.0,0.0,0.0,0.0,0.0,0.0,0.0,0.0,0.0,0.0,0.0,0.0,0.0,0.0,0.0,0.0,0.0,0.0,0.0,0.0,0.0,0.0,0.0,0.0,0.0,0.0,0.0,0.0,0.0,0.0,0.0,0.0,0.0,0.0,0.0,0.0,0.0,0.0,0.0,0.0,0.0,0.0,0.0,0.0,0.0,0.0,0.0,0.0,0.0,0.0,0.0,0.0,0.0,0.0,0.0,0.0,0.0,0.0,0.0,0.0,0.0,0.0,0.0,0.0,0.0,0.0,0.0,0.0,0.0,0.0,0.0,0.0,0.0,0.0,0.0,0.0,0.0,0.0,0.0,0.0,0.0,0.0,0.0,0.0,0.0,0.0,0.0,0.0,0.0,0.0,0.0,0.0,0.0,0.0,0.0,0.0,0.0,0.0,0.0,0.0,0.0,0.0,0.0,0.0,0.0,0.0,0.0,0.0,0.0,0.0,0.0,0.0,0.0,0.0,0.0,0.0,0.0,0.0,0.0,0.0,0.0,0.0,0.0,0.0,0.0,0.0,0.0,0.0,0.0,0.0,0.0,0.0,0.0,0.0,0.0,0.0,0.0,0.0,0.0,0.0,0.0,0.0,0.0,0.0,0.0,0.0,0.0,0.0,0.0,0.0,0.0,0.0,0.0,0.0,0.0,0.0,0.0,0.0,0.0,0.0,0.0,0.0,0.0,0.0,0.0,0.0,0.0,0.0,0.0,0.0,0.0,0.0,0.0,0.0,0.0,0.0,0.0,0.0,0.0,0.0,0.0,0.0,0.0,0.0,0.0,0.0,0.0,0.0,0.0,0.0,0.0,0.0,0.0,0.0,0.0,0.0,0.0,0.0,0.0,0.0,0.0,0.0,0.0,0.0,0.0,0.0,0.0,0.0,0.0,0.0,0.0,0.0,0.0,0.0,0.0,0.0,0.0,0.0,0.0,0.0,0.0,0.0,0.0,0.0,0.0,0.0,0.0,0.0,0.0,0.0,0.0,0.0,0.0,0.0,0.0,0.0,0.0,0.0,0.0,0.0,0.0,0.0,0.0,0.0,0.0,0.0,0.0,0.0,0.0,0.0,0.0,0.0,0.0,0.0,0.0,0.0,0.0,0.0,0.0,0.0,0.0,0.0,0.0,0.0,0.0,0.0,0.0,0.0,0.0,0.0,0.0,0.0,0.0,0.0,0.0,0.0,0.0,0.0,0.0,0.0,0.0,0.0,0.0,0.0,0.0,0.0,0.0,0.0,0.0,0.0,0.0,0.0,0.0,0.0,0.0,0.0,0.0,0.0,0.0,0.0,0.0,0.0,0.0,0.0,0.0,0.0,0.0,0.0,0.0,0.0,0.0,0.0,0.0,0.0,0.0,0.0,0.0,0.0,0.0,0.0,0.0,0.0,0.0,0.0,0.0,0.0,0.0,0.0,0.0,0.0,0.0,0.0,0.0,0.0,0.0,0.0,0.0,0.0,0.0,0.0,0.0,0.0,0.0,0.0,0.0,0.0,0.0,0.0,0.0,0.0,0.0,0.0,0.0,0.0,0.0,0.0,0.0,0.0,0.0,0.0,0.0,0.0,0.0,0.0,0.0,0.0,0.0,0.0,0.0,0.0,0.0,0.0,0.0,0.0,0.0,0.0,0.0,0.0,0.0,0.0,0.0,0.0,0.0,0.0,0.0,0.0,0.0,0.0,0.0,0.0,0.0,0.0,0.0,0.0,0.0,0.0,0.0,0.0,0.0,0.0,0.0,0.0,0.0,0.0,0.0,0.0,0.0,0.0,0.0,0.0,0.0,0.0,0.0,0.0,0.0,0.0,0.0,0.0,0.0,0.0,0.0,0.0,0.0,0.0,0.0,0.0,0.0,0.0,0.0,0.0,0.0,0.0,0.0,0.0,0.0,0.0,0.0,0.0,0.0,0.0,0.0,0.0,0.0,0.0,0.0,0.0,0.0,0.0,0.0,0.0,0.0,0.0,0.0,0.0,0.0,0.0,0.0,0.0,0.0,0.0,0.0,0.0,0.0,0.0,0.0,0.0,0.0,0.0,0.0,0.0,0.0,0.0,0.0,0.0,0.0,0.0,0.0,0.0,0.0,0.0,0.0,0.0,0.0,0.0,0.0,0.0,0.0,0.0,0.0,0.0,0.0,0.0,0.0,0.0,0.0,0.0,0.0,0.0,0.0,0.0,0.0,0.0,0.0,0.0,0.0,0.0,0.0,0.0,0.0,0.0,0.0,0.0,0.0,0.0,0.0,0.0,0.0,0.0,0.0,0.0,0.0,0.0,0.0,0.0,0.0,0.0,0.0,0.0,0.0,0.0,0.0,0.0,0.0,0.0,0.0,0.0,0.0,0.0,0.0,0.0,0.0,0.0,0.0,0.0,0.0,0.0,0.0,0.0,0.0,0.0,0.0,0.0,0.0,0.0,0.0,0.0,0.0,0.0,0.0,0.0,0.0,0.0,0.0,0.0,0.0,0.0,0.0,0.0,0.0,0.0,0.0,0.0,0.0,0.0,0.0,0.0,0.0,0.0,0.0,0.0,0.0,0.0,0.0,0.0,0.0,0.0,0.0,0.0,0.0,0.0,0.0,0.0,0.0,0.0,0.0,0.0,0.0,0.0,0.0,0.0,0.0,0.0,0.0,0.0,0.0,0.0,0.0,0.0,0.0,0.0,0.0,0.0,0.0,0.0,0.0,0.0,0.0,0.0,0.0,0.0,0.0,0.0,0.0,0.0,0.0,0.0,0.0,0.0,0.0,0.0,0.0,0.0,0.0,0.0,0.0,0.0,0.0,0.0,0.0,0.0,0.0,0.0,0.0,0.0,0.0,0.0,0.0,0.0,0.0,0.0,0.0,0.0,0.0,0.0,0.0,0.0,0.0,0.0,0.0,0.0,0.0,0.0,0.0,0.0,0.0,0.0,0.0,0.0,0.0,0.0,0.0,0.0,0.0,0.0,0.0,0.0,0.0,0.0,0.0,0.0,0.0,0.0,0.0,0.0,0.0,0.0,0.0,0.0,0.0,0.0,0.0,0.0,0.0,0.0,0.0,0.0,0.0,0.0,0.0,0.0,0.0,0.0,0.0,0.0,0.0,0.0,0.0,0.0,0.0,0.0,0.0,0.0,0.0,0.0,0.0,0.0,0.0,0.0,0.0,0.0,0.0,0.0,0.0,0.0,0.0,0.0,0.0,0.0,0.0,0.0,0.0,0.0,0.0,0.0,0.0,0.0,0.0,0.0,0.0,0.0,0.0,0.0,0.0,0.0,0.0,0.0,0.0,0.0,0.0,0.0,0.0,0.0,0.0,0.0,0.0,0.0,0.0,0.0,0.0,0.0,0.0,0.0,0.0
1.2590269,1.2366459,1.2321715,1.2532569,1.2293377,1.2431983,1.2537812,1.2262845,1.2319118,1.2514007,1.2537198,1.2521769,1.2532343,1.2412072,1.231955,1.2407346,1.2580016,1.2257463,1.271837,1.2523825,1.2463025,1.2632704,1.2641664,1.2566034,1.2453916,1.2826025,1.2348344,1.2479193,1.260493,1.2456144,1.2621471,1.2518023,1.2578909,1.2430768,1.2416617,1.2611289,1.2603315,1.2388965,1.258099,1.246752,1.2524825,1.2350056,1.2379996,1.2335266,1.2538227,1.2460386,1.2484947,1.265798,1.2512182,1.2581416,1.2339722,1.2389221,1.2387303,1.2352247,1.2412716,1.2614384,1.256449,1.2451004,1.2358992,1.2586057,1.2520752,1.252371,1.245048,1.2247568,1.2477342,1.2716902,1.2435713,1.250839,1.2630235,1.2499262,1.2371112,1.2462487,1.2512815,1.2298316,1.2369725,1.2453421,1.2581997,1.2454935,1.2390772,1.2649404,1.2454431,1.2365788,1.2344207,1.2509044,1.2437648,1.2410427,1.2511607,1.2327492,1.2700624,1.2366738,1.2411735,1.2615728,1.2509906,1.2777141,1.2423805,1.247005,1.266698,1.2438602,1.2628231,1.2512512,1.2505555,1.2174686,1.2284771,1.2553236,1.2441994,1.2577811,1.2492661,1.2544968,1.2506135,1.2582712,1.228137,1.2660309,1.2550023,1.2380049,1.2558138,1.2553737,1.2442554,1.2545477,1.2523053,1.2436398,1.2330072,1.2598298,1.2467449,1.2274481,1.231958,1.2296185,1.2466846,1.2475122,1.2427145,1.2428738,1.2555075,1.252084,1.2604299,1.2488668,1.2482895,1.2393492,1.2391844,1.2637813,1.261573,1.2404383,1.2278553,1.2427104,1.241248,1.2489612,1.2363937,1.2249213,1.2603041,1.2432711,1.2473804,1.264643,1.2483026,1.2329761,1.2591355,1.2478749,1.2358607,1.2415491,1.2337201,1.2407365,1.2408115,1.2491301,1.2489058,1.2690959,1.254174,1.2273432,1.2599146,1.2397721,1.2500685,1.2366792,1.246487,1.273833,1.2341145,1.2577927,1.2413183,1.2512345,1.2481272,1.2403365,1.2464659,1.2489396,1.2645359,1.225251,1.2341594,1.2532228,1.2386401,1.2235098,1.245875,1.241163,1.2350074,1.2398224,1.2455162,1.2468996,1.2266341,1.2412186,1.2627732,1.2541565,1.2533156,1.2742516,1.2285447,1.2567142,1.2466269,1.2492203,1.2367523,1.2546184,1.24333,1.2616675,1.2471619,1.230092,1.2443709,1.2549435,1.2491004,1.2464812,1.2475492,1.23858,1.2475941,1.2431271,1.2481338,1.2655897,1.2671262,1.2525837,1.2539982,1.2571857,1.2378494,1.2438881,1.2453767,1.2611095,1.253158,1.2510477,1.2452985,1.2520573,1.2544813,1.2434456,1.2700121,1.2356427,1.2465099,1.2387502,1.2630888,1.2699064,1.2478751,1.2446542,1.2408442,1.2606179,1.24892,1.2574339,1.2209841,1.2728822,1.2578135,1.2509235,1.2396452,1.242797,1.2522372,1.2587228,1.2398632,1.246538,1.2649144,1.259035,1.249094,1.2398512,1.2706109,1.2622238,1.2503026,1.2504959,1.2728657,1.2570553,1.2564136,1.2596823,1.2509189,1.2705897,1.23689,1.24779,1.2280228,1.2598349,1.2492974,1.2369957,1.2560458,1.2332094,1.2593391,1.2455814,1.2448854,1.2389816,1.2379084,1.2264552,1.2280867,1.2413064,1.252419,1.235678,1.2275735,1.2397407,1.244167,1.2606704,1.2500867,1.2344214,1.2593504,1.2405635,1.2502992,1.2354047,1.2513468,1.2296956,1.2458501,1.2438686,1.2543116,1.2471249,1.2522713,1.2442383,1.2635187,1.2385342,1.2366288,1.2612292,1.2410358,1.2487764,1.2423053,1.2851921,1.2576069,1.2445086,1.2690239,1.2349632,1.2505791,1.2611828,1.2624136,1.2326763,1.2486881,1.2522566,1.254204,1.250921,1.2620924,1.2389691,1.2434056,1.2159339,1.2469562,1.2587414,1.2521127,1.2416279,1.2505016,1.2560432,1.2495928,1.238422,1.250347,1.2491554,1.2587605,1.2412117,1.2436897,1.2352575,1.2378048,1.2511606,1.24085,1.2515838,1.2408731,1.2422906,1.2464367,1.2575809,1.2461344,1.2407115,1.2585704,1.2335635,1.2356238,1.2613186,1.2353615,1.2374847,1.2567427,1.2549955,1.2437438,1.2573856,1.225764,1.2668746,1.2521087,1.245495,1.2545263,1.2370249,1.2599882,1.2393829,1.258178,1.2455105,1.2583814,1.2400488,1.2355943,1.2626036,1.2307642,1.264047,1.2594128,1.2591784,1.2552465,1.2450827,1.2455153,1.2614951,1.244041,1.2505789,1.2421683,1.2503599,1.2567115,1.2650121,1.256462,1.245337,1.2405167,1.2420462,1.2511575,1.2450783,1.2308434,1.2664777,1.254421,1.2400613,1.2629095,1.2499254,1.2596211,1.2581265,1.245142,1.2541307,1.2529744,1.2343123,1.2440162,1.2631269,1.2369967,1.2528365,1.2347335,1.2524154,1.2461832,1.2509857,1.2368264,1.2412748,1.2235686,1.2485824,1.2415385,1.2438241,1.2614518,1.255279,1.2547842,1.2395898,1.2410729,1.2609618,1.2679847,1.2576224,1.2539313,1.2491963,1.2504379,1.2439053,1.2593709,1.25076,1.2545658,1.2461754,1.2471898,1.2734305,1.244584,1.2597116,1.2440538,1.2574548,1.2438807,1.2659371,1.2393229,1.2359544,1.2384006,1.2527419,1.2767467,1.2481565,1.2576423,1.2414616,1.2494218,1.2471865,1.2530415,1.2629466,1.241575,1.2368093,1.2485015,1.2582183,1.2550492,1.2378979,1.2448233,1.2426114,1.2399545,1.2338157,1.2476053,1.2646024,1.2543598,1.2481503,1.2476338,1.2389525,1.2426944,1.2477525,1.2623589,1.2417787,1.2530036,1.2608783,1.2626894,1.2412499,1.2678053,1.25215,1.2405514,1.2453649,1.2261779,1.2511861,1.2656941,1.2565645,1.2310296,1.2348549,1.2461088,1.2367237,1.2277542,1.2529093,1.2483383,1.2422918,1.2455846,1.2409264,1.2715533,1.2291327,1.2546802,1.2321022,1.2552233,1.257995,1.2526245,1.2553763,1.2683802,1.231841,1.2485212,1.2521421,1.2262543,1.2385031,1.2328804,1.2507176,1.241462,1.2503986,1.2438298,1.2610396,1.236355,1.2538258,1.2408488,1.2572298,1.2414637,1.2402519,1.2518619,1.2292686,1.253955,1.2269721,1.2561237,1.2444134,1.2412956,1.2565135,1.2428623,1.2378457,1.2582914,1.2235167,1.2667602,1.2261727,1.2482947,1.2492388,1.2394365,1.2279234,1.2277774,1.2560408,1.27815,1.2620697,1.244811,1.2443038,1.2659781,1.2274885,1.2343109,1.2325455,1.2594794,1.2304881,1.2299503,1.2361981,1.2419068,1.236229,1.239844,1.2463896,1.2395653,1.2507858,1.2427508,1.2567204,1.2370449,1.2519631,1.2313899,1.2593741,1.2425618,1.2550591,1.2337278,1.2646362,1.2381986,1.2470837,1.2538472,1.2401887,1.2594405,1.2555965,1.2489663,1.2611265,1.2596492,1.2383622,1.2548225,1.2588508,1.238631,1.2402003,1.2537373,1.2402503,1.2587777,1.2582241,1.2475722,1.2273309,1.2386892,1.2621602,1.2355415,1.2226666,1.236274,1.2365212,1.248862,1.2468662,1.2431703,1.2391592,1.2478112,1.2512879,1.2655323,1.2319283,1.2337,1.2238796,1.2153983,1.2574214,1.2546788,1.238772,1.2328435,1.2531109,1.2443209,1.2463615,1.2260196,1.2519933,1.2453868,1.251436,1.2615643,1.2564888,1.2635311,1.2522649,1.2600651,1.2334825,1.252582,1.257926,1.2566053,1.2522106,1.2555331,1.2559491,1.2506676,1.2461908,1.2688873,1.264644,1.2474675,1.244406,1.2447566,1.256646,1.2436029,1.2359489,1.248921,1.2512804,1.2608104,1.2399521,1.2324253,1.2521111,1.2364866,1.2512981,1.2347881,1.2612886,1.2254794,1.2554101,1.2502367,1.2382541,1.2466917,1.2525921,1.2425973,1.2356912,1.2496587,1.26707,1.2500695,1.2537813,1.2371793,1.2543595,1.246854,1.2598286,1.2367415,1.2389026,1.2473851,1.2380736,1.2533538,1.2549121,1.2422041,1.2594848,1.2330488,1.2722086,1.2551318,1.2401849,1.2445757,1.2435348,1.2391642,1.2333604,1.2658446,1.2345296,1.2520752,1.2412806,1.2398949,1.2378516,1.2502375,1.2511828,1.2481241,1.2598007,1.2307323,1.216556,1.2413045,1.2505978,1.2565143,1.2528841,1.2377889,1.2543919,1.2558975,1.2473822,1.2462858,1.2563213,1.248323,1.2496858,1.2530719,1.24411,1.2413262,1.2596507,1.2510072,1.2560734,1.2417164,1.2416543,1.2491994,1.25874,1.2515107,1.248272,1.242606,1.2291033,1.2658415,1.2579341,1.2520995,1.237946,1.2217221,1.2551671,1.2612476,1.2547854,1.2420093,1.2729259,1.2528124,1.2602885,1.2461127,1.2718638,1.2474684,1.2749888,1.2168665,1.2575687,1.2603661,1.2427493,1.2441357,1.2350097,1.2423921,1.2472812,1.2398653,1.2568235,1.2351667,1.2649642,1.2476345,1.2548096,1.2586163,1.2576566,1.240212,1.238025,1.2475882,1.2482637,1.2496189,1.2758287,1.2382646,1.2439854,1.2352691,1.24636,1.2456757,1.2474619,1.2623712,1.2556412,1.2658895,1.2362164,1.2356925,1.2504207,1.2496973,1.2648269,1.2617605,1.2460246,1.2551361,1.2483687,1.2376407,1.2467775,1.247498,1.2444729,1.2447578,1.2282495,1.2357005,1.2400415,1.2598224,1.2341512,1.2550088,1.2454695,1.2557768,1.2369751,1.2133173,1.2554164,1.240336,1.2533691,1.2461045,1.2597439,1.2473077,1.2602267,1.2482818,1.2443426,1.2480849,1.2382009,1.2459688,1.2236471,1.2475903,1.2301888,1.2586254,1.2598895,1.2523973,1.2368339,1.2556461,1.2607911,1.2483605,1.2712386,1.244868,1.2579011,1.2503291,1.2544607,1.260792,1.256,1.2519825,1.2408819,1.2443148,1.2404096,1.257252,1.2462689,1.2496616,1.2599841,1.2365791,1.243363,1.2429736,1.2463695,1.2645518,1.2681175,1.2472311,1.2249777,1.2445734,1.2621042,1.2536162,1.2204257,1.2479956,1.2436861,1.2604527,1.250918,1.2429066,1.2499526,1.2541747,1.2415296,1.253302,1.2600231,1.2476854,1.2416456,1.241585,1.2569261,1.2383044,1.2556804,1.2620808,1.2516575,1.2544329,1.2667782,1.2468,1.2543536,1.2502815,1.2634369,1.2474637,1.2259371,1.2497864,1.234165,1.2422945,1.231891,1.2426295,1.2605715,1.2431895,1.2611583,1.240456,1.2600275,1.2466804,1.2371334,1.2603697,1.255532,1.2492878,1.2438579,1.2585765,1.2618676,1.2318233,1.2658089,1.2585578,1.248258,1.2461321,1.2343972,1.2562615,1.2528833,1.240371,1.2445095,1.2411044,1.2423712,1.2522134,1.260683,1.2373657,1.2520486,1.2572944,1.242923,1.2669436,1.2471886,1.2414759,1.2577201,1.255648,1.2489545,1.2480938,1.2459906,1.2539437,1.2529601,1.2588437,1.2538127,1.2414035,1.2586002,1.2617699,1.2576381,1.2411374,1.2524879,1.2410749,1.2356877,1.2521566,1.261661,1.2486409,1.2516106,1.2309946,1.2448798,1.2565993,1.2751478,1.2266043,1.2528754,1.2350578,1.2621576,1.2404091,1.2669941,1.2431538,1.2365863,1.2482672,1.2446992,1.2458928,1.2608765,1.2472355,1.2478813,1.24656,1.2409798,1.2392273,1.2613102,1.2520183,1.2358308,1.2626292,1.2475047,1.2524273,1.2526746,1.245068,1.2530938,1.2351506,1.2276721,1.2599014,1.2551241,1.238368,1.2571403,1.2476015,1.2402637,1.2563591,1.2679925,1.233408,1.2490264,1.2323837,1.2417059,1.2619718,1.2352561,1.2502635,1.2512647,1.2288771,1.2442838,1.2398899,1.2536976,1.2316295,1.242266,1.2646524,1.2675668,1.2380775,1.2502704,1.2400054,1.2607504,1.2513218,1.2588447,1.244365,1.2555008,1.2395734,1.2460617,1.239965,1.21542,1.2360309,1.2428702,1.2581291,1.2501206
1.1671162,1.184495,1.1384515,1.1817186,1.1869168,1.164293,1.1762251,1.1564372,1.15854,1.16762,1.1668774,1.1846721,1.1775166,1.1586362,1.1370059,1.1589298,1.163418,1.1796917,1.1716434,1.1830143,1.1724733,1.1672792,1.1817034,1.1698277,1.1765784,1.1744713,1.1629779,1.1769499,1.173742,1.1628939,1.1670016,1.1826526,1.1719027,1.1827948,1.1793122,1.1658431,1.1746665,1.1588886,1.1676443,1.1892576,1.1771356,1.1759094,1.1593922,1.1579986,1.1731185,1.1705061,1.1816297,1.1782991,1.1742268,1.176392,1.1517644,1.1461442,1.1878524,1.161897,1.1594769,1.167992,1.1701461,1.1772245,1.1649022,1.1710843,1.1514204,1.1680502,1.174981,1.1840008,1.1619246,1.1739111,1.1750638,1.1776481,1.2023716,1.1654115,1.1479884,1.1611812,1.1724824,1.150755,1.1725941,1.1697031,1.1655676,1.1816603,1.1682457,1.1887529,1.167109,1.1581608,1.1654413,1.156159,1.1768787,1.1487217,1.186706,1.1673487,1.1721884,1.1437913,1.1662507,1.164062,1.1609693,1.1779724,1.180865,1.1712432,1.1805253,1.1781988,1.1673726,1.1803615,1.1567043,1.1507008,1.1432387,1.1741675,1.1455112,1.1696556,1.1465784,1.1667216,1.1791867,1.165247,1.1640264,1.1689206,1.180303,1.154504,1.1606597,1.183887,1.1679536,1.189149,1.1551414,1.1546515,1.1699041,1.167309,1.1634326,1.1552508,1.1531289,1.134328,1.1811953,1.1535858,1.1674848,1.1526858,1.1678437,1.1592846,1.1850077,1.1818111,1.1735063,1.1717368,1.1814367,1.1797591,1.1742488,1.1520641,1.1841319,1.1652977,1.1725264,1.1675848,1.1598332,1.1553935,1.1657462,1.1829643,1.164097,1.1784812,1.1635942,1.1765758,1.1801314,1.1525764,1.1522013,1.1774756,1.1534033,1.1703063,1.1395159,1.1426698,1.1837797,1.1641405,1.171246,1.1541778,1.1680677,1.1615844,1.1677834,1.1650056,1.1804907,1.1749672,1.1782337,1.1619194,1.1563308,1.1715188,1.1695107,1.1838638,1.1592934,1.1751615,1.1519536,1.1811402,1.1687049,1.1795765,1.156889,1.1709746,1.1620117,1.1733615,1.1875684,1.155141,1.1659253,1.1545528,1.1336955,1.1747773,1.1720562,1.1640892,1.1563176,1.184034,1.1455774,1.1769516,1.1758549,1.160494,1.1719801,1.1611658,1.1498818,1.1868118,1.155842,1.158693,1.1647809,1.1670731,1.1816293,1.1568466,1.1652135,1.1878054,1.1672218,1.1683755,1.1590545,1.1698315,1.1783882,1.1611623,1.1592627,1.1758835,1.1722254,1.1783338,1.1526518,1.1675026,1.1552165,1.1754402,1.148016,1.1524105,1.171421,1.1660742,1.1764708,1.1573147,1.178361,1.1706021,1.1738648,1.189475,1.1516571,1.165373,1.178157,1.1555051,1.1728203,1.1862394,1.1532011,1.1715595,1.1721858,1.1476119,1.1671506,1.1607095,1.1747211,1.1609124,1.1616102,1.1502507,1.1758782,1.1703628,1.1672093,1.1682477,1.1784495,1.1869336,1.1781628,1.1737955,1.1697003,1.1714755,1.145287,1.1694856,1.1649418,1.1715324,1.1656185,1.1792866,1.1571472,1.171879,1.160952,1.172354,1.1840186,1.1796917,1.1877894,1.1742008,1.171216,1.168159,1.1595855,1.161124,1.1535203,1.1662172,1.1639364,1.1441779,1.165378,1.1839008,1.1814569,1.1735581,1.1652722,1.1771978,1.1872159,1.173213,1.167267,1.1669247,1.1806309,1.1647407,1.1688225,1.1636871,1.1681386,1.1740052,1.1790695,1.167383,1.1665276,1.1820549,1.1783084,1.1536512,1.1838936,1.1677066,1.1827525,1.1842176,1.184022,1.1447151,1.1855773,1.164997,1.1844928,1.1817116,1.1968408,1.1731607,1.1710992,1.1667778,1.1652124,1.1724312,1.1745294,1.1729817,1.16984,1.1435075,1.1453147,1.1664957,1.195242,1.1738062,1.1508546,1.1757778,1.1637537,1.1635733,1.1627538,1.1568053,1.1734911,1.1744685,1.1784205,1.1901321,1.1715331,1.2025065,1.1715442,1.1855048,1.1760547,1.1793175,1.1880213,1.1848248,1.156583,1.170752,1.1918831,1.1498716,1.1804568,1.1583757,1.1692221,1.1697689,1.1854736,1.1558299,1.1642909,1.1859924,1.1659507,1.1668646,1.1664913,1.175522,1.1713268,1.1707363,1.1891485,1.1756988,1.1895566,1.1758107,1.1756358,1.1691551,1.1609095,1.1808101,1.1711221,1.1803057,1.1854893,1.187373,1.1645497,1.1685165,1.1572347,1.186915,1.1624501,1.1602062,1.1569264,1.1686207,1.1745322,1.1739357,1.173322,1.1584734,1.1593525,1.1708184,1.1491777,1.1912447,1.1790453,1.176796,1.1882105,1.1632581,1.169653,1.1698296,1.1722028,1.1749599,1.1706462,1.1629239,1.1842073,1.1536889,1.1720893,1.1539301,1.1641695,1.1587945,1.1560476,1.158112,1.1569263,1.1823269,1.1756195,1.1636536,1.1714336,1.1639782,1.1586614,1.1847544,1.1617107,1.177041,1.1700163,1.1623693,1.1607623,1.1667931,1.1658041,1.1879396,1.1744885,1.1691351,1.192127,1.1663905,1.1846453,1.1613551,1.1777366,1.1767917,1.1670303,1.1888237,1.1657683,1.1745824,1.1668354,1.1589386,1.1642013,1.1699884,1.1672237,1.1689633,1.166274,1.1480184,1.1729195,1.1686938,1.1605022,1.1672674,1.1720833,1.1503073,1.1723735,1.1769726,1.1458511,1.1678697,1.1776336,1.1769806,1.1872954,1.1672775,1.1755569,1.1793959,1.1631862,1.1654073,1.1636173,1.1589407,1.15395,1.1755751,1.1844903,1.1640513,1.1638639,1.1579885,1.163327,1.1815345,1.1554615,1.1704853,1.1851038,1.158454,1.181733,1.1661632,1.1665976,1.1446993,1.1834714,1.1815485,1.1600422,1.1714264,1.1789398,1.1558242,1.1624572,1.1508758,1.1564057,1.1753961,1.1698365,1.1752295,1.1502688,1.1571628,1.1800511,1.1456519,1.1698658,1.17618,1.1659042,1.1869726,1.1739117,1.1603538,1.1656204,1.1863602,1.1655928,1.1590438,1.1793901,1.1709625,1.1649208,1.1576928,1.18775,1.1618243,1.1565863,1.1883447,1.1679082,1.170552,1.1605622,1.1795256,1.1701255,1.1727725,1.1567955,1.1572504,1.1723034,1.1656479,1.1665272,1.1792479,1.1654704,1.1740856,1.1531298,1.1734248,1.1825764,1.161231,1.167225,1.1529746,1.1616333,1.182253,1.1509506,1.1651464,1.167766,1.1771528,1.1505564,1.1544151,1.194088,1.1686012,1.1933236,1.1634605,1.1861987,1.173759,1.1717788,1.1404461,1.1495941,1.1762406,1.169222,1.1566774,1.1609291,1.1695278,1.1778895,1.1719524,1.1776472,1.1754309,1.173586,1.157144,1.159277,1.1934031,1.1387999,1.1646191,1.1695862,1.1819103,1.1575083,1.17405,1.1531552,1.1816921,1.177124,1.1745917,1.1565111,1.1881629,1.1752608,1.1875861,1.1537693,1.1805849,1.1556695,1.1831293,1.1757698,1.1595764,1.1859363,1.164737,1.151615,1.1539303,1.1727507,1.1795199,1.149586,1.1557482,1.1676167,1.1692619,1.173322,1.1745886,1.1782063,1.1691891,1.1619503,1.1748554,1.1976472,1.1550632,1.1678408,1.1651692,1.1419663,1.1748477,1.156186,1.1903759,1.1409733,1.1757866,1.1755011,1.1682472,1.1625865,1.1732149,1.1775063,1.1831365,1.1855831,1.1724894,1.1646664,1.1651521,1.1752481,1.1788754,1.1959386,1.1512959,1.1763915,1.1770792,1.1766032,1.1581361,1.1543359,1.1517112,1.192502,1.1837915,1.1670101,1.1627232,1.172172,1.1764942,1.1802061,1.1648365,1.1652294,1.1658077,1.1777551,1.1676575,1.1698976,1.1604844,1.1625398,1.1789696,1.1626347,1.1865484,1.1515596,1.1510403,1.1968164,1.189943,1.1615181,1.1914306,1.1680403,1.1833748,1.1762646,1.1852522,1.1587902,1.1795754,1.148471,1.1768748,1.1648017,1.1765584,1.1899151,1.168392,1.1750408,1.168885,1.188662,1.1868261,1.1433991,1.1678686,1.1596873,1.1693808,1.1688977,1.1605426,1.176804,1.1669487,1.1662241,1.1732098,1.15605,1.1693264,1.1634275,1.1633222,1.1565391,1.1649696,1.1685996,1.1779157,1.1854539,1.1775776,1.1640172,1.1630087,1.1553687,1.1880379,1.1967838,1.17668,1.1631442,1.1775646,1.1848167,1.1674961,1.1689786,1.1789972,1.1832718,1.1821833,1.1710123,1.1655376,1.1629341,1.1820806,1.1728683,1.1857036,1.1806695,1.1769922,1.1505011,1.1711081,1.1664202,1.152939,1.1766323,1.1812962,1.1724385,1.159158,1.1619197,1.1692207,1.1720285,1.1507776,1.1589566,1.1895171,1.1696717,1.1876067,1.1577032,1.1686594,1.1675254,1.1739169,1.1736089,1.168621,1.1472342,1.1549988,1.1647223,1.1880071,1.1830695,1.1516784,1.1889957,1.1608964,1.1538242,1.1752975,1.1619966,1.1653392,1.1572582,1.1686487,1.1895583,1.1899351,1.1688719,1.1653727,1.1838999,1.1699079,1.1584306,1.1828038,1.1795282,1.1506379,1.1493121,1.1577771,1.1952486,1.1675539,1.1629859,1.1737016,1.1719435,1.1789843,1.1872926,1.1574275,1.1633173,1.1855239,1.1809554,1.1763831,1.167986,1.1714175,1.170704,1.1698248,1.1711402,1.1672313,1.1686853,1.1694717,1.1520257,1.1661804,1.1631168,1.1610123,1.1551657,1.1550276,1.1709796,1.1556453,1.1607605,1.1722915,1.1599123,1.1698362,1.1509274,1.1802369,1.1852041,1.168777,1.1743242,1.1715195,1.175774,1.1604457,1.1870291,1.1566449,1.1904509,1.1716785,1.1608229,1.1726303,1.1824058,1.1618445,1.1731216,1.1663651,1.1679304,1.1846548,1.1705475,1.1844561,1.1806096,1.1627908,1.1726083,1.1585327,1.1754893,1.1701007,1.1613029,1.158309,1.1487857,1.1862592,1.1643459,1.1769309,1.171231,1.1654665,1.1594476,1.1588925,1.193922,1.1728508,1.1760283,1.15029,1.1643131,1.1594586,1.1511068,1.1704345,1.1664667,1.1814015,1.1715982,1.1726593,1.1804397,1.1682584,1.1603374,1.1878425,1.187032,1.1706103,1.1642689,1.1856993,1.1577092,1.1744859,1.1784672,1.182195,1.1758165,1.1738415,1.169114,1.207797,1.167516,1.1713277,1.1727705,1.1838742,1.1770239,1.1376421,1.1638458,1.1750085,1.1671245,1.1765207,1.1737316,1.1770926,1.1562169,1.1668012,1.1537406,1.1584318,1.1633248,1.1700536,1.179796,1.1788737,1.1637157,1.1664388,1.1635811,1.1672223,1.1761241,1.1837556,1.1632974,1.177503,1.1638521,1.1819869,1.1695733,1.1411843,1.1814839,1.1599729,1.1491095,1.1715822,1.1731935,1.1575221,1.1708984,1.144271,1.1832051,1.1860229,1.1612202,1.1944493,1.1756942,1.1761203,1.1649679,1.1769542,1.1578947,1.1635969,1.1617013,1.1634291,1.1736126,1.1669198,1.1664503,1.1543845,1.1622821,1.1699489,1.1725547,1.1749339,1.1737382,1.164187,1.1765468,1.1919082,1.174424,1.1744516,1.1751479,1.1750711,1.1555507,1.1687361,1.1553619,1.1756108,1.1724427,1.1696464,1.1549704,1.1845831,1.1605709,1.1722641,1.1841213,1.1781703,1.1639471,1.1771711,1.1698118,1.1830176,1.1766031,1.1758313,1.1634787,1.1795102,1.1768992,1.159894,1.1686368,1.1648359,1.1731231,1.1600199,1.1538494,1.1689479,1.1503061,1.1613122,1.1732858,1.1712003,1.1555599,1.1631551,1.1805274,1.1689967,1.1604627,1.1741855,1.1837689,1.171639,1.1729281,1.1735407,1.1612134,1.1800978,1.1629053,1.1613308,1.1469678,1.1790106,1.1571019,1.1573573,1.1506563,1.1584107,1.1878777,1.1743104,1.171839,1.1502894,1.1788539,1.1785948,1.1534715,1.1913214,1.1627612,1.165514,1.1730939,1.1665535,1.1640825,1.1704304,1.1546682,1.1641136,1.1730678,1.1575828
1.2996392,1.2636234,1.2530069,1.2897369,1.277419,1.3060708,1.262366,1.2821021,1.2707118,1.2953973,1.2940705,1.2845672,1.2828314,1.3003625,1.2661319,1.2730228,1.2866693,1.2781681,1.2913679,1.2822067,1.2695827,1.2790053,1.2916665,1.2627072,1.2882855,1.2957124,1.2687857,1.2768158,1.2822263,1.2717426,1.2803955,1.2836889,1.2843512,1.2847859,1.2702413,1.2928795,1.2745395,1.286679,1.2925171,1.2859995,1.2974057,1.2902379,1.2783061,1.2777078,1.2837998,1.2838273,1.2910436,1.2686894,1.2978679,1.2951809,1.2730832,1.3115492,1.270364,1.2744343,1.2935245,1.2839934,1.2834733,1.2764623,1.2785426,1.2788043,1.280118,1.2858479,1.2781074,1.2848339,1.2858318,1.291227,1.3028288,1.2751513,1.2814476,1.2684051,1.2839329,1.294412,1.2856295,1.274592,1.2733058,1.2793903,1.2816265,1.3127276,1.2891454,1.2791207,1.2787111,1.2671239,1.2883272,1.2893118,1.2899005,1.2885296,1.2734953,1.291249,1.2601804,1.2827324,1.2819185,1.2788236,1.2824562,1.277449,1.2898648,1.273851,1.2841424,1.2895588,1.2889555,1.2644801,1.2900122,1.2945178,1.2688296,1.2879221,1.280755,1.3031331,1.2861032,1.2916216,1.2804918,1.2658623,1.2862298,1.29496,1.3002139,1.2842453,1.2939583,1.2882835,1.2784542,1.2916086,1.2857895,1.3050784,1.2880307,1.2841208,1.2917615,1.2933686,1.2784381,1.2703896,1.2784395,1.2832036,1.2844639,1.2741617,1.2877657,1.295112,1.2721672,1.303948,1.2795796,1.292525,1.2690622,1.3089575,1.2815138,1.2891223,1.2812493,1.2742857,1.2860531,1.2850991,1.287037,1.2785702,1.2874243,1.2909579,1.2733197,1.2948668,1.2775061,1.2714149,1.2838371,1.2714614,1.2835189,1.2735423,1.2727598,1.2662654,1.2751689,1.290966,1.291273,1.3032649,1.2763472,1.276518,1.283267,1.3027459,1.2771941,1.2740941,1.2956153,1.2960908,1.2691574,1.2848015,1.282119,1.2940555,1.2764496,1.2797558,1.278931,1.2869087,1.2788007,1.2725341,1.279716,1.2939433,1.2893553,1.2978865,1.2811278,1.2740233,1.2704613,1.2856574,1.2794898,1.2868007,1.2711989,1.3002506,1.293524,1.291391,1.2807491,1.2886242,1.2616818,1.2716818,1.2933129,1.2885303,1.2766705,1.2711787,1.270913,1.2864331,1.282774,1.2899926,1.3057063,1.2835953,1.2759771,1.2730098,1.3006134,1.3017946,1.2823149,1.2974046,1.2832423,1.2719783,1.2881079,1.2858654,1.2854384,1.2965268,1.2837139,1.2799951,1.2961644,1.2922633,1.2908431,1.2889968,1.2815559,1.294035,1.3039173,1.2797381,1.2675453,1.2555528,1.2830001,1.2894236,1.3058124,1.2821425,1.2612032,1.2778523,1.2901452,1.2743967,1.2782557,1.2710322,1.270736,1.2917342,1.2887411,1.2706361,1.2964548,1.2790582,1.2974224,1.2778183,1.2791538,1.2856572,1.2823416,1.3114715,1.2771062,1.2797558,1.2907659,1.2829443,1.2877352,1.3112156,1.2769428,1.2875282,1.2776815,1.2740308,1.2813019,1.2982147,1.2748426,1.2769238,1.2648861,1.2950485,1.2824225,1.293464,1.2801532,1.2685597,1.2931824,1.278319,1.2675121,1.2906522,1.2719198,1.2790725,1.2952046,1.2711598,1.2863915,1.2790489,1.2645506,1.3043588,1.2836992,1.2658981,1.2765757,1.2882082,1.2741432,1.2882476,1.2881012,1.2649335,1.2982467,1.2679677,1.278975,1.2767078,1.2850595,1.2837796,1.2771798,1.2811142,1.2912178,1.2611649,1.2981637,1.2976882,1.2871466,1.2960138,1.2943058,1.2880499,1.290197,1.256782,1.2715371,1.2771387,1.2943406,1.2959481,1.2971236,1.2792712,1.2689031,1.2644107,1.2693119,1.3024602,1.2864987,1.2832713,1.2743326,1.2943665,1.2742342,1.2922196,1.2868555,1.291788,1.2886136,1.277767,1.3235171,1.2911944,1.2801518,1.2904077,1.280989,1.2900985,1.2961067,1.2776685,1.2715677,1.2879567,1.2884244,1.2837812,1.2794032,1.2853392,1.2964272,1.2685091,1.275748,1.2934554,1.3171172,1.290687,1.2776748,1.2687612,1.2885622,1.281956,1.271702,1.2691752,1.2750915,1.2894742,1.2728037,1.2768698,1.2771367,1.2764146,1.2802469,1.2945713,1.2866876,1.2682102,1.285067,1.2918482,1.2879984,1.2907708,1.2705857,1.2799298,1.2753983,1.2852846,1.2783151,1.2885875,1.290721,1.2904092,1.277294,1.2828751,1.2912133,1.2762989,1.2786834,1.2908146,1.2945622,1.2750001,1.2916429,1.2770296,1.2973356,1.283446,1.266087,1.2801322,1.2930621,1.2856433,1.2719958,1.2804959,1.302457,1.287141,1.2780511,1.2827748,1.2757628,1.2847201,1.2716833,1.3086694,1.2693979,1.2706223,1.2805356,1.2841415,1.2988825,1.294419,1.2762525,1.2957803,1.2774224,1.2865022,1.2814916,1.3031771,1.2856281,1.2771758,1.2870308,1.2902508,1.2777367,1.2790463,1.2809763,1.2958757,1.2805004,1.2854091,1.2846617,1.2954711,1.2855024,1.2748356,1.2813582,1.2856302,1.2889663,1.2826021,1.2790784,1.2816014,1.2960383,1.2798859,1.2753049,1.2748749,1.2823076,1.2934141,1.2833539,1.2998395,1.3040625,1.3016828,1.3032441,1.2834537,1.294512,1.2810091,1.2789823,1.274781,1.2794579,1.2867543,1.2893127,1.2690908,1.2919227,1.286647,1.2989047,1.283375,1.2736739,1.2929986,1.2828435,1.2799263,1.2802513,1.2816406,1.2789608,1.2710829,1.2812665,1.2809014,1.3032541,1.2879493,1.2825507,1.2841564,1.283786,1.2834281,1.2988006,1.2846453,1.290323,1.2851582,1.296469,1.2889943,1.284498,1.282781,1.2847744,1.2885122,1.2755682,1.276832,1.2836668,1.2860833,1.2627289,1.2981447,1.2934761,1.330044,1.2676303,1.2852765,1.2957934,1.2876002,1.2746384,1.2698144,1.2671347,1.3082943,1.2692258,1.2865789,1.2857114,1.2646004,1.2944667,1.2855731,1.2829812,1.2843823,1.2612317,1.2899817,1.2753459,1.2767814,1.2824222,1.2975384,1.2873819,1.2875912,1.2622974,1.2940835,1.2847861,1.2767215,1.2685513,1.2898412,1.26685,1.272065,1.3016666,1.2911897,1.288984,1.2614509,1.2669681,1.3019589,1.2975187,1.291009,1.2735826,1.281758,1.2860233,1.2894282,1.2818489,1.2797047,1.263478,1.277333,1.3058987,1.2772508,1.2884967,1.2877532,1.2810566,1.2660698,1.2780265,1.262347,1.288271,1.2814254,1.2872875,1.2851586,1.2848113,1.2859387,1.2977712,1.2682673,1.2942038,1.2846292,1.2931052,1.2789594,1.296021,1.285149,1.2969364,1.2761592,1.2834451,1.2911922,1.2703829,1.2927092,1.2918415,1.2914126,1.2996756,1.2800196,1.3020624,1.2882086,1.2775381,1.2907877,1.2769134,1.287954,1.2889503,1.2831558,1.2819781,1.2828584,1.2544389,1.2911309,1.2923303,1.2799695,1.2925385,1.2741625,1.286414,1.2844894,1.296233,1.2886069,1.294607,1.2829301,1.3034136,1.2921848,1.2841966,1.2725202,1.284739,1.282354,1.2911611,1.2839748,1.2850692,1.2658149,1.2763531,1.2802032,1.2906041,1.2781662,1.2772597,1.291194,1.2795693,1.2834791,1.2878261,1.2885822,1.2784183,1.2856361,1.2963538,1.302631,1.2957202,1.2721748,1.3024584,1.2801024,1.2820323,1.2895242,1.2892977,1.2927778,1.2724203,1.2824005,1.2841634,1.2686982,1.3024147,1.2857388,1.2834594,1.2683109,1.2798644,1.2823223,1.262929,1.2810509,1.2694833,1.2986453,1.2959673,1.2810088,1.2828286,1.2890363,1.2855796,1.2855798,1.2619791,1.2935863,1.2865328,1.2843516,1.2695419,1.2962799,1.261204,1.282777,1.2718588,1.2925858,1.2768246,1.297822,1.2773813,1.2839427,1.2595947,1.2838084,1.281599,1.2803528,1.2818836,1.2688621,1.2747338,1.2896253,1.2701136,1.3064222,1.2808113,1.2945548,1.2826647,1.29267,1.2714914,1.2804378,1.2944758,1.2802124,1.2674307,1.2835797,1.2883195,1.2901776,1.2898626,1.2805927,1.2801574,1.2923932,1.2863301,1.2788267,1.2981277,1.2807796,1.2994314,1.2847252,1.2741102,1.2919799,1.2853924,1.2858143,1.2915361,1.277216,1.3009281,1.281448,1.2892026,1.3004835,1.2842277,1.2800907,1.2802404,1.2772639,1.2823733,1.295405,1.2907335,1.2845681,1.2969816,1.2943336,1.2916775,1.2928507,1.2713511,1.2811545,1.3007543,1.2852709,1.2928082,1.3003428,1.2840466,1.2709904,1.2701541,1.2811354,1.2809737,1.2752995,1.2892224,1.2838093,1.2853898,1.2814585,1.2743231,1.3046927,1.281684,1.2792921,1.2808294,1.2883557,1.296178,1.3112199,1.2940056,1.2862362,1.292568,1.2786319,1.2929684,1.28502,1.2729164,1.2734401,1.2827243,1.2877325,1.2937887,1.2802844,1.2759007,1.2685428,1.2671816,1.2794569,1.290191,1.3168178,1.2850347,1.287173,1.2737297,1.2779156,1.2870479,1.2859033,1.2857866,1.2865673,1.2732564,1.292234,1.2722089,1.3035531,1.2765596,1.2767668,1.2820845,1.2793698,1.2981151,1.2580833,1.283282,1.2656624,1.2887751,1.2753832,1.2718285,1.2754723,1.2753766,1.2919499,1.294634,1.2737076,1.2850913,1.2890081,1.2912878,1.2765635,1.2768694,1.2799728,1.2797499,1.2884966,1.2866402,1.2909594,1.282923,1.2794462,1.304313,1.2918463,1.288392,1.2852008,1.2884431,1.2815188,1.2834533,1.279467,1.2920333,1.2755066,1.3098009,1.2795331,1.2953401,1.2690548,1.2897347,1.284059,1.3019352,1.2894537,1.282547,1.286221,1.2870554,1.2852762,1.2755803,1.2760358,1.287506,1.286745,1.2973126,1.2963432,1.290167,1.2869127,1.2866768,1.2777189,1.3052859,1.294014,1.2723135,1.2810972,1.3092871,1.2744628,1.2809616,1.2850214,1.2887636,1.288354,1.2890242,1.2854102,1.2659085,1.2553097,1.2854285,1.2781398,1.2908516,1.2797469,1.295897,1.2971479,1.3151733,1.2937918,1.2851875,1.2960613,1.2816254,1.294516,1.3062558,1.2651076,1.2751217,1.3026912,1.284214,1.2925966,1.2785329,1.3005184,1.2948775,1.2751269,1.2642753,1.2898667,1.2691196,1.2803955,1.275647,1.3013754,1.2759914,1.2864738,1.2782745,1.287712,1.2892058,1.2728873,1.2901409,1.281724,1.2970538,1.2922798,1.2829626,1.2766175,1.3039902,1.286869,1.3002303,1.2733849,1.2922535,1.2751398,1.2915142,1.2788092,1.2724217,1.2912498,1.2791985,1.2725469,1.2639974,1.2841809,1.2656343,1.277844,1.2870158,1.2820803,1.2874646,1.2858801,1.2842243,1.2824649,1.2956905,1.2879243,1.2950063,1.285446,1.2889283,1.2770027,1.2779505,1.2878561,1.3039527,1.288668,1.2933502,1.2566334,1.2865536,1.2866417,1.2866764,1.2969462,1.2896632,1.2869371,1.3027698,1.2889465,1.2794887,1.2758693,1.283206,1.2993107,1.2674959,1.2870241,1.2696333,1.2884092,1.2904686,1.2844986,1.2706666,1.2977393,1.2977356,1.2858269,1.2829418,1.2809585,1.2739272,1.2714375,1.2991242,1.2833467,1.2824584,1.2839023,1.2781905,1.275167,1.278239,1.2811856,1.2906396,1.2780076,1.275472,1.289649,1.2733564,1.296957,1.2852389,1.2865045,1.2752681,1.302971,1.2882843,1.2779948,1.2851914,1.2878932,1.2897139,1.3052547,1.280426,1.2868011,1.2955738,1.283677,1.2819226,1.2961042,1.290746,1.2904894,1.2930806,1.27424,1.2717667,1.2899077,1.2896209,1.290269,1.3033011,1.2702721,1.2944273,1.2763467,1.3040612,1.2993113,1.2703396,1.2908789,1.2750089,1.2846518,1.2843902,1.2726992,1.2799244,1.3024399,1.2998918,1.2882013
0.33980367,0.3578223,0.35410246,0.35542607,0.34643722,0.3351683,0.34098166,0.33848733,0.3395933,0.35208264,0.35327053,0.3546504,0.33564684,0.33769935,0.34370834,0.3314076,0.3382767,0.3484225,0.35542092,0.35904285,0.3637644,0.35977846,0.34565306,0.35403997,0.3556772,0.3448668,0.36593008,0.33873153,0.35881668,0.365942,0.35390893,0.35694093,0.35064527,0.34698588,0.33927307,0.3525328,0.34455568,0.34735054,0.3320483,0.35628748,0.35923728,0.34296343,0.3588306,0.33081344,0.36331972,0.34023306,0.35156387,0.36438316,0.36325276,0.3610605,0.3530589,0.34742996,0.35833964,0.34182963,0.33364698,0.34863064,0.33580294,0.35210985,0.3396737,0.3275932,0.35631895,0.3546183,0.3655044,0.35694018,0.34570014,0.3637202,0.36576697,0.32878134,0.36637324,0.35602996,0.36209306,0.34487194,0.34825036,0.3384055,0.32173187,0.348696,0.35014635,0.35817856,0.3266464,0.35768297,0.36222774,0.34243864,0.3497509,0.38093743,0.3763404,0.35194832,0.36688867,0.35413212,0.35961714,0.34620082,0.35168195,0.3551834,0.35267478,0.36179775,0.3588801,0.3547281,0.35690203,0.32635617,0.33831963,0.3479451,0.34681472,0.33997005,0.34244663,0.34556627,0.36073655,0.34642935,0.34211755,0.33981082,0.35599285,0.35288587,0.3582734,0.34854606,0.3468382,0.3433294,0.33718428,0.35275036,0.34702393,0.34962323,0.34321952,0.34723935,0.35090986,0.35219398,0.35398087,0.32771733,0.34266815,0.33297953,0.35461748,0.35525227,0.35319707,0.35974878,0.34318876,0.35887122,0.34613112,0.3424929,0.36202312,0.3472919,0.37721986,0.35982504,0.35751966,0.3384751,0.3323094,0.34884295,0.3455742,0.3470452,0.33388042,0.32927468,0.3582415,0.3479389,0.3533691,0.3486817,0.3607642,0.37341943,0.35261145,0.3601171,0.3456326,0.36036852,0.35738906,0.33581,0.34504834,0.3467244,0.3449116,0.34166068,0.35547623,0.33746737,0.36049944,0.3404155,0.3433996,0.37207612,0.36135033,0.36685562,0.35221833,0.3523502,0.3557044,0.33719152,0.34623545,0.37995604,0.3581574,0.33548018,0.3638912,0.35647556,0.34196797,0.3520803,0.33989754,0.35773915,0.33807474,0.36384892,0.34736845,0.33231658,0.3555658,0.32730606,0.33119273,0.3460404,0.3422581,0.34337974,0.35607904,0.35457483,0.34138823,0.3531973,0.32598114,0.34558138,0.3437751,0.35640383,0.35688344,0.35076335,0.37134793,0.33280358,0.34141618,0.33637106,0.3488869,0.3623132,0.35061806,0.33915228,0.35068455,0.32888114,0.3434205,0.34463015,0.33934832,0.35029805,0.35129645,0.34368953,0.33581665,0.3426114,0.34176782,0.3610307,0.34064037,0.3487956,0.35268766,0.34698823,0.33297643,0.34028915,0.33666873,0.36493188,0.32774523,0.32340115,0.32945752,0.35430807,0.3542127,0.35599265,0.3496476,0.3649668,0.32856107,0.35730556,0.34519297,0.36265707,0.35899967,0.32999814,0.3369037,0.36310282,0.34609962,0.3722108,0.3500992,0.36032906,0.36805242,0.34164456,0.34616712,0.3546413,0.37951398,0.36567694,0.37242734,0.33373103,0.35167167,0.36799547,0.34341526,0.34927014,0.34296572,0.34460548,0.35015005,0.32151178,0.33406684,0.36929336,0.34223887,0.33768228,0.3581622,0.36972833,0.34960824,0.3569645,0.3662674,0.34564644,0.35133654,0.3312636,0.3350262,0.3518086,0.36044335,0.3373545,0.35307088,0.34593707,0.3515848,0.36964366,0.35943112,0.3435204,0.34274033,0.3417149,0.34824052,0.34709302,0.34892404,0.3586892,0.3554107,0.35345203,0.35633206,0.33132863,0.3276464,0.33268568,0.34958473,0.34863102,0.32987782,0.3601738,0.36454925,0.36910188,0.3471186,0.34245068,0.3398733,0.3550954,0.34917855,0.37055808,0.35296652,0.36097053,0.3462069,0.33714733,0.347333,0.35077408,0.35907617,0.34896544,0.33687422,0.3489336,0.36182114,0.33732846,0.34165177,0.3621891,0.35611165,0.34873003,0.3486114,0.34820506,0.37788108,0.33443856,0.34393698,0.35315934,0.33135217,0.34473115,0.35202926,0.34425676,0.34890893,0.3693698,0.35516146,0.36063713,0.35015607,0.34097102,0.33925134,0.36157033,0.35327595,0.33976355,0.33488962,0.32872912,0.35474926,0.36027652,0.33953422,0.3289479,0.32898474,0.3491851,0.35093856,0.3580994,0.3487036,0.36346066,0.33222747,0.3443831,0.34507787,0.33873364,0.35435373,0.3579989,0.35004932,0.34611693,0.34719044,0.34031337,0.36604235,0.3513812,0.36406887,0.3475887,0.36603254,0.34293088,0.33905435,0.35162258,0.3466947,0.34717977,0.34452617,0.35538837,0.34479332,0.34127897,0.3547417,0.35259867,0.35351166,0.33972782,0.3609444,0.35040194,0.35393873,0.3704389,0.37712184,0.365204,0.36596143,0.34722543,0.3597279,0.33693063,0.35627854,0.34537742,0.34961134,0.36887804,0.3715365,0.3380791,0.37016138,0.36358553,0.33969975,0.34372336,0.35183257,0.33919665,0.3404013,0.32694015,0.33284688,0.33022222,0.34961087,0.33398646,0.34201038,0.3596029,0.3576085,0.35573348,0.34665728,0.35511836,0.3383631,0.36048287,0.35723436,0.34182534,0.3371671,0.35956326,0.33479986,0.35579076,0.3576523,0.36026496,0.36065412,0.34649658,0.344505,0.35650557,0.33400345,0.3531106,0.34379396,0.35036194,0.34701473,0.36944506,0.34777844,0.33647603,0.3603637,0.3575727,0.36020887,0.3562597,0.36408076,0.3329707,0.36584032,0.3516823,0.3418964,0.35553032,0.36558834,0.35551956,0.35051537,0.34304,0.35002095,0.32788378,0.35714486,0.3374218,0.36388868,0.33119223,0.3630274,0.3359328,0.35981914,0.35513988,0.34934828,0.33018303,0.32663682,0.34571478,0.35000598,0.34892473,0.36902,0.36883488,0.3524364,0.32085663,0.36421016,0.35048008,0.34008324,0.3389244,0.35694042,0.3426034,0.33997387,0.3443889,0.332042,0.3448186,0.36392277,0.35352844,0.32926625,0.3364304,0.35188597,0.326936,0.33210468,0.34820503,0.35557944,0.33568814,0.37131694,0.37349176,0.33670875,0.34455788,0.35932004,0.33361122,0.37155664,0.34175524,0.34477732,0.36193717,0.33565456,0.3288521,0.33826986,0.33957762,0.3450827,0.35805392,0.34646508,0.34756207,0.3474403,0.34320578,0.3505528,0.35030428,0.3556925,0.34394306,0.36937535,0.32905495,0.37319562,0.35631406,0.3541701,0.34868085,0.3366995,0.33632296,0.34414324,0.35505468,0.3683158,0.33049706,0.37526065,0.32737625,0.34773865,0.3534197,0.33388817,0.3560882,0.34956032,0.36931744,0.35446462,0.3510289,0.35996857,0.33799064,0.35876608,0.3464083,0.33130243,0.35036558,0.34806103,0.36042744,0.34085828,0.3271007,0.35623795,0.35198846,0.36479172,0.35690638,0.35628906,0.37197766,0.35144216,0.36645314,0.35888132,0.33457795,0.32995236,0.3622278,0.3521364,0.34971076,0.34560677,0.35824624,0.350699,0.33164722,0.3412627,0.36378258,0.35719806,0.34997213,0.35410956,0.34757194,0.33808562,0.34184143,0.36425564,0.36096492,0.3495415,0.3447945,0.3456719,0.34856826,0.35334152,0.34452522,0.32552293,0.33986935,0.35066226,0.35639378,0.33660507,0.35429138,0.3519638,0.34011742,0.32917568,0.3406207,0.36676398,0.3550435,0.34271353,0.36560914,0.3530428,0.32536086,0.34137318,0.3593494,0.35947046,0.34638128,0.34841663,0.35871065,0.37686273,0.34029558,0.35549787,0.32458782,0.35145214,0.3705765,0.3502954,0.36652458,0.3412913,0.36467016,0.33739793,0.36510858,0.3446728,0.35563374,0.36139232,0.36324117,0.33884582,0.34519723,0.352252,0.341588,0.33769694,0.34923005,0.3497134,0.36034703,0.362749,0.37190166,0.340701,0.36039668,0.36060396,0.3430168,0.3491554,0.37088126,0.33944046,0.34852186,0.34756806,0.34349287,0.35184917,0.3500154,0.35797137,0.36443794,0.33353618,0.34937584,0.35039324,0.36227992,0.35800833,0.35726723,0.3565319,0.3477749,0.35583803,0.33700988,0.3706959,0.38481006,0.34966204,0.34016645,0.344746,0.3640724,0.34143668,0.36006954,0.33292934,0.33796805,0.36358348,0.33824182,0.3492555,0.3387015,0.34902105,0.3575322,0.346259,0.34084728,0.37389573,0.34486118,0.35732415,0.35311455,0.32371554,0.3095375,0.37468502,0.34489548,0.36102468,0.36496806,0.34591225,0.35268956,0.34428155,0.33515525,0.34197247,0.35531503,0.33797902,0.32795075,0.36990377,0.36035308,0.35535562,0.33364105,0.3663095,0.34450817,0.32771492,0.34779802,0.37050292,0.364211,0.36619765,0.34039104,0.36197758,0.35163817,0.35593706,0.3434259,0.36151755,0.3419841,0.35339755,0.33878884,0.33225423,0.37824342,0.37107283,0.3547873,0.36966962,0.34773728,0.34504762,0.33884493,0.3711589,0.35222048,0.36362544,0.34170148,0.3614524,0.36457753,0.34941977,0.3583121,0.34336615,0.3619378,0.33639267,0.3431426,0.35020068,0.34695143,0.34300056,0.36527088,0.34417927,0.3492112,0.34960064,0.33929768,0.33523086,0.34781253,0.32125506,0.357587,0.33578357,0.33983362,0.3691485,0.33705312,0.35896093,0.33635235,0.3450962,0.34245482,0.3452946,0.3368158,0.36726806,0.34418505,0.3432734,0.34512448,0.35887408,0.34295008,0.34581494,0.35485217,0.359629,0.3607629,0.35133904,0.3285302,0.34601903,0.35776585,0.38065344,0.3652252,0.33691257,0.37145773,0.34694684,0.3423624,0.3321776,0.35447064,0.37045333,0.3491258,0.34854463,0.35963067,0.35361928,0.35667458,0.34039307,0.3451583,0.36610675,0.32986417,0.35151777,0.34264416,0.34547174,0.34065545,0.34627238,0.34168524,0.34889838,0.3573755,0.36019692,0.3562697,0.328435,0.35368592,0.32641014,0.34126383,0.3391133,0.34522283,0.35267648,0.36194742,0.34933633,0.35348698,0.35206294,0.34728333,0.32670543,0.34193635,0.35879803,0.36088833,0.3438369,0.38179016,0.34218624,0.35376322,0.3596484,0.3785422,0.36206824,0.32542694,0.31450996,0.3363973,0.33445013,0.34257177,0.3337926,0.35107994,0.34635937,0.3404959,0.35620397,0.3556516,0.3608888,0.36177176,0.36018088,0.35318875,0.34094417,0.34856865,0.33150733,0.34263068,0.34338093,0.3562962,0.3444755,0.34819123,0.37114707,0.3476581,0.3615837,0.3648946,0.32935202,0.3590372,0.36541978,0.3550276,0.37831733,0.36596933,0.33616722,0.3465654,0.34373862,0.37117103,0.36074197,0.35924906,0.36515436,0.3367654,0.34217432,0.34376892,0.3615623,0.34207642,0.34564042,0.35364616,0.33876106,0.34319714,0.33604884,0.35757214,0.33583218,0.33622822,0.34131426,0.36308748,0.36657146,0.34253058,0.3350676,0.34565595,0.3526308,0.35443762,0.35073155,0.36769754,0.35622853,0.34314242,0.36182395,0.3383375,0.34431088,0.36177337,0.3693845,0.3358639,0.32437783,0.34575608,0.35510993,0.3531652,0.35761636,0.33535138,0.3346347,0.34246528,0.35640848,0.35618985,0.3633204,0.3599947,0.35121012,0.37226498,0.33827847,0.3464356,0.32206714,0.33139986,0.3662552,0.3511135,0.34664518,0.35081092,0.35550767,0.3551691,0.3483192,0.3558317,0.36910108,0.3480646,0.34393457,0.36503556,0.33247072,0.35222512,0.3380538,0.33388647,0.35356492,0.3655117,0.3456048,0.36165297,0.3448989,0.37074524,0.3569862,0.34871528,0.33554637,0.34606043,0.3274587,0.36565763,0.3519624,0.34983036,0.3387846,0.3644154,0.35497805,0.34727514,0.34275204,0.35918015,0.34511915,0.3607538,0.3668411,0.35669208,0.35221988,0.33764148,0.3484052,0.36814907,0.34635812,0.34903333,0.3587238,0.3583168,0.37073293,0.3398823,0.35046348,0.35977,0.34127265,0.35359028,0.34620512,0.3225964,0.34973797,0.31459916,0.36608076,0.34850577,0.3338936,0.3271591,0.3572159,0.3540341,0.3365524,0.32986444,0.33770317,0.3537972,0.36288458,0.35910222,0.35570446,0.33918342,0.34766442,0.37794596,0.34740585,0.34721532,0.33119902,0.34857714,0.36722684,0.3561942,0.3370565,0.33983013,0.34304428,0.3693151,0.34068865,0.33639854
