0.37165198,0.38128227,0.37496975,0.36798754,0.3716448,0.37303412,0.39099306,0.37902346,0.37337893,0.36688527,0.37946722,0.3657236,0.3740493,0.362772,0.3764821,0.369701,0.39654592,0.35986945,0.3693179,0.37156358,0.35499424,0.36754087,0.36947578,0.3863607,0.36969954,0.35634816,0.37092322,0.363269,0.35440335,0.38415828,0.36881843,0.36138928,0.37148225,0.3718594,0.37785074,0.37873945,0.36507303,0.37807485,0.36356667,0.37050414,0.37284088,0.38020524,0.34030762,0.36484185,0.36682394,0.37155938,0.36626855,0.3615055,0.36209783,0.37558138,0.3532289,0.35930115,0.3750076,0.3798645,0.3714935,0.37027282,0.35859162,0.36375967,0.36371762,0.38207978,0.36853048,0.36928165,0.38311145,0.37348083,0.36915714,0.37746134,0.37994748,0.35434198,0.3700133,0.38660273,0.38025853,0.35168785,0.3712074,0.3726852,0.36143696,0.37613422,0.3848134,0.37213567,0.36127952,0.36817145,0.37468746,0.36859143,0.35916293,0.36673403,0.38034365,0.3804263,0.36678094,0.3630533,0.37596628,0.38556525,0.3469695,0.364155,0.38140437,0.36463165,0.3721799,0.36900663,0.36219585,0.37031397,0.36365288,0.3584926,0.3714733,0.37075758,0.36827928,0.37702838,0.37669766,0.3594705,0.36028895,0.3667598,0.36771291,0.37128073,0.38132274,0.3550567,0.38142604,0.37357026,0.36579555,0.38595545,0.3692281,0.3711404,0.3790499,0.3737025,0.37829638,0.36899632,0.36246172,0.37600762,0.3628403,0.3770725,0.35983896,0.38427818,0.34732914,0.35719657,0.36345467,0.3574956,0.3577428,0.35655624,0.37262204,0.3515282,0.35292178,0.36867544,0.37892625,0.3588405,0.36344713,0.38343224,0.37011614,0.3620853,0.3710688,0.38178462,0.387109,0.37816483,0.37593678,0.36739486,0.35222867,0.36656556,0.38199133,0.37459445,0.35404435,0.36251324,0.36813962,0.3795891,0.36003277,0.36105764,0.36746332,0.3774777,0.38203722,0.35970005,0.36296648,0.3769112,0.36705256,0.36683583,0.36573416,0.36707303,0.38266146,0.35904902,0.35025847,0.37083593,0.36612052,0.35904923,0.3596458,0.36902234,0.36172235,0.37704325,0.36291975,0.36201322,0.3612316,0.36944103,0.35435984,0.3735239,0.35931376,0.35563254,0.37111074,0.37361532,0.36782986,0.36086875,0.35582483,0.35487685,0.37424567,0.36787248,0.36812901,0.36024,0.36379254,0.35668984,0.36060947,0.38799798,0.37513697,0.36543286,0.37544525,0.37558547,0.37682775,0.3786209,0.36586705,0.36662772,0.35073972,0.36829528,0.37086394,0.36019588,0.3822883,0.38794804,0.36527812,0.36946553,0.36787677,0.3614201,0.36608872,0.38196373,0.38112938,0.37182993,0.36775917,0.35751164,0.38280952,0.3771424,0.3606775,0.36121762,0.3641365,0.37261328,0.36671036,0.3514225,0.3649095,0.3663643,0.36193824,0.36141762,0.36505178,0.3691353,0.3680077,0.36832574,0.36596507,0.37089264,0.36305648,0.3692568,0.36765724,0.36360213,0.3719306,0.3584512,0.37383378,0.36732918,0.37866136,0.3714241,0.35693765,0.37127668,0.37361374,0.36761528,0.37476,0.38653973,0.34805465,0.3657583,0.35670823,0.3843674,0.36826617,0.36386284,0.36870024,0.36373618,0.3546695,0.36717138,0.3668857,0.37035245,0.373774,0.36912015,0.37391755,0.36660224,0.3656765,0.35899737,0.36646608,0.36028343,0.36405063,0.3613989,0.36500534,0.36423033,0.3787787,0.3522662,0.37139246,0.35765004,0.37880874,0.34415194,0.35758275,0.3678859,0.3629891,0.37384158,0.37770775,0.37106168,0.35810614,0.38217667,0.3790576,0.35939673,0.3788492,0.35088015,0.38482296,0.37462956,0.3612653,0.3571794,0.38220963,0.37048122,0.35595778,0.37459287,0.36630395,0.37333947,0.36451244,0.36169067,0.368379,0.36273754,0.36993673,0.37487912,0.366627,0.36496142,0.37754485,0.36056,0.37522364,0.34934387,0.37561882,0.35359335,0.3733806,0.37876898,0.3782505,0.35105217,0.37716967,0.3665723,0.36394122,0.3763226,0.37255782,0.36723444,0.37866163,0.36960316,0.3632885,0.38913527,0.37200016,0.3655054,0.35168982,0.36577427,0.38907483,0.36253598,0.36209768,0.37442425,0.34721002,0.36339647,0.36295506,0.371792,0.36046317,0.37195465,0.37475353,0.36307204,0.36857164,0.38319853,0.35988474,0.37041315,0.36411402,0.37062934,0.3813023,0.37662035,0.3845859,0.35456508,0.3660612,0.37056628,0.35081923,0.36830428,0.36385533,0.37590894,0.35999966,0.37130234,0.37020606,0.3752796,0.36712772,0.374505,0.3638977,0.3633521,0.3842243,0.3659107,0.34804872,0.3538717,0.3732309,0.35522968,0.35350457,0.36799482,0.36177245,0.36943805,0.36352724,0.3782325,0.3487614,0.37363097,0.37568888,0.37118465,0.35048655,0.38767296,0.3620487,0.37999162,0.37445998,0.3746757,0.35485497,0.3578211,0.3583794,0.38593304,0.37011978,0.36172953,0.39169276,0.37613565,0.36136413,0.37138,0.37547514,0.37248927,0.3655166,0.36341393,0.37870345,0.36998346,0.38479537,0.36346275,0.36459112,0.35609686,0.36126235,0.36373794,0.34722516,0.369597,0.37678617,0.3601652,0.359105,0.3696842,0.35779747,0.37067175,0.3689301,0.37359816,0.38066614,0.3784008,0.37305045,0.35769352,0.35795993,0.36843354,0.37668166,0.35110712,0.35389367,0.35664803,0.36974972,0.3628907,0.3698015,0.376871,0.37034714,0.3716276,0.37750715,0.38212952,0.3958254,0.38121063,0.36280343,0.36478442,0.36801383,0.37543115,0.35594067,0.37270856,0.37752193,0.37675902,0.35826817,0.36584002,0.37575585,0.36784303,0.36676282,0.3686655,0.35124367,0.37247354,0.37395495,0.3716921,0.36709085,0.37102467,0.37045977,0.35975456,0.38453972,0.3655964,0.36565313,0.3498238,0.35606092,0.35969365,0.37175927,0.37078694,0.35390013,0.36748612,0.3620062,0.35561898,0.38741198,0.35304663,0.36989218,0.35475937,0.37231827,0.3575343,0.34590444,0.3793867,0.36946535,0.3688786,0.3605086,0.37413645,0.39199907,0.3533575,0.3588061,0.3484095,0.35897243,0.36926746,0.36924186,0.3551828,0.3739665,0.35540345,0.37775087,0.37973705,0.36585662,0.37746975,0.3623326,0.38482314,0.3575611,0.36487323,0.3657578,0.3766384,0.37279505,0.35445464,0.36595726,0.37826815,0.37245712,0.36200002,0.36152893,0.37532818,0.3714403,0.37251323,0.3622485,0.35535178,0.37911913,0.35771465,0.37219855,0.36181632,0.37286273,0.35493255,0.3711267,0.36789697,0.3652418,0.36955616,0.36067653,0.37551033,0.36618096,0.3650825,0.36966664,0.37834945,0.37287438,0.36910295,0.375864,0.36631268,0.37692675,0.36376828,0.36442488,0.36338913,0.37297302,0.36422598,0.3840916,0.37514257,0.36357763,0.3597305,0.37437463,0.375587,0.36326274,0.37782487,0.37729394,0.3609716,0.38597456,0.37835094,0.3612792,0.36423934,0.36976466,0.36393127,0.3725575,0.37731695,0.36489332,0.36039513,0.37082896,0.3716979,0.36412117,0.36677822,0.37046754,0.36879513,0.3886378,0.37217823,0.37139556,0.37660807,0.3722568,0.34832636,0.36507195,0.36752155,0.376517,0.37200105,0.36138713,0.365583,0.34897557,0.35840574,0.37349778,0.37266356,0.38166553,0.38331366,0.35882753,0.35313874,0.37431365,0.36515778,0.36729932,0.36997664,0.36590528,0.3625646,0.35598388,0.35713956,0.37890634,0.36692348,0.36075273,0.3634897,0.36352813,0.35970733,0.36289686,0.37162176,0.37009495,0.3594062,0.37451693,0.36641094,0.36356953,0.37341416,0.3761167,0.36856753,0.37294137,0.36547956,0.35709876,0.34977415,0.35957566,0.38432717,0.35982984,0.37235174,0.3623791,0.3684147,0.37950245,0.37691534,0.36938012,0.37083092,0.36483863,0.36995134,0.37516725,0.3464773,0.35990903,0.38067853,0.3509258,0.3726134,0.36704972,0.3712082,0.37845558,0.37049687,0.36754325,0.36689687,0.3562903,0.38185042,0.359564,0.37457845,0.3547821,0.34561512,0.3661463,0.37243134,0.3803906,0.35786745,0.35657117,0.3537108,0.37996843,0.3752761,0.38099316,0.3648818,0.37047544,0.3607103,0.3823094,0.36246377,0.36505967,0.36481258,0.375674,0.36511156,0.34731054,0.3955219,0.34561762,0.36316806,0.36366472,0.36774412,0.3702573,0.37550268,0.35330573,0.37598947,0.37108147,0.3704326,0.36947477,0.37506998,0.37265152,0.3514396,0.3592859,0.3826388,0.3756503,0.3670693,0.36532187,0.3820632,0.37701324,0.36701924,0.36018988,0.37439796,0.35792798,0.36333254,0.35990518,0.3638548,0.35309386,0.3642637,0.3706722,0.3753902,0.38799056,0.37635323,0.36578837,0.38158643,0.37089154,0.38334394,0.34362742,0.37291843,0.36851877,0.3529689,0.38773555,0.37488332,0.3678477,0.38357446,0.3671376,0.35274312,0.38052213,0.37105858,0.36203733,0.37150913,0.35219467,0.36653563,0.36459297,0.36486918,0.35811526,0.35794708,0.3757762,0.37135127,0.37922814,0.3531216,0.37825358,0.37235722,0.37401155,0.38500372,0.36666158,0.36546823,0.3583768,0.3562515,0.37548244,0.36633047,0.36573955,0.3616733,0.38371295,0.36796722,0.36279842,0.37039557,0.37942606,0.36002457,0.37217396,0.3676232,0.36498094,0.37020874,0.38075247,0.36531445,0.37209633,0.3677088,0.3823805,0.3629408,0.37401375,0.34748498,0.36870295,0.3741342,0.3666303,0.35812056,0.3617076,0.36322677,0.36853608,0.36989135,0.37686488,0.368029,0.364422,0.3732062,0.37377602,0.36676934,0.39078426,0.36568302,0.37804508,0.36925775,0.3655888,0.3524304,0.3685109,0.38237494,0.37577528,0.368732,0.37838337,0.368468,0.3642105,0.35979313,0.37356836,0.36703902,0.36485046,0.37477836,0.38293782,0.37681815,0.36044028,0.37166977,0.34776953,0.37003914,0.3775737,0.3761882,0.35692155,0.370433,0.35079035,0.3703825,0.38193768,0.36507344,0.36745572,0.35753408,0.37380913,0.37794334,0.3712369,0.36702982,0.34446317,0.36076805,0.3641098,0.38789135,0.35993174,0.37814704,0.35743624,0.370438,0.3834885,0.36389914,0.371155,0.37090266,0.3669838,0.36360186,0.36064336,0.38796103,0.35529172,0.3730246,0.37986147,0.36996695,0.3644873,0.35793847,0.37167937,0.37441537,0.36852118,0.3659889,0.38795522,0.3482158,0.37680635,0.36674672,0.3591838,0.34903252,0.36549762,0.3762634,0.3736539,0.36101916,0.36403224,0.36166248,0.36483836,0.36607522,0.36351007,0.3878435,0.37815255,0.36958158,0.35870284,0.37016496,0.3643449,0.35189483,0.36947602,0.3600375,0.36834615,0.37698182,0.37912577,0.37164912,0.35464278,0.36726895,0.3934899,0.3542247,0.3676091,0.36079663,0.3713167,0.3863622,0.37219575,0.34612203,0.36572096,0.35658768,0.36572367,0.3620881,0.35912496,0.3618058,0.36172828,0.37294975,0.36459056,0.37047097,0.3799542,0.37337756,0.36531758,0.37391567,0.36486796,0.3759153,0.3384253,0.3665771,0.37764204,0.37783155,0.37293518,0.38357714,0.3780033,0.36058876,0.38023046,0.36846325,0.36767605,0.35535324,0.36115792,0.35388902,0.38254637,0.36787018,0.36284155,0.35806417,0.37585628,0.37207693,0.36207992,0.38458216,0.3687269,0.35222167,0.3695031,0.3796128,0.36110806,0.36587387,0.38000655,0.35073477,0.3676535,0.3733538,0.360106,0.3677899,0.36473152,0.36465496,0.36608344,0.36624297,0.35627657,0.36683276,0.3724591,0.3639223,0.37140605,0.37423098,0.35217914,0.352739,0.35876817,0.38526887,0.3836982,0.36925474,0.36470202,0.3749218,0.39398253,0.3801029,0.371843,0.37142175,0.37458134,0.37010998,0.3571769,0.35743874,0.3697641,0.3455857,0.35626632,0.36588168,0.36322346,0.3719108,0.36062256,0.38425773,0.37666878,0.36217293,0.35738134,0.36012113,0.3715162,0.34980997,0.38071465,0.36506754,0.36268908,0.37303725,0.3590217,0.376906,0.3647765,0.38144255,0.37822273,0.3640895,0.35855883,0.36945093,0.37194026,0.36804855,0.36561996,0.36389354,0.3768009,0.3691011,0.36590332,0.37035128
0.52371645,0.51343143,0.51245135,0.5311389,0.5408471,0.52784204,0.5081403,0.51837885,0.52569515,0.5223321,0.537791,0.5255559,0.51675785,0.52547675,0.5319488,0.519561,0.5271071,0.5173361,0.5297397,0.51745075,0.52615285,0.5216013,0.53735167,0.5164808,0.530043,0.52012026,0.5220755,0.5211258,0.51573694,0.5302127,0.529419,0.5236201,0.53244776,0.5224653,0.52831113,0.5225118,0.52690125,0.533226,0.526701,0.5112397,0.52501255,0.5276382,0.51014155,0.5112625,0.5325275,0.53478146,0.53485036,0.5097044,0.53263265,0.5212376,0.5363655,0.50906193,0.5398023,0.51992804,0.5334376,0.50567275,0.53070694,0.517107,0.5147875,0.5189151,0.52552074,0.5199961,0.5197726,0.51355153,0.52139515,0.52904236,0.53036183,0.52282804,0.5328756,0.52033484,0.5171309,0.51944304,0.5128291,0.5301811,0.5326566,0.52303606,0.52955353,0.5223989,0.5197447,0.5272154,0.52171344,0.53398913,0.52251303,0.5188181,0.53679526,0.5306384,0.521006,0.5149654,0.50891733,0.5373062,0.5210709,0.530663,0.53692615,0.5260145,0.52620363,0.5117279,0.5266044,0.5268744,0.5342671,0.51806265,0.5461046,0.5198059,0.52901983,0.5287006,0.51087916,0.52514935,0.5204185,0.539956,0.52916,0.52868897,0.5175794,0.52683693,0.51411057,0.52637833,0.5341682,0.5233677,0.51776534,0.5183067,0.52305335,0.5245277,0.51708454,0.53227246,0.51402545,0.51806974,0.5263062,0.5098066,0.5223885,0.5273721,0.51543003,0.5162437,0.5051811,0.51322305,0.5124327,0.52142656,0.5305975,0.5087749,0.5150944,0.5229291,0.53162324,0.5189818,0.5220467,0.51576596,0.5306587,0.5233313,0.5195148,0.5302198,0.53611994,0.52413106,0.5155704,0.52605784,0.52320635,0.5273681,0.530668,0.5266,0.52102655,0.52357095,0.5206532,0.52318025,0.51090986,0.5043429,0.51970416,0.52258337,0.5120519,0.53084034,0.5323825,0.5254918,0.51039577,0.53997195,0.51773447,0.5115626,0.5317136,0.5218412,0.5130739,0.5252948,0.51503575,0.51780003,0.52406,0.5402436,0.5186328,0.5160034,0.5115724,0.53395915,0.5425528,0.52655035,0.5264765,0.54561275,0.5167079,0.5188595,0.5339114,0.49649936,0.5236856,0.5207282,0.512092,0.51199216,0.5295395,0.5140497,0.51103544,0.51112676,0.52210104,0.5100068,0.521597,0.51067525,0.52695745,0.5224748,0.5424694,0.5302871,0.52022773,0.5200759,0.52838355,0.52092737,0.52740467,0.53064317,0.521672,0.5241967,0.51257306,0.51666695,0.51219636,0.532989,0.52532715,0.5219779,0.5255481,0.5395458,0.53291625,0.5331232,0.5096088,0.5270705,0.518975,0.5188518,0.51804817,0.52368563,0.52507937,0.5317551,0.5220582,0.5107661,0.5253045,0.53681386,0.519734,0.52972627,0.53004813,0.5180284,0.5221479,0.51218456,0.52319753,0.51043105,0.52595365,0.52058077,0.523726,0.534877,0.5229015,0.52071744,0.5317482,0.5270699,0.51359737,0.52735186,0.5095964,0.51603776,0.5272498,0.51704633,0.5133278,0.52177733,0.5190001,0.51505846,0.5310858,0.5228365,0.527402,0.52112985,0.51672125,0.5418584,0.5254322,0.5056846,0.52085304,0.5221669,0.53145236,0.5256474,0.53125983,0.51580054,0.5193365,0.53155524,0.5417777,0.5249321,0.53863984,0.51530594,0.53135335,0.5354638,0.5393014,0.5253272,0.52018166,0.5184555,0.5248215,0.5116551,0.5240943,0.51639044,0.52698183,0.522118,0.5246755,0.5214045,0.5267975,0.51628107,0.5298146,0.5183521,0.52137196,0.51830786,0.5098558,0.52242476,0.5230646,0.5192435,0.51897323,0.51812124,0.50918293,0.5176646,0.5265075,0.528664,0.52088344,0.5204196,0.5270747,0.53674316,0.52964985,0.5294787,0.517951,0.5278356,0.53228855,0.5125525,0.5197972,0.5254611,0.5291114,0.5238063,0.5385303,0.5322564,0.5121787,0.53148675,0.51790714,0.5040632,0.5260147,0.5236857,0.5247634,0.5217053,0.5344933,0.5345816,0.53505594,0.5305472,0.5221629,0.5255486,0.5167523,0.5173672,0.53823686,0.517349,0.5289161,0.5164687,0.5123905,0.5142562,0.5196277,0.5203898,0.51995796,0.51842237,0.5219634,0.50456446,0.509028,0.51444566,0.51786774,0.52945745,0.5263908,0.5338656,0.52447647,0.5246776,0.51127374,0.5157947,0.5132462,0.5254748,0.52785516,0.51191103,0.5218921,0.53393245,0.52007705,0.51993895,0.5101509,0.5390607,0.53655416,0.52010196,0.52608544,0.5128403,0.520774,0.5127998,0.5234688,0.5287008,0.51483035,0.5142108,0.51622415,0.51442206,0.5283191,0.52514166,0.514134,0.5342386,0.52055615,0.52172035,0.5354615,0.5248509,0.5150196,0.51633906,0.51360935,0.530657,0.5309437,0.5402182,0.52745634,0.51733494,0.5190286,0.5220567,0.5178688,0.51378506,0.5332493,0.52565414,0.50632703,0.5246564,0.51637805,0.5013287,0.52469957,0.53879696,0.53376853,0.52009076,0.514394,0.52816224,0.52284557,0.5112867,0.5289861,0.49824628,0.5132699,0.5222866,0.52808136,0.52863437,0.5312985,0.5240837,0.52301776,0.5066902,0.5132864,0.5165415,0.535941,0.53399223,0.5183754,0.510687,0.51874685,0.53624564,0.532318,0.5056959,0.52454525,0.513661,0.511969,0.50907505,0.50858754,0.52536577,0.5209127,0.5372888,0.5311523,0.5328564,0.54347104,0.524575,0.5089633,0.53152066,0.5222638,0.5305357,0.5232515,0.53309524,0.525779,0.5225032,0.53603727,0.5165963,0.51536286,0.53317505,0.52689487,0.5127167,0.5156838,0.51830465,0.5373088,0.5128136,0.52618974,0.5323179,0.5357183,0.52162176,0.5333945,0.5284328,0.5159326,0.5165891,0.52576786,0.519583,0.5220045,0.5334568,0.52339494,0.52530444,0.52093464,0.52692246,0.5359681,0.5351053,0.5271819,0.5189623,0.5227197,0.52375704,0.51116776,0.51342684,0.529838,0.52198565,0.50659966,0.5258835,0.51959497,0.52555466,0.5234388,0.5176509,0.51857007,0.51837724,0.5211937,0.5109177,0.5167088,0.5153569,0.5148355,0.5218586,0.52501917,0.5395686,0.5396575,0.5457878,0.520099,0.5120432,0.5148927,0.522776,0.5270852,0.5177881,0.5316617,0.5190799,0.52972704,0.5213209,0.53036094,0.52870965,0.5022473,0.501235,0.5161185,0.521631,0.5299138,0.531697,0.53221965,0.5260677,0.5150854,0.51043636,0.5256322,0.5189607,0.5275275,0.51421195,0.5249053,0.5259953,0.5036036,0.5171832,0.51565367,0.5292498,0.51620555,0.50786686,0.5396164,0.53304696,0.51613265,0.52703613,0.5265375,0.5303784,0.52816325,0.5267452,0.53030884,0.53791887,0.5170971,0.51460063,0.5304019,0.5319498,0.5093402,0.50538117,0.5434343,0.514954,0.54405785,0.51583433,0.5242829,0.52657104,0.51639163,0.52258885,0.5163411,0.53855073,0.50301474,0.5236767,0.53083974,0.51934654,0.5281735,0.5204086,0.5221635,0.54135025,0.52567524,0.51414514,0.53455716,0.5264831,0.525815,0.5126643,0.5230672,0.538222,0.5321395,0.5195517,0.53670055,0.51292497,0.49948075,0.5291519,0.5243549,0.52447385,0.53195757,0.52673376,0.50700825,0.51578474,0.5325069,0.514334,0.5278095,0.5305595,0.49898636,0.50392735,0.5200567,0.51960063,0.52022344,0.5386034,0.520587,0.5194582,0.52306485,0.53122187,0.50670546,0.5339353,0.5246094,0.5207091,0.52829826,0.5199503,0.5323831,0.50682795,0.51085186,0.53387547,0.5324051,0.5199509,0.512319,0.526014,0.5074915,0.5288747,0.5072823,0.53575563,0.51778245,0.5229294,0.52354044,0.5188001,0.52040017,0.5311648,0.51302934,0.5249275,0.516769,0.5215036,0.5057092,0.511645,0.52808553,0.54925877,0.5253768,0.5274809,0.5108293,0.52401507,0.5212687,0.5213316,0.52349854,0.5185197,0.52448046,0.5259957,0.51116896,0.52545947,0.50519717,0.5287172,0.5310505,0.5104224,0.515048,0.5210715,0.5160503,0.51380545,0.51811475,0.5185374,0.5173285,0.5205343,0.5153827,0.52714837,0.49799907,0.5116579,0.5488706,0.5279166,0.52392465,0.5302791,0.5157761,0.52069545,0.5037958,0.523194,0.5244915,0.5106845,0.5312082,0.53317314,0.52514064,0.5154177,0.5258926,0.5239615,0.51420796,0.5283256,0.53376794,0.5197921,0.53150403,0.5425304,0.5232331,0.53491557,0.51395845,0.51376545,0.52106386,0.51706916,0.5189175,0.52734554,0.5147516,0.5334165,0.51298517,0.520852,0.52019584,0.51597935,0.5249608,0.53342557,0.51815695,0.53136736,0.52451366,0.5378281,0.53234,0.52933645,0.5281852,0.5143284,0.5370016,0.51865757,0.5271544,0.52313304,0.5149231,0.5199299,0.52813965,0.51636195,0.52153844,0.5374723,0.5387928,0.50009423,0.5326593,0.5316627,0.5136679,0.52825594,0.5417334,0.5320923,0.5267545,0.52367395,0.5030267,0.53493977,0.514792,0.52823424,0.52580035,0.5212214,0.5237462,0.51604575,0.5256955,0.5275074,0.5106363,0.54125625,0.5225726,0.52685827,0.52818406,0.51922536,0.53116053,0.5172738,0.50529623,0.5203205,0.49685985,0.52480143,0.54792047,0.522798,0.53863764,0.5222269,0.53775346,0.52003455,0.5207248,0.5253491,0.51671016,0.5245963,0.5013085,0.50713223,0.5414385,0.5267323,0.5157089,0.5153283,0.5365654,0.5289924,0.5183793,0.50956064,0.52589875,0.53041434,0.52753997,0.5130683,0.52617556,0.5307278,0.53693765,0.52504647,0.5222112,0.5450965,0.51796913,0.5251521,0.5222521,0.5206523,0.5305579,0.5155428,0.52322394,0.515331,0.5014015,0.5226716,0.52750105,0.5266712,0.52165973,0.5133249,0.51601744,0.5265526,0.52288896,0.51708883,0.5389267,0.53254175,0.52182233,0.5341849,0.5124722,0.50638276,0.53484285,0.5320489,0.5350318,0.51804036,0.49868658,0.5333849,0.5118225,0.51706696,0.49697906,0.5285919,0.5413494,0.52116823,0.5165684,0.52108836,0.52574784,0.5342885,0.5409854,0.5175611,0.52381116,0.5258389,0.52565134,0.54109716,0.5287726,0.5224279,0.5196512,0.52489203,0.5227408,0.51183796,0.5169515,0.507383,0.52666426,0.51524824,0.52882147,0.5284894,0.51048243,0.5128099,0.5326518,0.5097142,0.5150008,0.51808536,0.5198422,0.50780034,0.52120167,0.5132719,0.51379555,0.5206985,0.5204003,0.5228409,0.53044605,0.522121,0.5102699,0.51965916,0.5213793,0.53024244,0.5167593,0.5206038,0.513589,0.5414038,0.5263338,0.5132882,0.50863576,0.5115333,0.5382084,0.5261224,0.51774096,0.5446175,0.5376177,0.51519865,0.51269805,0.5364965,0.51759803,0.5112767,0.5167222,0.5263417,0.5282298,0.53539664,0.51446444,0.5320312,0.5195058,0.512333,0.5379921,0.52355486,0.51940554,0.52271754,0.5257423,0.5137116,0.5146106,0.52824926,0.52259827,0.51311713,0.5053954,0.5131868,0.5435158,0.52722037,0.5272215,0.521544,0.5223912,0.501705,0.538901,0.5246486,0.5239906,0.5234088,0.51628727,0.5189417,0.5308942,0.5279785,0.5316977,0.52544695,0.5274066,0.519515,0.5160221,0.5321677,0.5279882,0.5291232,0.5266132,0.51352775,0.52966154,0.5322769,0.52533156,0.5165055,0.52276564,0.5166575,0.53109026,0.5216388,0.5197587,0.50996774,0.5223522,0.53736526,0.53057784,0.5151368,0.506783,0.5376367,0.53461283,0.53140694,0.53680426,0.5240698,0.5289298,0.5156463,0.5186917,0.5181206,0.5204979,0.5123107,0.5300783,0.5128798,0.5142714,0.5323993,0.5190703,0.519272,0.5301097,0.5130242,0.5324035,0.51428235,0.5207075,0.5144584,0.5199927,0.5218506,0.51341945,0.53006417,0.50101453,0.5096226,0.5237548,0.5227627,0.5235901,0.51436883,0.50446826,0.5109458,0.5185689,0.52415377,0.5394814,0.52653587,0.5138216,0.51870227,0.52437633,0.53829604,0.52591175,0.5182217,0.52692515,0.52661604,0.5293297,0.504652
0.52864987,0.5373248,0.5179304,0.52059865,0.51646525,0.520703,0.53262174,0.5204051,0.52487344,0.5179383,0.5339741,0.520882,0.5207462,0.5239206,0.5326605,0.52343863,0.531437,0.5256517,0.5289898,0.50330263,0.52739006,0.52186376,0.5308712,0.52384895,0.51166785,0.5147781,0.5396663,0.5181346,0.509995,0.53422725,0.52982575,0.51970994,0.5224722,0.5306499,0.5238419,0.51601183,0.52583575,0.5200201,0.5220449,0.52428275,0.5157499,0.5345466,0.521348,0.521008,0.51319945,0.52087796,0.52265555,0.5090474,0.5204824,0.5146915,0.5136314,0.51376826,0.525023,0.5211421,0.5078597,0.5184791,0.53217304,0.5169125,0.5248775,0.5305002,0.51848745,0.51923305,0.5268331,0.519427,0.50774705,0.523366,0.51856536,0.5149074,0.5304892,0.53067875,0.5226975,0.5104332,0.5128576,0.5247102,0.5108984,0.5265387,0.5289094,0.51380855,0.5258143,0.52852833,0.52398014,0.5239715,0.52190727,0.51217324,0.5194683,0.5260111,0.51397943,0.5155846,0.5326612,0.5368104,0.5072688,0.5254908,0.5321677,0.5125478,0.53676885,0.53513277,0.52239496,0.51221335,0.5146449,0.50173026,0.5251356,0.5296849,0.5261736,0.5335531,0.520203,0.49928543,0.52727056,0.5246324,0.5268195,0.5039241,0.51770717,0.51390165,0.5259815,0.5212891,0.51712906,0.5394259,0.5239084,0.519082,0.51746416,0.5273357,0.5221126,0.5268696,0.5156707,0.5331442,0.5311634,0.50006235,0.51786065,0.5286869,0.51616204,0.51176435,0.5044528,0.5125949,0.5282243,0.5286169,0.5216683,0.53810436,0.52080524,0.53286815,0.5282061,0.52729946,0.52190566,0.51024365,0.5202529,0.51971704,0.5196801,0.5144719,0.5208384,0.5201616,0.5102931,0.5124779,0.5196144,0.5201096,0.5322546,0.52339375,0.50591594,0.5094191,0.5181413,0.53015476,0.52046883,0.52185196,0.5076219,0.5247051,0.5290547,0.5185216,0.5191192,0.5310391,0.53526306,0.5194492,0.52487445,0.5174567,0.5261001,0.51919466,0.51345736,0.52556705,0.51432425,0.51216185,0.51878065,0.53839743,0.5167257,0.51142234,0.526342,0.51435065,0.51486236,0.5199946,0.52758664,0.528937,0.50983846,0.53217155,0.5309155,0.52189875,0.51317376,0.51156676,0.5181115,0.5134259,0.5189836,0.5216598,0.53581464,0.5076994,0.51375765,0.51190084,0.51466197,0.5338131,0.5244465,0.51106334,0.5342585,0.519013,0.5285255,0.52360666,0.5140431,0.5206557,0.5224585,0.5274018,0.5186477,0.52997065,0.5301319,0.5436235,0.52709514,0.5275179,0.5201604,0.51347363,0.5250014,0.5298538,0.5326479,0.5277467,0.5291046,0.551393,0.5253206,0.52480066,0.5203183,0.52230006,0.51382506,0.53100824,0.51722366,0.52027696,0.52477205,0.5239119,0.53149074,0.50896704,0.5246413,0.51873064,0.52571875,0.51292294,0.51707304,0.5254474,0.5114716,0.53332263,0.5274273,0.5166923,0.52019864,0.5150452,0.534377,0.52988136,0.5311728,0.5181832,0.51542765,0.5086925,0.51193255,0.5200956,0.52563995,0.5267565,0.51896125,0.5207051,0.5178974,0.5215204,0.51792157,0.5224803,0.519461,0.52011716,0.5149344,0.5153678,0.5259944,0.5022416,0.5280514,0.5225,0.5179416,0.5293807,0.53383934,0.5165623,0.52951473,0.5423094,0.53025025,0.5121775,0.5070104,0.5354895,0.5258182,0.5297449,0.52411425,0.5223465,0.51315403,0.52728397,0.51711637,0.5137209,0.5288774,0.5215227,0.519505,0.52792186,0.52095234,0.5193115,0.5298008,0.5017807,0.53121114,0.52096426,0.52939993,0.5264113,0.51559395,0.52784276,0.5173655,0.5082817,0.50350404,0.5225799,0.5157909,0.5189292,0.51493895,0.51656485,0.5293252,0.52662,0.5193706,0.52876914,0.5114332,0.5099485,0.53497297,0.5162178,0.523205,0.50436604,0.5242313,0.50867826,0.51230145,0.5180471,0.52716535,0.5343064,0.51501256,0.51378644,0.5236589,0.5111091,0.51816934,0.51063377,0.52599597,0.51498353,0.53563833,0.537898,0.5280148,0.5240556,0.5134404,0.52547634,0.5357201,0.5230498,0.51823705,0.5177883,0.50595427,0.53650635,0.5251911,0.5227276,0.529624,0.5313367,0.512944,0.50931615,0.518898,0.5219408,0.51193106,0.5185385,0.5109609,0.52227545,0.52289575,0.5248793,0.52953,0.51536214,0.51902634,0.5230493,0.50509626,0.51315814,0.5259768,0.5268508,0.51256025,0.5310255,0.5159716,0.5208377,0.5378336,0.5236208,0.516151,0.51495916,0.5322774,0.521339,0.51642203,0.5054288,0.5299672,0.5265429,0.52547157,0.5366314,0.5010496,0.51729244,0.50628597,0.51924115,0.5234396,0.53595346,0.52226925,0.53384554,0.51522106,0.5236279,0.5172539,0.5156436,0.5116983,0.5170893,0.5258474,0.520264,0.5154756,0.5311886,0.5275407,0.5224578,0.53283876,0.5151197,0.5081447,0.51420474,0.5266273,0.5215544,0.52762586,0.5209551,0.5157641,0.516299,0.5271504,0.5245847,0.5006136,0.5086096,0.5213784,0.52243274,0.5189157,0.52434784,0.5171319,0.5046426,0.5086055,0.50780654,0.5113942,0.506679,0.53137535,0.5345793,0.51734215,0.5272065,0.5163573,0.51037335,0.5234119,0.5135684,0.5188912,0.5112462,0.50835913,0.50316745,0.5315221,0.5087269,0.52921516,0.5358818,0.5267904,0.51191705,0.5148186,0.5344825,0.5348517,0.5413018,0.5205039,0.52700704,0.5236868,0.52097267,0.5161283,0.5273632,0.5257532,0.54066557,0.51611274,0.53113526,0.5281612,0.5334183,0.5251411,0.52332264,0.50914824,0.51043993,0.5156094,0.51841277,0.50779575,0.52472985,0.51102173,0.5011967,0.52962875,0.51036084,0.51173466,0.52394545,0.5078518,0.52624094,0.51007813,0.52061343,0.53475904,0.51541233,0.5121637,0.5211106,0.53576005,0.5236128,0.5119676,0.51068825,0.51362425,0.5135246,0.5126796,0.5391293,0.5207207,0.5267834,0.5036599,0.5245691,0.5216964,0.5185214,0.5270892,0.50316167,0.53704554,0.53205854,0.5343828,0.5285428,0.51245797,0.5125581,0.53885496,0.5273661,0.5084845,0.5340892,0.5146021,0.5309811,0.5344251,0.49891233,0.5247815,0.5207259,0.52991223,0.52450407,0.5072227,0.52917576,0.5148489,0.527219,0.5077952,0.516319,0.50311565,0.5124169,0.52058333,0.51841784,0.52206737,0.5209294,0.5313752,0.52781403,0.5094835,0.52922183,0.51931596,0.5156118,0.519595,0.51387084,0.50175023,0.51607555,0.5182964,0.52078784,0.5151907,0.5225011,0.52073914,0.52009004,0.52988565,0.5166541,0.5169547,0.5250788,0.52884996,0.51019853,0.52311987,0.5206431,0.5160794,0.5324147,0.52350897,0.5172595,0.5232285,0.5231445,0.52543336,0.5237852,0.51230836,0.5100349,0.52804357,0.5238029,0.52155125,0.51782835,0.5124412,0.51422304,0.51428485,0.529975,0.5044323,0.52531374,0.520814,0.51448,0.5176707,0.5186241,0.5237174,0.5229202,0.5311214,0.5130718,0.54081327,0.5091557,0.5259693,0.52835125,0.51125276,0.5258268,0.5209136,0.5255389,0.5249623,0.50809604,0.5103423,0.5107609,0.5185431,0.51476794,0.5308597,0.5169788,0.5035841,0.5130223,0.52793604,0.50534356,0.53159267,0.52270395,0.526919,0.5126227,0.520881,0.5144498,0.53053033,0.52739847,0.52615917,0.51871115,0.508219,0.52395344,0.50641805,0.52389276,0.5368563,0.5267083,0.5317233,0.51851237,0.5094939,0.531814,0.5019373,0.51931816,0.5135411,0.5179375,0.508397,0.5265739,0.51841694,0.5303281,0.5136269,0.536997,0.5125445,0.5303033,0.5194041,0.51781607,0.5055991,0.5292835,0.5139153,0.5253512,0.5299453,0.5068567,0.51628095,0.5395059,0.5103411,0.53800493,0.52710426,0.51785386,0.51769674,0.49688303,0.5332167,0.52822137,0.5120535,0.52695507,0.52332675,0.518201,0.52541465,0.5187297,0.5118925,0.5260829,0.54371625,0.51028997,0.50713146,0.5108937,0.5250289,0.51118684,0.5224295,0.5256843,0.5182415,0.5170145,0.5314433,0.5138607,0.50950706,0.52407557,0.51448375,0.5231703,0.5110771,0.5349655,0.4933206,0.5106075,0.519363,0.5252883,0.5110643,0.5147601,0.50177455,0.5086039,0.53012735,0.5106747,0.5254096,0.50344706,0.533653,0.5179915,0.5194335,0.51995265,0.5050776,0.5256713,0.52630126,0.53581554,0.51624596,0.5386102,0.5134417,0.5086142,0.52867585,0.5258896,0.51621777,0.534565,0.52227163,0.5241084,0.50347733,0.5325839,0.53912556,0.5290172,0.5158543,0.51682806,0.513047,0.53618795,0.5154001,0.5271027,0.5346106,0.5143275,0.53202105,0.5135931,0.5294846,0.52089965,0.5269584,0.50647104,0.51698524,0.52501917,0.52769625,0.5192323,0.5104875,0.52652985,0.5360007,0.5184352,0.5183963,0.52501416,0.5165765,0.518543,0.5182918,0.5121837,0.5172153,0.5189768,0.5377152,0.5164202,0.5039302,0.52734435,0.5081656,0.51588416,0.5231817,0.5275087,0.52571076,0.52642477,0.5280373,0.52215064,0.5219213,0.5138521,0.51418215,0.5048964,0.5105568,0.524113,0.5144623,0.51848704,0.5208528,0.52374774,0.51411146,0.5168559,0.5285482,0.524249,0.5201504,0.52006954,0.5178613,0.5317772,0.5218961,0.5191085,0.52719915,0.51148444,0.5132237,0.523492,0.5145991,0.50787425,0.528605,0.51675063,0.53293955,0.5070581,0.5271996,0.52423376,0.5216325,0.51474583,0.5268558,0.5086891,0.5161368,0.51666886,0.53231525,0.52602446,0.5094999,0.5234917,0.5206655,0.5158287,0.5122978,0.5134883,0.5195532,0.5317396,0.523337,0.52812904,0.52080154,0.5314429,0.50671387,0.53898406,0.53433806,0.524099,0.5229679,0.522301,0.51747054,0.5239546,0.5208202,0.51104623,0.5360152,0.50652826,0.5144145,0.522159,0.5256225,0.5211885,0.51757294,0.5194103,0.5064545,0.53502333,0.5174534,0.522705,0.51479864,0.52678406,0.53771645,0.52431065,0.5148724,0.51567805,0.52814305,0.529458,0.5269668,0.52943885,0.52250683,0.5275536,0.5386444,0.52676564,0.5225119,0.515677,0.542852,0.5158997,0.53326684,0.51769257,0.52580357,0.5120348,0.5112517,0.5234161,0.5224422,0.51556796,0.5226866,0.51866174,0.5229538,0.5062495,0.5067703,0.5209288,0.51175785,0.5214484,0.51313066,0.5299158,0.5332871,0.5066375,0.5170877,0.5133793,0.50461966,0.5227322,0.5309401,0.5187349,0.512811,0.5366543,0.52492625,0.50951135,0.5125045,0.50968343,0.5346481,0.52302486,0.512834,0.51784486,0.5201262,0.5228258,0.5181944,0.51258236,0.5287611,0.5077048,0.50986266,0.52757394,0.53124326,0.52551246,0.5106204,0.51070696,0.5014478,0.5279752,0.5195759,0.52376676,0.5091503,0.52288145,0.51106113,0.5092941,0.5224528,0.5248677,0.5169342,0.5233525,0.5176848,0.5100226,0.52942127,0.51621294,0.53266495,0.52629924,0.5104905,0.5166177,0.5220983,0.51667184,0.52334595,0.5249088,0.5209063,0.5158927,0.52422243,0.51153135,0.52919775,0.5351044,0.5282258,0.50834805,0.5241755,0.5286946,0.5133724,0.50966096,0.5300178,0.5218356,0.51047236,0.52959716,0.51795954,0.5161812,0.52643394,0.5114172,0.52594644,0.5053217,0.5179363,0.5177417,0.5238223,0.5171298,0.5275227,0.51876974,0.5021037,0.5261904,0.50218225,0.52839744,0.5310682,0.52481,0.5257753,0.5200235,0.51848865,0.52143985,0.53128415,0.51528823,0.5270773,0.51970565,0.5124363,0.50975764,0.5248479,0.49301064,0.5168755,0.5164776,0.5337869,0.5205851,0.5169939,0.5122837,0.51043683,0.5200711,0.5011433,0.51023483,0.5236191,0.5175987,0.53335565,0.52048683,0.53060216,0.53468966,0.5222571,0.5174672,0.51878256,0.53726065,0.53184503,0.5188315,0.5180116,0.51979953,0.5319262,0.52293307,0.50805956,0.54042417,0.516082,0.5272477,0.52123183,0.50930154
0.7051197,0.68029666,0.7077897,0.6862631,0.698842,0.6894685,0.713889,0.6971207,0.68960935,0.68761766,0.70943546,0.6998456,0.68818,0.69304043,0.7045491,0.6948082,0.7017501,0.6960405,0.6886327,0.69986606,0.69226754,0.6900593,0.6921067,0.6929,0.694877,0.69460857,0.6971557,0.67655355,0.68823785,0.6972233,0.66974086,0.6910129,0.6976953,0.7008143,0.69151205,0.68598366,0.7097856,0.685213,0.69998115,0.6990194,0.6874376,0.68516594,0.6921852,0.6949503,0.6982058,0.6955092,0.701712,0.68616724,0.68560874,0.6776446,0.6847395,0.6881505,0.71473044,0.706854,0.70432025,0.7031831,0.702453,0.68990487,0.69557524,0.70763093,0.692906,0.6841244,0.6983315,0.7055783,0.7028277,0.69897383,0.6855767,0.68199223,0.69380265,0.69713014,0.709149,0.6846684,0.70875895,0.69466555,0.6759292,0.6938042,0.6974507,0.70198077,0.70321643,0.698738,0.7000553,0.6979871,0.67972165,0.67327046,0.69882953,0.70579207,0.69127584,0.696189,0.69963986,0.68877554,0.6737824,0.66679704,0.695027,0.6896652,0.7050122,0.6869794,0.6828523,0.692273,0.7000785,0.6926207,0.69385415,0.69547236,0.7071082,0.7014849,0.7028354,0.69887084,0.6804962,0.704688,0.69834876,0.68772507,0.6898742,0.70687264,0.6976316,0.69818807,0.699843,0.7011827,0.69261,0.6999444,0.6847752,0.70900506,0.702383,0.689305,0.68817973,0.6931634,0.6963539,0.6971211,0.7008618,0.69523406,0.6844158,0.68554646,0.6884135,0.6837228,0.6979011,0.7120372,0.7104669,0.6910051,0.6835967,0.6884359,0.71070635,0.6926848,0.6799795,0.6965371,0.6899702,0.68893254,0.69020355,0.6942447,0.68201166,0.70161635,0.7016153,0.7064375,0.69988865,0.6926562,0.71187097,0.6941022,0.6821796,0.69760114,0.6886551,0.6999338,0.6895387,0.7050853,0.6989587,0.7042903,0.7043487,0.7059923,0.69787365,0.70099986,0.6865978,0.6989583,0.69495267,0.7011218,0.6943051,0.7046959,0.6838865,0.68645495,0.6990713,0.68938226,0.6959664,0.6885103,0.6898772,0.69823956,0.6903416,0.68130386,0.68780714,0.690477,0.68449825,0.6943292,0.7094283,0.70013654,0.7089588,0.6905196,0.6887468,0.6891122,0.7045331,0.7105578,0.6941006,0.6844242,0.70066154,0.70057285,0.7030781,0.6705766,0.68714374,0.69311315,0.6908499,0.68962085,0.6810727,0.6948786,0.6930732,0.6928637,0.6771037,0.69803953,0.70250326,0.69056195,0.7027039,0.69427663,0.69524574,0.685587,0.6888148,0.7217719,0.6982455,0.7031423,0.68756104,0.70423603,0.6980068,0.6959006,0.6878866,0.71301293,0.7051784,0.6958623,0.70112896,0.6919487,0.6931679,0.7024263,0.68294424,0.6892508,0.6888138,0.6944926,0.70052314,0.68372124,0.6958815,0.6945691,0.69149315,0.6909133,0.69111115,0.69022256,0.70210856,0.6918562,0.6756721,0.68994445,0.68904954,0.6961135,0.69353354,0.6940117,0.706292,0.6881334,0.6952546,0.69385856,0.69664955,0.7032352,0.683847,0.69738036,0.6877301,0.7001699,0.6858699,0.704328,0.6804286,0.6974953,0.6946553,0.69399196,0.6824767,0.6891174,0.6911367,0.6893288,0.696594,0.6939626,0.70671403,0.6932384,0.68623215,0.68451446,0.7014911,0.67719114,0.6918939,0.68833715,0.7052512,0.69657254,0.70702916,0.7009889,0.6818161,0.68890136,0.70819837,0.68174213,0.6850472,0.69811875,0.69906896,0.69336694,0.70339876,0.7036985,0.7065705,0.694245,0.6926755,0.67612314,0.72133076,0.6822948,0.7074178,0.7163038,0.6850148,0.7048162,0.68101096,0.6944729,0.6952159,0.692041,0.69092983,0.70304006,0.69032025,0.7057046,0.6904413,0.6882653,0.7048105,0.7037105,0.6883742,0.69693935,0.69169354,0.67752945,0.6996972,0.6860579,0.6818475,0.6909653,0.6993396,0.6895915,0.70203805,0.69077134,0.70466155,0.6970499,0.70476747,0.7053453,0.689295,0.6956856,0.6915195,0.6918014,0.69212085,0.6965629,0.6997748,0.6839704,0.6899954,0.69463843,0.68702626,0.712089,0.69530123,0.6915253,0.69005877,0.69933563,0.6897693,0.6921154,0.69461447,0.69998777,0.6970324,0.70093673,0.6961395,0.7012014,0.69681126,0.69789577,0.7058535,0.6913631,0.7046963,0.6951281,0.69536275,0.70377964,0.6882647,0.6991886,0.6914782,0.701967,0.69957805,0.7127476,0.6818221,0.7114408,0.69111055,0.688656,0.6936009,0.70144933,0.69308144,0.70691895,0.70223534,0.69680786,0.67696166,0.70539874,0.6976727,0.693207,0.68015623,0.69462645,0.6834246,0.6922026,0.7020633,0.68842864,0.6835082,0.70119697,0.6912588,0.70621383,0.7054233,0.7162378,0.6856263,0.6853037,0.68914956,0.68835306,0.6873965,0.7044681,0.68349767,0.6906308,0.70547146,0.68852377,0.6967975,0.69426596,0.68436694,0.7064149,0.6943582,0.68668807,0.7186044,0.6903689,0.6870376,0.6919975,0.70699674,0.70681286,0.68516374,0.68311435,0.69407564,0.68702555,0.6866389,0.70748556,0.6937716,0.6912852,0.6892741,0.68945,0.6947489,0.70005757,0.70463943,0.7019279,0.69953144,0.7028973,0.68619394,0.6934731,0.6905074,0.6877174,0.6811261,0.68352705,0.68369085,0.68535554,0.6952374,0.698572,0.7003587,0.6846169,0.6845784,0.690956,0.71259457,0.6983023,0.70700806,0.69243747,0.68238235,0.70335156,0.6942295,0.6839506,0.6831958,0.6955571,0.69035846,0.6912343,0.69447637,0.6973611,0.69371825,0.6927351,0.6823326,0.7029526,0.69083685,0.70181084,0.6867129,0.6915108,0.6985609,0.68578225,0.68133354,0.67915076,0.7000197,0.6929509,0.6979101,0.6999794,0.6932141,0.6992093,0.6947945,0.69962865,0.6865681,0.678792,0.69414407,0.6877707,0.6993385,0.69539744,0.70704114,0.6805208,0.68428963,0.6895908,0.6899973,0.69731575,0.7079132,0.695824,0.68152875,0.6919626,0.69244486,0.6962962,0.70702666,0.70792764,0.70458627,0.69075,0.6854266,0.70318526,0.70115334,0.6877516,0.69915724,0.71009725,0.6858464,0.6935052,0.6883921,0.694128,0.69745654,0.6765274,0.7051129,0.70015633,0.70123035,0.69258654,0.6903911,0.6958405,0.6930844,0.68926716,0.6933402,0.70581335,0.6849729,0.6991862,0.69293165,0.6876548,0.69322026,0.705597,0.6932893,0.70119524,0.69354075,0.69276756,0.69809604,0.67743534,0.6966209,0.704539,0.69884026,0.68502903,0.67996013,0.6995697,0.6902832,0.6900678,0.67695415,0.69218576,0.7049323,0.6948781,0.68443763,0.69409156,0.7039336,0.703592,0.7078586,0.6909709,0.69408804,0.6862243,0.6931348,0.6867476,0.6868795,0.6838491,0.68379515,0.69962555,0.6934774,0.67452323,0.69605076,0.7096306,0.6891395,0.6736942,0.6971723,0.678975,0.7128903,0.69022495,0.69077855,0.6876405,0.69269514,0.6891958,0.67751586,0.7012987,0.69210076,0.69217104,0.69920945,0.6827046,0.68583006,0.69439864,0.6923768,0.6885571,0.69728345,0.68424433,0.6922947,0.70534617,0.6807878,0.68765587,0.69727546,0.69552374,0.6888553,0.6867896,0.6965309,0.6969804,0.6916668,0.6935814,0.70380574,0.6945017,0.6845699,0.68240386,0.6978835,0.6905632,0.69015706,0.6951605,0.694458,0.6820747,0.6958331,0.6998061,0.6993686,0.70670867,0.6973836,0.6897643,0.6928497,0.70548534,0.69737417,0.6819455,0.69014996,0.6995066,0.6877256,0.68108046,0.68352705,0.70772636,0.6948855,0.698241,0.67972904,0.7089785,0.6931047,0.6962038,0.6868052,0.69844013,0.7067026,0.70501876,0.69256896,0.68812114,0.68685,0.69514334,0.68258417,0.70839226,0.6790263,0.70220655,0.6996784,0.6835109,0.6845921,0.6843932,0.7060366,0.69277334,0.700132,0.6929251,0.6843233,0.69832164,0.6824843,0.69859713,0.69666785,0.7034627,0.69409096,0.6884141,0.7044698,0.69390064,0.686253,0.68785864,0.69477206,0.6916957,0.7066994,0.70567364,0.6915093,0.6920096,0.7025181,0.6891242,0.6963714,0.6946897,0.6882226,0.68410206,0.69199854,0.69722563,0.6873792,0.69871634,0.70668924,0.69073963,0.69737417,0.69095725,0.68614155,0.69793946,0.7013953,0.6948704,0.6990046,0.6907456,0.6875748,0.6963091,0.68182707,0.6982857,0.6804171,0.6902443,0.69845206,0.6925466,0.71496683,0.68853986,0.68582624,0.7030365,0.69888777,0.7007284,0.7103095,0.6861867,0.68723404,0.6980482,0.68752867,0.68989176,0.7064331,0.7037477,0.6901056,0.6855634,0.7107954,0.6880287,0.6834025,0.69868124,0.6862967,0.690798,0.6920232,0.7107372,0.67139256,0.70082766,0.6926272,0.69731665,0.69476557,0.6955602,0.69084597,0.6964196,0.6867515,0.69194347,0.69095564,0.70035183,0.7018772,0.68793684,0.68725955,0.6965478,0.6823305,0.7039685,0.6899867,0.70727366,0.6888485,0.69775414,0.6895014,0.7032466,0.6976528,0.69054925,0.6903254,0.68746483,0.68890977,0.7008456,0.69716126,0.7093403,0.68883276,0.6745435,0.6922203,0.68838394,0.6969412,0.68963003,0.68663305,0.6892539,0.68998986,0.695884,0.6888539,0.6964108,0.7051473,0.7041539,0.6925152,0.6809649,0.6855612,0.6947555,0.694682,0.6912326,0.69001687,0.6828046,0.69003576,0.6983239,0.68553406,0.67604375,0.6839206,0.6842445,0.69824654,0.7063091,0.6971181,0.6993562,0.6844255,0.68073726,0.6922866,0.69961554,0.70260525,0.69239396,0.69879377,0.7072485,0.6942604,0.6889687,0.69925815,0.6889135,0.6936366,0.69092023,0.6899475,0.6924633,0.68846637,0.6831288,0.67420113,0.7108791,0.67498106,0.698965,0.6888153,0.69070554,0.69284993,0.6828775,0.6822833,0.69627637,0.7079472,0.69478405,0.6989878,0.6797422,0.6919649,0.6937747,0.6945997,0.69886065,0.6966961,0.6974378,0.69286984,0.69789845,0.6921273,0.6930234,0.682216,0.6958761,0.7036028,0.6914686,0.6834334,0.683779,0.69582504,0.71222746,0.6823444,0.6923354,0.689433,0.6940454,0.70091116,0.70106417,0.6919661,0.67766047,0.69733083,0.68866825,0.68359715,0.686363,0.7000546,0.6798871,0.69302493,0.6812686,0.68781203,0.6890336,0.684843,0.69548887,0.6969099,0.68144035,0.6963441,0.6971873,0.69987065,0.69787234,0.6918793,0.7043597,0.69941926,0.6835381,0.70135397,0.6702228,0.6872248,0.6812055,0.6999558,0.6873338,0.7017402,0.6999828,0.6985334,0.69024533,0.6884527,0.7005215,0.7051127,0.68809694,0.684306,0.68087184,0.6906174,0.7005408,0.6971021,0.6830179,0.7038625,0.6897808,0.6946681,0.69014174,0.6823026,0.68926007,0.6916048,0.67489225,0.6951153,0.706247,0.7027691,0.6888751,0.688711,0.6921696,0.6817615,0.69112664,0.68553317,0.67618316,0.6917279,0.6992635,0.70028234,0.70922863,0.7055592,0.6900688,0.693824,0.67256534,0.6905551,0.7078207,0.69147193,0.6988255,0.69778043,0.69227445,0.6972509,0.7003939,0.69303787,0.6943948,0.69526035,0.69458044,0.6978583,0.6833937,0.6955345,0.69052094,0.6834729,0.6890378,0.6840456,0.6928883,0.6956571,0.6813475,0.69150513,0.6948501,0.7023517,0.68175197,0.6900668,0.6891134,0.67931414,0.6977761,0.7023959,0.6802539,0.69688374,0.6888421,0.7005399,0.70890987,0.6887256,0.67241734,0.69275963,0.69438857,0.6881458,0.69843256,0.68616873,0.6981764,0.7021179,0.69983244,0.6822816,0.7061807,0.69743526,0.68915206,0.7020267,0.6886828,0.6973929,0.70188975,0.6958157,0.70162344,0.69328314,0.7125399,0.6914648,0.6848414,0.69301593,0.67917275,0.6886937,0.67830133,0.70359087,0.69092506,0.7066969,0.6885925,0.7011047,0.6970024,0.68509,0.6978609,0.70948166,0.694035,0.6916228,0.68190986,0.704758,0.6902043,0.6862471,0.68928957,0.69946337,0.70376253,0.70319784,0.6846877
0.6455417,0.62664753,0.6235162,0.6328967,0.6176018,0.6178115,0.62851495,0.6087898,0.6168315,0.6166507,0.6383825,0.63125587,0.62800354,0.61712706,0.630707,0.61436766,0.6335027,0.62924063,0.6196096,0.62442905,0.621974,0.6303333,0.6166634,0.61539686,0.61807466,0.62131673,0.62956727,0.6214891,0.6239713,0.6359412,0.624473,0.6152967,0.61786926,0.62361073,0.63072586,0.61545366,0.62214875,0.6240779,0.6388477,0.625499,0.6111572,0.6187055,0.63227266,0.62933534,0.6236004,0.6371119,0.6325779,0.6323799,0.6138138,0.6171821,0.61544484,0.6301737,0.6317872,0.6178312,0.61749476,0.6358806,0.6481781,0.6289524,0.6154257,0.6268481,0.63215214,0.6230537,0.62096167,0.6231314,0.6255248,0.6181111,0.6276213,0.6199107,0.6158945,0.61405826,0.6215334,0.6311244,0.6162162,0.62356514,0.62027127,0.62741894,0.6191889,0.6262235,0.62965447,0.61728746,0.61646366,0.61648947,0.6216569,0.61737674,0.6205373,0.63630396,0.61932224,0.62172836,0.6185826,0.623382,0.6161893,0.6307327,0.6242829,0.6195952,0.6254778,0.62951124,0.6194896,0.6237482,0.6349753,0.6226379,0.6394924,0.62949264,0.62390745,0.6271652,0.64212817,0.6199196,0.629782,0.62874067,0.6251375,0.6175447,0.60919994,0.64049697,0.6211556,0.6206506,0.63297963,0.6386199,0.613199,0.62973994,0.6191707,0.6239771,0.6228377,0.62114227,0.6175229,0.63825905,0.63122153,0.62212485,0.60951984,0.6194505,0.62072265,0.634485,0.616641,0.6067259,0.6162715,0.63911563,0.6287352,0.6251094,0.6181698,0.62124693,0.6173098,0.6253534,0.6139014,0.6131785,0.6271565,0.6122744,0.614227,0.62149435,0.61247814,0.626818,0.6237175,0.6136248,0.62103343,0.61591715,0.6328022,0.61273104,0.6116654,0.62078756,0.61023724,0.627626,0.6176306,0.6359239,0.63381356,0.6317769,0.6241014,0.62848896,0.6198599,0.62832844,0.6293975,0.6223831,0.62551695,0.63392615,0.6141363,0.61749876,0.62538034,0.6078932,0.6104936,0.61850446,0.60814667,0.6231143,0.62296456,0.61418927,0.6276519,0.6269733,0.6174382,0.62767345,0.6265584,0.6268236,0.62641203,0.6254443,0.6315468,0.6115534,0.60921466,0.6288359,0.6231651,0.61953264,0.6146367,0.6256348,0.62794787,0.6177055,0.622118,0.60729957,0.6259174,0.6274657,0.62213874,0.6060838,0.6263123,0.62203676,0.62801343,0.6160945,0.61082506,0.6143068,0.6081681,0.61229324,0.6155394,0.6221262,0.6228027,0.61678666,0.6199865,0.633146,0.62595457,0.63736576,0.6206236,0.62669194,0.62576264,0.62515175,0.6267937,0.64435047,0.6258109,0.6292447,0.63506025,0.6263889,0.61895686,0.63278514,0.60844344,0.62463605,0.6271445,0.61923015,0.610271,0.62251675,0.6379895,0.62552774,0.61276,0.6182822,0.6316961,0.6269449,0.6171968,0.6152788,0.62087774,0.61346805,0.6227525,0.62613434,0.6291455,0.62452614,0.6317232,0.614185,0.6264384,0.61868244,0.6213177,0.6326947,0.62110764,0.62422323,0.6432683,0.6106545,0.61655337,0.6204653,0.62874246,0.62663996,0.6226568,0.6181844,0.6185291,0.62351865,0.62889713,0.6100413,0.62375236,0.61477166,0.62937003,0.6145849,0.6245272,0.63666654,0.62220925,0.62329596,0.598648,0.6240786,0.63738453,0.62788707,0.64019114,0.6211142,0.6108027,0.6344578,0.62674636,0.61809146,0.62076443,0.62947583,0.62850976,0.6304326,0.6348519,0.6208143,0.6265765,0.6403895,0.6267591,0.6263222,0.6377409,0.62631595,0.63214046,0.63549733,0.6237293,0.63725096,0.6240739,0.61718184,0.6150116,0.621965,0.6301117,0.6112566,0.6195611,0.624833,0.6272188,0.6263131,0.6270026,0.6346114,0.6182015,0.62856734,0.6190948,0.6313919,0.6200462,0.6174144,0.6092682,0.6145984,0.6303162,0.6075265,0.62720686,0.624484,0.6325661,0.6241949,0.6340745,0.6195591,0.6086537,0.60957986,0.6200338,0.6228593,0.6228672,0.6279279,0.62860465,0.63315445,0.6154431,0.6302377,0.6113056,0.62780446,0.6021609,0.6366436,0.6219436,0.6253906,0.61191154,0.60903084,0.63613015,0.6406927,0.61802125,0.61970705,0.61940825,0.6203723,0.6225112,0.62803084,0.62410927,0.61093175,0.6176035,0.61904156,0.62294203,0.611288,0.61601657,0.6195012,0.6199831,0.6249776,0.6219844,0.624169,0.607905,0.6308593,0.6186379,0.6241581,0.6320408,0.6341213,0.6017911,0.6262676,0.62059045,0.6227298,0.60948914,0.63443846,0.6303695,0.61612177,0.62142134,0.63211733,0.6032021,0.6234697,0.621079,0.6266119,0.62389,0.6251065,0.6093774,0.64119965,0.625606,0.63490766,0.62808555,0.6138756,0.6198264,0.6407556,0.6159361,0.638969,0.62066543,0.61938876,0.62609285,0.6299821,0.61956316,0.6158398,0.60658354,0.62646323,0.6202087,0.619204,0.623725,0.6117114,0.6111169,0.6236816,0.6251147,0.6270588,0.6174473,0.61493146,0.62869143,0.61958224,0.6237935,0.6212662,0.6364076,0.619315,0.6210214,0.6205669,0.6191495,0.6286083,0.6367767,0.62227005,0.63411164,0.62200356,0.6115754,0.60954815,0.6111833,0.612532,0.61692303,0.61320704,0.6245848,0.61328095,0.6231581,0.62640893,0.6197799,0.60569906,0.60396194,0.61221653,0.6367883,0.62194777,0.6177062,0.62815404,0.62342703,0.62806535,0.62537974,0.6205919,0.624143,0.614618,0.6244156,0.6383887,0.6225543,0.6268331,0.6226134,0.60590476,0.61781025,0.6259399,0.6321641,0.624452,0.6126347,0.6186842,0.6289125,0.6106212,0.6179589,0.6080815,0.60842395,0.6228842,0.62928927,0.62425196,0.6200676,0.6216238,0.6213811,0.6254375,0.6242057,0.6124954,0.61394644,0.6234978,0.6195512,0.6190985,0.62878317,0.62476,0.6086593,0.6221671,0.6326089,0.6302018,0.6255143,0.62868214,0.6178381,0.63216275,0.6322207,0.6369494,0.64094114,0.62477374,0.62135756,0.6246624,0.6245853,0.63024646,0.61808026,0.60851336,0.620831,0.62242424,0.61464596,0.61872965,0.6162678,0.60865074,0.62237453,0.63118666,0.6370906,0.6276493,0.6237704,0.6240108,0.6250714,0.6277937,0.6340116,0.6279735,0.62586033,0.6365696,0.6272129,0.6171082,0.6200552,0.61681324,0.616585,0.6324018,0.6101747,0.6253138,0.62262213,0.60727185,0.61796176,0.6225606,0.6266822,0.62771124,0.6107931,0.6224356,0.61308384,0.62726563,0.622339,0.6160967,0.62113786,0.61101675,0.6285706,0.63006705,0.623434,0.6167654,0.62428856,0.62094474,0.63381684,0.6246951,0.609187,0.622706,0.61855316,0.6185381,0.6069106,0.6272301,0.6154268,0.61434805,0.6139451,0.60944074,0.626748,0.6271478,0.6189147,0.62323856,0.61202717,0.6218833,0.6218661,0.62702864,0.6226397,0.6333577,0.632171,0.61612964,0.60940504,0.626206,0.6236241,0.61837864,0.6208898,0.6226533,0.633809,0.618273,0.6221028,0.62744164,0.6226814,0.6304378,0.6223868,0.6266624,0.62825185,0.61361897,0.6399363,0.6064839,0.6092255,0.6231858,0.6293112,0.6255612,0.6025734,0.6155409,0.63050216,0.62145156,0.61591053,0.6363821,0.6329053,0.6234721,0.6246008,0.61984,0.6181241,0.6359242,0.62628657,0.6375984,0.62487024,0.6178313,0.6397528,0.62083304,0.6338436,0.6288963,0.64843845,0.62399316,0.6176185,0.62907445,0.6202998,0.5969236,0.6239216,0.62715024,0.61911905,0.6343878,0.61354345,0.6209547,0.61849046,0.63580465,0.61783606,0.61115396,0.6302005,0.62801534,0.6168722,0.624198,0.61381733,0.6221867,0.6255915,0.6110912,0.62431824,0.6397727,0.6268983,0.6203478,0.62457365,0.6146108,0.6131079,0.63247436,0.6339832,0.6191172,0.62633735,0.62484545,0.61502904,0.6182158,0.6296578,0.6379735,0.61875975,0.62340796,0.6309039,0.62786573,0.6150053,0.6138056,0.6254764,0.61832595,0.63142115,0.6338554,0.6157241,0.6151568,0.62291104,0.62868375,0.6209857,0.6248764,0.6236059,0.6123785,0.6204216,0.63053274,0.6058089,0.6159638,0.61826986,0.6306552,0.6321983,0.6356088,0.6069233,0.6217099,0.6216451,0.620008,0.63424426,0.6186345,0.62623245,0.61840856,0.6267286,0.62062836,0.61366206,0.6127187,0.62494797,0.62548876,0.64146125,0.6155709,0.62591416,0.62800413,0.6166927,0.63522184,0.6231201,0.6142942,0.6215909,0.6252518,0.60820884,0.6234052,0.62270236,0.63424516,0.6210854,0.6181056,0.6247279,0.6344483,0.61731124,0.6301668,0.6144875,0.6435312,0.61165667,0.6235407,0.61269397,0.6170003,0.60822666,0.6150365,0.62616825,0.6252034,0.62752277,0.61059666,0.6165578,0.6224425,0.6211975,0.63024694,0.62037593,0.6245739,0.62002313,0.6269013,0.6098054,0.62880504,0.6189352,0.6281338,0.6297423,0.6277446,0.62656474,0.6229794,0.62301284,0.6165283,0.61518586,0.62249327,0.6237467,0.6449386,0.6227286,0.6242397,0.62276316,0.601452,0.61813235,0.61837554,0.6200323,0.62209934,0.6266991,0.6203295,0.60751617,0.6227266,0.63066643,0.62873286,0.6251992,0.6295932,0.6135295,0.6192779,0.6204144,0.6397743,0.61784476,0.62174046,0.6267774,0.6263561,0.62577885,0.6240247,0.610312,0.6109672,0.61397916,0.61340004,0.6287594,0.62668175,0.6231015,0.6105121,0.6066244,0.6132428,0.6191208,0.61268234,0.6271193,0.616394,0.6281121,0.6411979,0.6224529,0.6165554,0.6265799,0.6224778,0.62549144,0.6191458,0.61982816,0.6170461,0.62252456,0.61533177,0.6167128,0.6216369,0.6013087,0.6201335,0.6236731,0.6253504,0.62740993,0.6282505,0.6174667,0.6163116,0.62868977,0.6089053,0.61818916,0.6092211,0.6177463,0.6185829,0.6308041,0.61856604,0.6158582,0.62415946,0.6253826,0.6251857,0.6221997,0.6156074,0.6148788,0.62611717,0.63750315,0.6181197,0.61949813,0.6212649,0.6142558,0.6249721,0.61966085,0.6188693,0.6186406,0.6237475,0.61958665,0.6244456,0.62745035,0.6282837,0.63687676,0.6305795,0.6167321,0.623137,0.63270545,0.6072838,0.6126067,0.623016,0.61848575,0.6282777,0.6133843,0.6207498,0.6118215,0.6245071,0.6268767,0.6264625,0.6147312,0.63338494,0.6238603,0.6231971,0.62470984,0.61648077,0.6292778,0.62505937,0.6244314,0.60848296,0.6322795,0.6228483,0.6293455,0.6374085,0.61215687,0.6263269,0.6132533,0.6137626,0.6256332,0.61638415,0.61969715,0.6120224,0.61079353,0.61923826,0.64071494,0.6111418,0.62946975,0.6274641,0.61380005,0.61693853,0.61163366,0.628524,0.6347416,0.6037602,0.6234566,0.6371747,0.6160826,0.62317526,0.6116437,0.61820567,0.6240333,0.624599,0.6302891,0.62069,0.6291988,0.63154423,0.63448507,0.6243823,0.63365424,0.61699474,0.6298454,0.6231764,0.6220814,0.6311365,0.62928087,0.62796235,0.61847556,0.6162576,0.62266296,0.622279,0.6186195,0.640312,0.6249192,0.61425215,0.62100935,0.61875343,0.60579824,0.6112441,0.60615724,0.6317551,0.60769224,0.61632353,0.62366766,0.6225014,0.6309046,0.6214893,0.62982243,0.6265119,0.6313856,0.6239427,0.616505,0.62651336,0.62616765,0.6058029,0.6202626,0.61160886,0.6177288,0.6208612,0.6132615,0.60920495,0.63261694,0.6236762,0.61860484,0.61348873,0.63651514,0.6207193,0.6286738,0.6196941,0.61446977,0.6162461,0.613071,0.61000395,0.62325674,0.62430537,0.6080372,0.62425375,0.6259158,0.6209066,0.635806,0.6275871,0.6243902,0.62447155,0.6166653,0.6185351,0.6221463,0.6162631,0.6244742,0.62180233,0.632514,0.62623996,0.62655014,0.6242875,0.6184042,0.6395468,0.62274224,0.6269012,0.6200195,0.6273008,0.6266068,0.6168291,0.62862366,0.6293571,0.61495197,0.62330985,0.6263536,0.6329263
0.0635917,0.061225336,0.05176623,0.06630469,0.070870176,0.062261406,0.06381759,0.060757432,0.06602268,0.06568521,0.068900615,0.048261866,0.08921155,0.0723297,0.06576323,0.063154384,0.07532851,0.065215066,0.071595244,0.064687684,0.074266605,0.06764446,0.057587516,0.059089214,0.06289984,0.06715781,0.06461881,0.054953218,0.06362719,0.07246272,0.077924296,0.07002344,0.07834032,0.05868175,0.07140887,0.050613385,0.05461447,0.08103433,0.065078095,0.06933898,0.06649371,0.062447723,0.077110365,0.05512446,0.06293004,0.08342051,0.08272436,0.073957115,0.068945885,0.05175692,0.08328232,0.07540318,0.05593509,0.0632221,0.046658598,0.04274343,0.06724737,0.055408,0.0668457,0.06405332,0.0662678,0.08754414,0.046910062,0.057416223,0.054208867,0.058357734,0.06070874,0.049082175,0.06926447,0.05870404,0.0721486,0.05475739,0.061056465,0.06056073,0.069329225,0.067724146,0.06712053,0.08072722,0.075036675,0.069313444,0.06687462,0.0590564,0.070223175,0.074535206,0.06818646,0.057236467,0.06904678,0.062213346,0.06287116,0.05395081,0.0717,0.07284497,0.0716034,0.048480615,0.06637828,0.077413276,0.06904892,0.050811853,0.07514274,0.06710249,0.06861223,0.062403716,0.062814325,0.077899694,0.0535895,0.04619279,0.07582814,0.065227374,0.058144744,0.06124567,0.07349548,0.062072337,0.07149722,0.059766635,0.06670543,0.07251786,0.06702612,0.079369724,0.072299816,0.06538158,0.06212388,0.06946872,0.068863794,0.06334025,0.06340615,0.064263836,0.05938062,0.06542926,0.05566756,0.073647924,0.063408256,0.073605984,0.0823257,0.07246938,0.060974643,0.071095884,0.07423175,0.055035893,0.07128412,0.07287352,0.06068785,0.050861787,0.069497734,0.05986894,0.06500618,0.06730142,0.06209892,0.06702386,0.05779521,0.05347483,0.074287474,0.07046156,0.062686846,0.07091289,0.056351274,0.07181041,0.050111607,0.07405733,0.060293175,0.060809992,0.05773689,0.06612392,0.04432208,0.06572298,0.08061976,0.058087207,0.07144956,0.07438412,0.064155824,0.051993895,0.05330304,0.06413418,0.06262653,0.07108879,0.06535818,0.073900566,0.06202258,0.06511985,0.05981908,0.056088053,0.07091156,0.08209171,0.07234416,0.07227671,0.06853774,0.07607534,0.064605854,0.079830825,0.074379645,0.04388397,0.05895449,0.07665434,0.06407773,0.04634113,0.06947632,0.06558417,0.078274585,0.046788067,0.07514314,0.059363123,0.059431706,0.06358959,0.065021515,0.06455074,0.06948537,0.05976901,0.06286309,0.04629081,0.06699648,0.058532868,0.06604056,0.07665314,0.058543026,0.07179723,0.083724976,0.07544519,0.06625715,0.049503297,0.0594055,0.0749279,0.059307195,0.073415555,0.06750079,0.082257256,0.07387622,0.077335656,0.06202005,0.0549409,0.055089004,0.07846515,0.06349328,0.064585984,0.06732762,0.053624973,0.071274936,0.072674386,0.0818271,0.057848908,0.07462782,0.051791422,0.078601696,0.073865876,0.06348033,0.050558347,0.08729467,0.084248155,0.06654021,0.0749502,0.06549738,0.062114153,0.057887968,0.06349346,0.07047938,0.065528125,0.066029824,0.063822895,0.051958017,0.061999828,0.08520514,0.05416724,0.066529594,0.07158388,0.060031313,0.07764542,0.06290093,0.07684985,0.07413859,0.077501796,0.06864014,0.07511181,0.061252862,0.053358164,0.063682884,0.07452435,0.06638573,0.059190176,0.07184825,0.07913161,0.06862126,0.07533069,0.05746395,0.06380938,0.06505948,0.063949436,0.06824933,0.054047585,0.05281453,0.059804887,0.046024382,0.069204964,0.054169305,0.07358275,0.061548743,0.05250991,0.05891837,0.076458246,0.053508487,0.06725133,0.07254745,0.05965946,0.0711144,0.07346198,0.06967874,0.08153545,0.06851193,0.066087306,0.062084116,0.059612416,0.0754167,0.072273776,0.062909365,0.061407972,0.06539458,0.06693782,0.07944512,0.06836249,0.06366663,0.06239451,0.0589353,0.0670621,0.0825239,0.07263109,0.0626457,0.0650816,0.05376745,0.07067448,0.06955373,0.06515944,0.052471302,0.072803445,0.06484169,0.050972894,0.06214051,0.074945,0.06436401,0.06664185,0.06336005,0.06527849,0.060861655,0.07464878,0.080256335,0.07677901,0.0771446,0.08259423,0.0634704,0.07155103,0.06364974,0.07014012,0.04159018,0.058431398,0.058096506,0.068048835,0.07749908,0.0690111,0.057572,0.058821335,0.049400285,0.054297842,0.058321588,0.08059683,0.06258497,0.07522005,0.050747827,0.06859891,0.06334435,0.0729129,0.057295237,0.056279678,0.067011915,0.06401195,0.06399973,0.059393123,0.06896991,0.07018857,0.06739983,0.07446362,0.07828822,0.07038851,0.07060078,0.0583915,0.06531621,0.07319349,0.08144103,0.049465496,0.06839026,0.07159294,0.07214361,0.06715349,0.060631715,0.07779649,0.04642445,0.08156076,0.083136156,0.08102602,0.06564051,0.07504908,0.07165253,0.06542407,0.061887458,0.05714339,0.06884347,0.06751545,0.075355805,0.05222102,0.07491014,0.09291951,0.06445455,0.0782149,0.06263104,0.061119318,0.049450412,0.06122142,0.0828132,0.06777526,0.068213075,0.06255649,0.05302733,0.07026391,0.06858507,0.0682622,0.06776498,0.0645802,0.054450665,0.07622985,0.06273249,0.06558459,0.07169484,0.05715383,0.05834613,0.06428608,0.07017853,0.055669274,0.06738711,0.08340138,0.05240257,0.062150896,0.06696635,0.0656676,0.047758378,0.077720076,0.0731983,0.06064681,0.07608563,0.06159579,0.060801897,0.06976016,0.054502204,0.06800974,0.07003835,0.061627567,0.067257136,0.063466996,0.06463887,0.084617406,0.07185007,0.06490288,0.07180547,0.07921017,0.07033044,0.06587659,0.08405788,0.07365009,0.07303779,0.06632185,0.065966375,0.0645549,0.076950595,0.067474976,0.05291604,0.062057856,0.06631509,0.062937036,0.068008125,0.05040233,0.07174179,0.074234255,0.06348278,0.066294655,0.06372479,0.07227121,0.06407406,0.0753335,0.07502427,0.07459542,0.069920495,0.07300629,0.061379563,0.058185197,0.075335085,0.07622704,0.06864581,0.054865144,0.056948923,0.07221063,0.06579593,0.07694475,0.0798257,0.050853543,0.066222265,0.060300156,0.082152635,0.08207696,0.061455216,0.07009564,0.059693888,0.067995556,0.05832661,0.07821785,0.0628147,0.052749053,0.074932225,0.07470978,0.07243675,0.06072852,0.061066493,0.063626416,0.080716744,0.063518144,0.07731965,0.06923719,0.05897296,0.05731224,0.065562144,0.05986373,0.06993887,0.06528796,0.060266487,0.07856514,0.07618055,0.04947059,0.06199189,0.06563187,0.06330635,0.062526114,0.06122114,0.07316096,0.069435075,0.0754138,0.07598083,0.066744834,0.08383059,0.052682698,0.069702856,0.065030575,0.06925818,0.07204004,0.069022626,0.068459705,0.045743056,0.08078149,0.0688228,0.06979814,0.0708853,0.069919646,0.06003228,0.0582694,0.07234689,0.07599142,0.048505403,0.07111133,0.05784969,0.06666983,0.06563347,0.06190577,0.07692382,0.058319885,0.06582625,0.07142848,0.07399063,0.06774345,0.059585746,0.06575607,0.073819436,0.057187613,0.047668744,0.07253462,0.065376855,0.08088014,0.065597825,0.059173808,0.077576146,0.06650244,0.0647097,0.061426647,0.06811916,0.0702334,0.088900074,0.055901855,0.048994854,0.06931106,0.072954334,0.08878647,0.05526579,0.07901721,0.059956055,0.051189806,0.06472109,0.05951581,0.065769404,0.07357532,0.074947126,0.062267154,0.051527683,0.0671959,0.06915708,0.055390567,0.08301124,0.0762524,0.07073177,0.06849273,0.07268484,0.070217855,0.06820119,0.08227333,0.072074294,0.0758595,0.048442375,0.07401363,0.07447685,0.050916836,0.06826025,0.075087994,0.08268529,0.066291116,0.06290406,0.072386965,0.06477385,0.054725066,0.08076948,0.07294141,0.06591278,0.08007507,0.05689531,0.07857635,0.06771239,0.06799284,0.05515669,0.07165912,0.057994638,0.056328595,0.05489469,0.06826951,0.066246495,0.07233937,0.07799502,0.06484902,0.06777461,0.065198235,0.0691355,0.079710014,0.07433444,0.0666563,0.052287005,0.07566866,0.048460875,0.060868464,0.07079185,0.07154979,0.060619436,0.039144896,0.08089209,0.055984408,0.06607688,0.07010509,0.087556064,0.057962224,0.068072975,0.06741747,0.061470866,0.06584899,0.073141426,0.06868073,0.05904163,0.07889993,0.07314062,0.07708068,0.061408993,0.0746924,0.058996804,0.07287127,0.06597332,0.07057272,0.061717354,0.060270943,0.06975732,0.07670771,0.06576608,0.062409386,0.06177245,0.07609406,0.061791517,0.061967622,0.07899918,0.06762892,0.07483119,0.05666395,0.074883685,0.053580903,0.056028347,0.06790003,0.081844166,0.06562088,0.04967079,0.059167497,0.06832362,0.062212404,0.04984504,0.07915064,0.052009106,0.07175824,0.057069026,0.06707142,0.058924966,0.071380936,0.07823521,0.06599707,0.056235425,0.05788046,0.063103944,0.067590885,0.06920387,0.061379895,0.054964703,0.071624584,0.06891517,0.052010857,0.06794439,0.063487366,0.07485202,0.06571556,0.07866467,0.072860986,0.07660319,0.06670602,0.062229853,0.062991306,0.0689164,0.06394489,0.07008173,0.06251837,0.06134077,0.06317927,0.06974971,0.05813972,0.08793106,0.07412194,0.07579497,0.069708794,0.06408137,0.07380076,0.07501072,0.06066601,0.06452229,0.07496035,0.0759838,0.068230115,0.06559384,0.07970954,0.07020734,0.06584633,0.06884855,0.059932187,0.06721266,0.06306887,0.055147275,0.057680424,0.06113254,0.064927325,0.0631805,0.07111355,0.07114592,0.06382968,0.07857213,0.044359785,0.08046824,0.08246017,0.05495932,0.0544438,0.06998177,0.06267494,0.061417803,0.066039845,0.0754296,0.06815401,0.058459066,0.07512434,0.06836738,0.05233591,0.06157019,0.055740226,0.07563473,0.0672121,0.07455742,0.064545736,0.068896756,0.048822436,0.07884058,0.07425432,0.05007775,0.060163513,0.053511217,0.06885628,0.072078764,0.06248365,0.078809574,0.07009716,0.059636272,0.08857894,0.061722808,0.060648754,0.06017538,0.06833179,0.078520454,0.057738677,0.07776477,0.0644938,0.072648145,0.054076724,0.07119737,0.07514329,0.05397284,0.06358014,0.058742624,0.0708496,0.06430589,0.06457961,0.06958926,0.057807297,0.074296005,0.062778264,0.06057597,0.071592666,0.10377014,0.058347765,0.07756361,0.0627453,0.06412944,0.07385594,0.07159081,0.058640897,0.081415474,0.07421173,0.06823245,0.056250244,0.07170592,0.07415795,0.06414435,0.074563235,0.07562472,0.06406021,0.06966454,0.070136845,0.05260522,0.08199463,0.054566875,0.06933283,0.05888195,0.07610528,0.058638044,0.060616232,0.059004825,0.06266544,0.06643506,0.05523263,0.051844,0.054434873,0.06169066,0.07840379,0.06505556,0.07057946,0.06942304,0.07268858,0.063442715,0.066117175,0.06843796,0.053076915,0.050625592,0.07164475,0.065000266,0.0651401,0.052430883,0.06243304,0.07592126,0.07630459,0.06369397,0.06420394,0.065160945,0.06901776,0.06302826,0.07388856,0.06714822,0.052269675,0.06451588,0.08368134,0.08025711,0.0667964,0.07960968,0.07422234,0.06560767,0.08339681,0.06996838,0.080115765,0.06291768,0.068215325,0.06506168,0.05589798,0.06854105,0.0692543,0.077862345,0.07017963,0.05361023,0.06563099,0.05373206,0.04883683,0.07252652,0.067294955,0.0739947,0.0661221,0.07043963,0.06440353,0.07319126,0.06298409,0.062977575,0.06772495,0.072586454,0.053174485,0.0602336,0.06840143,0.07743706,0.075780615,0.06755793,0.060049728,0.05015715,0.056421608,0.0718111,0.073064506,0.057906494,0.06889473,0.0566553,0.047194004,0.058131397,0.07175574,0.06520849,0.057256438,0.075137645,0.06587725,0.06889166,0.06879412,0.06611857,0.0694288,0.06098348,0.07597407,0.066044286,0.0887146,0.06405769,0.071514055,0.07544773,0.056781504,0.073401675,0.07670442,0.06519728,0.06320082,0.06567386,0.054599717,0.06419044,0.06252568,0.067800336,0.07909293,0.057941735,0.06122973,0.065457344,0.050631374,0.07329644,0.050127067,0.06885562,0.057129804,0.04592387,0.068662934,0.06966244,0.06518327,0.052478395,0.070934035,0.068481326,0.06786041,0.06612727,0.05550056,0.06521082,0.080732815,0.074812,0.05430244,0.07430766,0.073253065,0.08420749,0.075502574,0.06463134,0.062254142,0.07605992,0.06395398,0.06761572,0.07570566
0.8217958,0.8169156,0.81902146,0.82211345,0.82760566,0.8122358,0.829941,0.8147224,0.82007813,0.82265794,0.83200645,0.8316856,0.8270982,0.8184421,0.8170001,0.8214236,0.8392628,0.8248807,0.8158358,0.8204899,0.8248726,0.8270592,0.8256084,0.8153143,0.82976615,0.8209408,0.83433896,0.8081556,0.8189631,0.8282018,0.8202542,0.8056646,0.82811576,0.82140005,0.82266355,0.8185507,0.8346275,0.8281731,0.8191879,0.8285525,0.81167305,0.82612157,0.8283581,0.8194209,0.82513964,0.8306384,0.82162714,0.81504256,0.8115995,0.81334245,0.8062619,0.82017815,0.835859,0.8235978,0.8216456,0.82675683,0.8261622,0.8165323,0.8119465,0.8253506,0.82307035,0.8110093,0.8191411,0.81912947,0.8329477,0.82544947,0.8365129,0.81928074,0.82083964,0.81742996,0.82348186,0.82285094,0.82332885,0.80961114,0.8060326,0.82882214,0.8326845,0.8299479,0.813155,0.82240146,0.8241685,0.8161659,0.8168582,0.8177337,0.81709546,0.8344075,0.8108638,0.8192586,0.8327437,0.8161392,0.8002519,0.8180228,0.8191706,0.82055146,0.82876605,0.81323844,0.8162485,0.8235754,0.8270701,0.83089477,0.82966614,0.831357,0.82616764,0.8258333,0.82056844,0.8224167,0.82921535,0.8284305,0.8210546,0.81804514,0.8168286,0.8320456,0.81131995,0.81627655,0.8315218,0.8258112,0.8276104,0.83693177,0.8164666,0.82816,0.8236032,0.8174246,0.8214757,0.8351397,0.82619184,0.8209801,0.8185827,0.8239967,0.8168875,0.83524644,0.8080221,0.8005505,0.8291792,0.8256863,0.8294034,0.82519764,0.82502145,0.82264113,0.81600696,0.81143135,0.8093848,0.82305586,0.82224494,0.80731493,0.79560137,0.8310577,0.8109879,0.81949925,0.8125296,0.8120973,0.8325305,0.8137247,0.8227614,0.8122209,0.8179161,0.8183093,0.81671697,0.8315235,0.81406665,0.8283316,0.81818026,0.8289446,0.82875305,0.82939774,0.8216037,0.81977546,0.8235073,0.8224323,0.8149499,0.8244215,0.821848,0.8256336,0.8168069,0.81069183,0.8248948,0.8240557,0.8132302,0.8195131,0.8140365,0.8155918,0.8338668,0.81424946,0.81647325,0.82254565,0.81760234,0.8202941,0.827031,0.8239882,0.83215517,0.8133913,0.8219803,0.8200349,0.8092768,0.82264453,0.8106274,0.81420004,0.83450854,0.8129548,0.82715046,0.8106834,0.8249987,0.81919557,0.8188409,0.81850016,0.8137053,0.8152868,0.8232364,0.82458055,0.80857486,0.82021403,0.8181085,0.8135615,0.8127181,0.8252389,0.81052166,0.81118834,0.82145303,0.8237515,0.82574356,0.8378068,0.82388806,0.8307836,0.8265916,0.8270717,0.81873333,0.8406186,0.81965584,0.82724077,0.82884693,0.8200971,0.82335943,0.82419086,0.81677055,0.8063285,0.8126091,0.8216453,0.83343774,0.821391,0.8217653,0.83223295,0.81703675,0.807657,0.82772446,0.8223435,0.8144819,0.8143973,0.80866987,0.8187095,0.8135469,0.8166603,0.82698464,0.8255681,0.82224816,0.80351955,0.81508845,0.81623644,0.82099533,0.82602054,0.81231564,0.8159614,0.81333506,0.8234622,0.81136036,0.8300819,0.82069933,0.8215062,0.8234175,0.80986065,0.8220311,0.83091456,0.8253699,0.8130922,0.825791,0.8142518,0.82888937,0.81807536,0.822883,0.8177821,0.8142834,0.81511533,0.80133396,0.814072,0.82824016,0.82208854,0.8372531,0.82303005,0.81510437,0.82350945,0.84297436,0.8151134,0.81698513,0.832043,0.81592107,0.8230578,0.840434,0.82879716,0.82270193,0.82778734,0.8147864,0.82237387,0.8332936,0.8285517,0.8396736,0.8347196,0.8172633,0.83330274,0.82013094,0.8148834,0.8264015,0.8252573,0.82909304,0.8214823,0.81387657,0.83024037,0.8305505,0.819209,0.82811916,0.82099533,0.81852126,0.82940614,0.8231376,0.81614125,0.8199261,0.80547535,0.81450516,0.82315063,0.8232642,0.8190991,0.8231231,0.8197436,0.83681166,0.8294012,0.8312212,0.8371178,0.81468564,0.8102718,0.8218977,0.82433474,0.8134658,0.83769095,0.82610214,0.81739956,0.8140492,0.8200362,0.81987333,0.82187825,0.8142229,0.8189653,0.81109416,0.81979084,0.8184216,0.82358253,0.83463675,0.8238242,0.8130156,0.8185961,0.8149592,0.8226032,0.8265862,0.82791543,0.8260977,0.8143252,0.81651723,0.8158077,0.8302817,0.81174505,0.8214712,0.81368935,0.818103,0.82833767,0.82208985,0.82139647,0.80310726,0.8343398,0.82064235,0.8113565,0.8146486,0.8287145,0.8123732,0.83540046,0.81858677,0.8224062,0.8056478,0.81565934,0.8227906,0.8164496,0.81792253,0.8188828,0.8213632,0.82082134,0.81696767,0.8191582,0.8162494,0.82468826,0.8147665,0.8222075,0.810859,0.8329976,0.81384486,0.8185035,0.831073,0.8292824,0.82242304,0.832201,0.81328124,0.820058,0.82352215,0.8240196,0.8274619,0.8182562,0.8188398,0.822556,0.8188331,0.8201402,0.8316066,0.81102467,0.80887294,0.8214107,0.82920367,0.83002627,0.8163572,0.8247026,0.8283797,0.8181363,0.81067884,0.8258187,0.8336195,0.8133444,0.8133714,0.8130815,0.8274018,0.8143609,0.82326066,0.81705576,0.8201318,0.8325804,0.8129373,0.81805575,0.8096384,0.81813556,0.81184506,0.819325,0.81894314,0.8136964,0.8273304,0.8227939,0.82596636,0.79906166,0.8103891,0.8137243,0.835372,0.8207081,0.82369727,0.82255334,0.82465786,0.8235666,0.8169027,0.81606644,0.8188392,0.8198635,0.8167793,0.8281389,0.81832784,0.81867844,0.82223725,0.80276805,0.82842267,0.8213302,0.8230261,0.82538056,0.8119773,0.82170624,0.8271694,0.82182384,0.81110597,0.8149436,0.8096346,0.8298326,0.81807554,0.8320299,0.82346183,0.82224214,0.8115472,0.8207869,0.81343234,0.8078722,0.8157398,0.8161508,0.816179,0.8107455,0.82433754,0.8113174,0.8185593,0.8254787,0.8293419,0.81676644,0.8241665,0.82272166,0.8072267,0.8125266,0.8174976,0.8251947,0.825888,0.82080257,0.8324762,0.81052464,0.81408155,0.826088,0.82642907,0.8057694,0.8201599,0.8194797,0.81529844,0.82287294,0.81697047,0.81725717,0.8195231,0.8080954,0.8219286,0.8220544,0.82856035,0.8272236,0.8115908,0.8219263,0.82708275,0.81252015,0.83541435,0.8304971,0.81835616,0.8275773,0.8096203,0.8199367,0.8145299,0.82937014,0.8204065,0.8235039,0.8228882,0.81332004,0.8047774,0.81162316,0.81270826,0.82963043,0.8158206,0.8019937,0.8138321,0.830616,0.8331155,0.82147914,0.8105848,0.81484467,0.8186338,0.814938,0.81313294,0.8115482,0.82169056,0.82499796,0.82094353,0.8198422,0.8168367,0.82623094,0.8211775,0.81881183,0.81322664,0.81926656,0.8123927,0.8261128,0.82553893,0.8107179,0.8308354,0.83380884,0.8236539,0.821201,0.8232084,0.8094472,0.8222508,0.81635314,0.8140549,0.8253552,0.81175625,0.8100778,0.8113751,0.8279461,0.82434976,0.8135702,0.8183117,0.82799447,0.8278867,0.82416296,0.81144094,0.8143112,0.82317454,0.8145761,0.8292328,0.83236086,0.81925464,0.8107872,0.82436514,0.8176322,0.8211684,0.8179708,0.82043153,0.82452786,0.8166679,0.8141472,0.8208651,0.81932735,0.81631196,0.8237868,0.81448877,0.81523556,0.81485885,0.82531625,0.8165152,0.82617235,0.82972884,0.8344775,0.82491267,0.8116954,0.8225192,0.81700224,0.8219389,0.82192767,0.8241772,0.82438964,0.8217836,0.81936073,0.82151407,0.8114384,0.82541895,0.8325088,0.8222586,0.82851744,0.81505793,0.8231166,0.82874763,0.8117881,0.8197642,0.81780607,0.82353944,0.83637977,0.810651,0.8214244,0.80659276,0.8200904,0.8109215,0.8245569,0.8127946,0.84064853,0.83622545,0.82504976,0.81209916,0.8039599,0.81178546,0.8307414,0.82242596,0.82213765,0.811609,0.82143986,0.8071954,0.824588,0.81993854,0.8330323,0.8184015,0.82360554,0.8321262,0.82151234,0.8233834,0.81883276,0.8210021,0.81953114,0.8166881,0.826794,0.8274207,0.81423575,0.81906116,0.825683,0.8144718,0.82104135,0.8214328,0.81497043,0.82228893,0.82690275,0.8033063,0.82411385,0.809417,0.8217072,0.83352524,0.82902825,0.81100655,0.83077544,0.81409574,0.8110556,0.83041096,0.8058014,0.825659,0.8247288,0.8133081,0.8206268,0.817076,0.8206046,0.81848896,0.83198786,0.8169498,0.8072659,0.82332975,0.8269585,0.8289833,0.8257376,0.83479416,0.8068838,0.81661344,0.81223226,0.815854,0.81454074,0.81867784,0.8293223,0.82412183,0.816897,0.82477367,0.8187304,0.8142901,0.8219874,0.8141478,0.8280243,0.82274145,0.829016,0.80872345,0.8247614,0.8147773,0.81197613,0.8047946,0.8144859,0.8253141,0.81775904,0.8168174,0.8158341,0.814402,0.8229157,0.8240816,0.82569087,0.8227016,0.82560045,0.8165223,0.81829697,0.8193775,0.82932323,0.821193,0.81680036,0.81563103,0.819119,0.82018214,0.823086,0.824776,0.8187207,0.81111705,0.8393927,0.82481164,0.8330674,0.80981123,0.80784196,0.82520074,0.82215106,0.8234932,0.81896734,0.8084179,0.82086277,0.80422974,0.8101442,0.81473976,0.83549863,0.8208452,0.81576157,0.8219504,0.8222824,0.8292053,0.83099985,0.8239509,0.81548923,0.81454164,0.8194214,0.8302562,0.815817,0.8227658,0.8245069,0.8215426,0.8168596,0.8226251,0.8304433,0.8169789,0.81477576,0.8153097,0.81604576,0.8135391,0.81813574,0.8226387,0.8138829,0.82306165,0.81780577,0.83238614,0.8122645,0.8222865,0.8205704,0.8274341,0.81733435,0.8156597,0.81890523,0.82415897,0.8151342,0.8077493,0.8118599,0.81170255,0.8264302,0.8171757,0.8330516,0.8174676,0.8196281,0.81751674,0.8158957,0.8385367,0.81137484,0.82336295,0.821021,0.81901217,0.8298778,0.83211505,0.8204687,0.8151808,0.820228,0.8153547,0.8147834,0.8239263,0.817047,0.8193042,0.81539226,0.82558143,0.8183273,0.8121515,0.82391196,0.8151368,0.8383499,0.8334762,0.82828885,0.81396,0.8284377,0.82784975,0.8234452,0.82683724,0.8199109,0.82270044,0.8294127,0.8252876,0.80877835,0.82425404,0.8106062,0.8119918,0.8171413,0.8191004,0.80561674,0.8107708,0.8274025,0.8205356,0.8163293,0.81383055,0.8291441,0.81644785,0.8193907,0.81660306,0.8292111,0.82556516,0.8230804,0.8231472,0.82424456,0.8193769,0.8165608,0.8252749,0.82741636,0.8244987,0.82336605,0.82111645,0.8196001,0.8108925,0.82006866,0.8177779,0.8256418,0.81902933,0.8056078,0.82230806,0.818493,0.8269119,0.8155683,0.8197461,0.82320946,0.8166537,0.81494457,0.81794226,0.8075036,0.8279922,0.81311846,0.815114,0.8190294,0.820519,0.8123989,0.82487416,0.8129855,0.8168367,0.82283,0.8156791,0.8144905,0.8175273,0.830087,0.8125157,0.82071644,0.8237999,0.814229,0.8229065,0.8096489,0.81148916,0.83177185,0.82103556,0.82648176,0.81462955,0.81746626,0.8218679,0.8355696,0.81493473,0.82659405,0.8148157,0.82780725,0.8161125,0.8173817,0.8287547,0.8193969,0.8159949,0.815156,0.8183597,0.8161146,0.8264128,0.82390535,0.8220863,0.83185846,0.8292741,0.8148081,0.81478965,0.819562,0.82684976,0.824583,0.82865065,0.8108063,0.82090825,0.82562464,0.81346744,0.8270746,0.8273436,0.8096198,0.83114773,0.82689166,0.8155665,0.81626624,0.80850536,0.82374483,0.82610124,0.82299525,0.7989376,0.8096627,0.81990004,0.8115828,0.82418895,0.8166965,0.8263124,0.8122229,0.8258997,0.8190916,0.8269514,0.8377835,0.8194775,0.82303226,0.8389713,0.8162305,0.81767344,0.80943537,0.8278071,0.82682663,0.8175828,0.81316984,0.8046859,0.81106144,0.8067384,0.82851666,0.82508785,0.82867706,0.8144878,0.8207358,0.8269375,0.8226333,0.82285523,0.8195784,0.807029,0.8124824,0.8232153,0.8217268
0.72113156,0.73043776,0.75493985,0.70618385,0.74217474,0.7343334,0.73820454,0.7245992,0.7436901,0.728728,0.72645026,0.7293571,0.7287817,0.726493,0.7280229,0.72230786,0.7329498,0.73387116,0.7339698,0.72993606,0.7345057,0.73889905,0.7287795,0.72953314,0.7342552,0.72538215,0.7445053,0.73521507,0.7478684,0.73848855,0.7286543,0.73472124,0.7442864,0.723946,0.72149885,0.740117,0.7579155,0.73983485,0.72302514,0.7235893,0.72842777,0.7141484,0.7281919,0.7435688,0.7353979,0.73899895,0.7236476,0.73053724,0.72898513,0.72966385,0.730152,0.7273136,0.7336909,0.7275049,0.7412288,0.74093294,0.71488553,0.731248,0.72728825,0.73108494,0.7200827,0.7134006,0.72777164,0.74916613,0.7389813,0.74546325,0.73175323,0.7453408,0.73086846,0.73225415,0.7399171,0.74351543,0.7400071,0.7408715,0.7161978,0.73115104,0.7555436,0.7424636,0.7226229,0.7384374,0.7259698,0.7272418,0.7329204,0.72707164,0.7324478,0.74047226,0.72933507,0.73495793,0.7367522,0.72808206,0.7313973,0.7207354,0.71407187,0.73256904,0.73880714,0.72509587,0.72519463,0.7311239,0.7167522,0.7298301,0.7338261,0.7374711,0.73061115,0.74282575,0.7276152,0.7422757,0.737607,0.74391127,0.7362585,0.72491246,0.71539783,0.73473954,0.72015536,0.7396889,0.74821365,0.7259766,0.7382205,0.7284236,0.7318045,0.73328936,0.72560716,0.72084814,0.7352437,0.7318182,0.7315472,0.74536693,0.73466325,0.73303324,0.7359866,0.71885574,0.73923206,0.72744435,0.7173517,0.72259235,0.7465235,0.73307186,0.7175873,0.73925126,0.73678935,0.7164616,0.7157204,0.7360906,0.7237874,0.75120765,0.72910756,0.74045366,0.7239611,0.72857666,0.7297429,0.7257411,0.72965485,0.7321484,0.72327137,0.73166084,0.7332317,0.73504674,0.7267112,0.731444,0.7329632,0.7348949,0.73671544,0.7257742,0.72463506,0.7379757,0.72728926,0.72388977,0.73385715,0.72495216,0.73137295,0.74511164,0.7368892,0.72804093,0.73508835,0.72817224,0.73967487,0.7406505,0.74612254,0.72453105,0.7337147,0.73052293,0.72754157,0.7273107,0.7264808,0.7164582,0.73532337,0.71557707,0.73368824,0.7205795,0.74131763,0.73880255,0.7377795,0.7119726,0.73019713,0.73328334,0.73969996,0.72164696,0.72054386,0.7346709,0.7338302,0.7303821,0.7338398,0.7359404,0.72165793,0.75109524,0.73204756,0.73343605,0.7377006,0.73803943,0.72879136,0.72444826,0.7463291,0.72006047,0.73175603,0.73586726,0.71121,0.7318706,0.73363525,0.74949175,0.7500688,0.73089886,0.73619914,0.74346244,0.7316433,0.7294843,0.72141623,0.72782487,0.7320847,0.7289787,0.7474004,0.73349226,0.7293773,0.73277795,0.72972506,0.74444735,0.74010026,0.73476285,0.73319316,0.74692184,0.7176097,0.73066974,0.7303612,0.7318308,0.7389161,0.73320043,0.7162021,0.7327191,0.71858823,0.7374811,0.7300683,0.72676766,0.7441556,0.7350388,0.737288,0.7293071,0.7366433,0.7391208,0.7371823,0.7379434,0.7248135,0.7365086,0.7287782,0.7345811,0.73490775,0.732152,0.7227668,0.7301537,0.73779476,0.7394836,0.72137487,0.73336375,0.72743905,0.72998,0.7412349,0.73781335,0.7297914,0.72503924,0.72363067,0.7255869,0.7346551,0.72498333,0.73475695,0.72917396,0.7457556,0.71773237,0.7355157,0.74320453,0.72730464,0.7374341,0.7480447,0.72180253,0.72288173,0.7303843,0.73438174,0.7228306,0.73758775,0.73054045,0.75588036,0.7190362,0.72681683,0.72310925,0.7334415,0.7289928,0.7424058,0.73303366,0.7216804,0.74424386,0.72283465,0.7291619,0.720467,0.7294185,0.735743,0.7289642,0.72726107,0.73292387,0.7126013,0.7203778,0.7330533,0.7320834,0.7336686,0.74154687,0.7343525,0.71391803,0.7364581,0.74299246,0.7414459,0.74012357,0.7368938,0.73660445,0.7281572,0.7159524,0.75121874,0.73364055,0.74251825,0.7358496,0.7285498,0.7444255,0.7248022,0.73046976,0.73878086,0.7267344,0.71521163,0.71797425,0.73026806,0.72616655,0.7272685,0.7365709,0.7295787,0.73062825,0.7281955,0.72811866,0.7379386,0.74612767,0.7436336,0.7262403,0.72189313,0.73986703,0.73929536,0.7345158,0.73710155,0.73686045,0.73408234,0.7332966,0.7311929,0.7345103,0.7388823,0.7347909,0.738505,0.7409524,0.72961944,0.74456036,0.7289296,0.7320238,0.7377284,0.7332076,0.7238246,0.73561484,0.73602825,0.7407767,0.7340872,0.733297,0.7309359,0.73549414,0.7266948,0.73459995,0.71881247,0.73015696,0.7272684,0.7352303,0.7395206,0.7213607,0.7176339,0.7334086,0.71804094,0.73961616,0.727692,0.72323817,0.7421674,0.73840463,0.7251059,0.7334441,0.74148446,0.73624605,0.72751796,0.73073894,0.7247396,0.736638,0.7355921,0.7289263,0.72914165,0.7415929,0.73217356,0.74436307,0.72548103,0.7300828,0.736431,0.7346583,0.7267606,0.7309146,0.7216092,0.72597575,0.72782767,0.73651886,0.7237598,0.7195369,0.72847956,0.7436178,0.72894067,0.7385709,0.7355904,0.73359156,0.7433109,0.7283012,0.73323894,0.72857434,0.7338473,0.738473,0.7248789,0.72350174,0.74415916,0.73558146,0.72122484,0.74319434,0.7497575,0.72804016,0.7341724,0.7485873,0.751739,0.7353332,0.7195211,0.73109794,0.7334005,0.7392382,0.72905636,0.7348743,0.7153431,0.71997756,0.73237205,0.72250247,0.7232335,0.73009706,0.73714167,0.72816575,0.7332742,0.7261575,0.7290976,0.7446342,0.73522145,0.739322,0.7325168,0.744501,0.73369384,0.7359329,0.75002164,0.7225379,0.71740746,0.73722327,0.73797184,0.7370285,0.7370793,0.72463584,0.7477674,0.7289389,0.7252081,0.7295102,0.73085123,0.7246825,0.73793215,0.7286645,0.7386691,0.74753594,0.73387647,0.72533387,0.721907,0.72718716,0.739681,0.7155452,0.74048364,0.7318822,0.7242727,0.72314215,0.7344623,0.74552596,0.7385884,0.7394251,0.74172366,0.72249967,0.7261294,0.7191959,0.73442394,0.7395858,0.7214043,0.7377653,0.73112804,0.72508395,0.7378949,0.7326611,0.73269165,0.7287932,0.7387864,0.7308003,0.7393616,0.7212335,0.73243695,0.7176454,0.72925526,0.7434325,0.7243576,0.7178304,0.7315877,0.7316104,0.7414266,0.7279396,0.7251003,0.73686457,0.7183478,0.7340824,0.7334222,0.73987365,0.73712415,0.7266394,0.72127306,0.7250094,0.7298578,0.7344724,0.7278978,0.7364218,0.7276626,0.73429346,0.73829067,0.7115684,0.7322821,0.7299858,0.7302398,0.719802,0.7253696,0.739476,0.7341542,0.73281235,0.734747,0.73110133,0.7306445,0.72806346,0.72948813,0.71555215,0.7334499,0.7375367,0.7332544,0.7259183,0.7249472,0.7258678,0.7408258,0.7242391,0.7353369,0.7264147,0.74485314,0.72852933,0.73580444,0.73218036,0.7312611,0.739409,0.7437282,0.74226886,0.7156202,0.72497064,0.7264166,0.7250387,0.7067006,0.7486937,0.7310642,0.71211696,0.7398372,0.7239552,0.7370723,0.72635067,0.7357384,0.73397976,0.72764695,0.7347644,0.73192436,0.7336447,0.7267317,0.72949356,0.7496824,0.74372524,0.7436906,0.7383781,0.7301656,0.7203225,0.73057926,0.7400447,0.72065943,0.73068935,0.7400762,0.7271781,0.72896844,0.73365176,0.7266029,0.7294073,0.7337476,0.7360833,0.74047846,0.730918,0.7244516,0.71359396,0.7173708,0.7267645,0.7415606,0.73991567,0.70922136,0.73281366,0.74509674,0.7167057,0.74222577,0.74455273,0.74353045,0.7260473,0.73614943,0.7463033,0.73365295,0.7452062,0.7308544,0.735292,0.73960197,0.7309745,0.72314245,0.7389528,0.72990495,0.7276877,0.73406494,0.72576046,0.7182437,0.7145383,0.73135203,0.7310216,0.740954,0.7288892,0.7467097,0.71635646,0.7203278,0.7409287,0.7283212,0.75078213,0.73390865,0.73607,0.7271685,0.7354882,0.7363078,0.7321648,0.7261005,0.73370165,0.72939104,0.7301226,0.7337579,0.7415406,0.7271365,0.7297928,0.7257846,0.7235575,0.7282695,0.7268361,0.74013585,0.71820825,0.7388757,0.73895574,0.7195887,0.73831224,0.7565818,0.7200454,0.73244005,0.7375398,0.73488605,0.73255175,0.7407278,0.72371477,0.7212472,0.73944986,0.7232505,0.7463895,0.74875665,0.7248929,0.734049,0.726033,0.7404976,0.73288506,0.738584,0.73633325,0.72444373,0.73303545,0.74892735,0.7333594,0.7323382,0.7186858,0.74064046,0.73223025,0.7302263,0.7309823,0.73745424,0.7337218,0.73500675,0.73420376,0.7273702,0.7365173,0.73196614,0.72875667,0.7341714,0.7314213,0.72400874,0.7363728,0.7328539,0.7356933,0.72395724,0.73737735,0.7363478,0.72947615,0.7332704,0.72763175,0.73955196,0.7414799,0.7369004,0.7331422,0.73655695,0.7472769,0.73867494,0.7430001,0.7319313,0.74089015,0.74435174,0.72834,0.72833467,0.73901814,0.7261266,0.74156046,0.7311187,0.72975594,0.74797106,0.7524946,0.7337586,0.73150283,0.7344918,0.7490704,0.72841126,0.7339143,0.7373823,0.7307925,0.72291654,0.74087286,0.7305888,0.71903676,0.7301417,0.7455972,0.7341337,0.7259185,0.73168284,0.7214338,0.72202003,0.7255694,0.7342523,0.72836876,0.7231508,0.75688857,0.7244221,0.73092955,0.7305855,0.7257198,0.7150227,0.7286525,0.7276173,0.7472094,0.7258302,0.72048014,0.7221005,0.73023707,0.7197626,0.74889517,0.7307465,0.7401375,0.7464192,0.73409104,0.71760875,0.7412155,0.72850513,0.7348922,0.7361015,0.73296666,0.7295961,0.7311647,0.74253213,0.723808,0.7301243,0.731584,0.73968023,0.7254597,0.7107224,0.73653185,0.7235778,0.73274213,0.7303412,0.7268358,0.7459116,0.7324928,0.73993987,0.73319805,0.73311543,0.72380143,0.72533035,0.7423886,0.7280708,0.7241978,0.7244074,0.7324502,0.73971516,0.7211797,0.7296958,0.7304784,0.7227871,0.72766453,0.73321587,0.71237314,0.72609997,0.7409804,0.72611946,0.7136267,0.7376241,0.73107594,0.74730676,0.7400552,0.733848,0.72459906,0.73075694,0.7305452,0.7351627,0.7080057,0.7435734,0.7361281,0.72952384,0.7259809,0.72996885,0.7114125,0.72731304,0.7437058,0.74234414,0.7351629,0.72981024,0.7454857,0.7423535,0.7392103,0.72577,0.7283853,0.7330708,0.72992235,0.71941274,0.7175002,0.7312901,0.7296545,0.73492974,0.7368968,0.72726995,0.7301844,0.7462179,0.73369294,0.7479193,0.73932195,0.733969,0.73421085,0.7275466,0.73575896,0.7425489,0.7353452,0.73211974,0.7339769,0.7250605,0.73173046,0.73728997,0.7284235,0.73388994,0.73043436,0.73156315,0.72196466,0.7405934,0.73291945,0.7408607,0.7241138,0.7342731,0.72162336,0.72222954,0.7425367,0.7212453,0.71801245,0.72794276,0.7300192,0.71672845,0.7304394,0.7359416,0.72882265,0.7273871,0.71245694,0.7306171,0.73708403,0.7330576,0.7356999,0.7399554,0.7403925,0.7318437,0.73964643,0.72966397,0.7329774,0.72947353,0.7307967,0.7342182,0.74862665,0.7334692,0.7282334,0.7326177,0.73183614,0.73181874,0.7253294,0.7248391,0.733861,0.7352596,0.7376226,0.7434434,0.72823435,0.73358023,0.75555795,0.7364316,0.727966,0.74584424,0.7301266,0.74041057,0.742477,0.7229681,0.7453044,0.7386759,0.73194504,0.7251508,0.73168266,0.73838574,0.7324143,0.72041416,0.7362544,0.7350961,0.74229115,0.7388226,0.74733907,0.73885614,0.7252908,0.73468256,0.7470623,0.7305597,0.7397494,0.7288877,0.7364997,0.7096111,0.7588976,0.7271167,0.7378545,0.72110194,0.730212,0.7348604,0.73053664,0.72801626,0.73564774,0.7261514,0.7390939,0.7299515,0.72538567,0.7190204,0.7289311,0.72459567,0.7455918,0.73705304,0.72442245,0.72696805,0.73561674,0.7350582,0.71594054,0.7275735,0.72622496,0.73586106,0.7328923
0.91084737,0.90395963,0.92738235,0.9048385,0.9170611,0.901608,0.89547175,0.9076082,0.904892,0.90202487,0.89606535,0.90237343,0.91547567,0.89617974,0.91186875,0.9129755,0.9041621,0.898986,0.8980487,0.9132666,0.8958153,0.90727174,0.9028082,0.9144113,0.8979293,0.91605616,0.9120227,0.8987805,0.9153344,0.91724545,0.89616406,0.9051822,0.9062147,0.90358174,0.91062665,0.90130025,0.9030238,0.9023361,0.8913141,0.9073076,0.9097737,0.8929189,0.9041886,0.8992308,0.91507554,0.90195006,0.9098442,0.90548736,0.90717006,0.9045015,0.90068936,0.9005961,0.9134213,0.91102225,0.91338044,0.91439867,0.90350586,0.8918107,0.90112793,0.9058893,0.9005391,0.90004927,0.90040964,0.9113944,0.9075738,0.9043122,0.9084161,0.90580714,0.89990103,0.915625,0.90434253,0.88972557,0.89840275,0.9117853,0.90125126,0.893205,0.9057138,0.9074837,0.9065074,0.91042125,0.8999888,0.903136,0.8998333,0.88962466,0.89911073,0.9045815,0.91756374,0.9036466,0.90707105,0.90768677,0.9118995,0.90550077,0.9002819,0.9014454,0.9139682,0.9059686,0.8990229,0.90652406,0.890107,0.89596665,0.90744275,0.90121466,0.9153818,0.8964286,0.9068776,0.9030656,0.90720564,0.90675044,0.90946627,0.9001598,0.9005889,0.90554255,0.90065986,0.90440416,0.918299,0.9098269,0.8937184,0.91384643,0.8999857,0.90198964,0.89977354,0.90552276,0.9077594,0.90376914,0.9057631,0.90607756,0.9072383,0.89599454,0.89964074,0.90744567,0.9062498,0.9053536,0.89564157,0.9166281,0.9113041,0.91147196,0.906939,0.9175914,0.89887935,0.893226,0.90739495,0.9156559,0.8935551,0.92044204,0.9115409,0.9076376,0.90833974,0.89637697,0.89332587,0.9056739,0.8936566,0.89648706,0.91118926,0.9108416,0.90041417,0.8945934,0.90646166,0.9097682,0.91482174,0.8946127,0.9146974,0.9036897,0.90174574,0.8908219,0.9070337,0.88245255,0.90917224,0.90156263,0.8957368,0.8973527,0.9220901,0.9244851,0.8912541,0.8983163,0.8983029,0.8931772,0.90404075,0.89889103,0.8997763,0.9040936,0.8948292,0.90279,0.8988826,0.8920298,0.89506865,0.8988161,0.90592873,0.8963613,0.8938726,0.9066521,0.9066536,0.89395165,0.8999057,0.9125628,0.9198681,0.90052855,0.8948471,0.91786736,0.9071337,0.9028908,0.90650725,0.90500176,0.91180325,0.9129294,0.9149471,0.90332144,0.9051458,0.9213235,0.90099794,0.8838836,0.9227376,0.9023912,0.89604425,0.9039375,0.91136724,0.90637213,0.89390457,0.8990487,0.9072084,0.9063357,0.9041339,0.9154528,0.9072975,0.9050566,0.89929384,0.8941698,0.89637274,0.915159,0.9001425,0.90975416,0.88950926,0.90713394,0.8905741,0.88581765,0.9031987,0.8984971,0.90439194,0.9216316,0.9067635,0.8986774,0.9021063,0.90092635,0.9313728,0.8985529,0.8920845,0.89689845,0.8965216,0.9018726,0.90016603,0.91092557,0.90389717,0.89703923,0.90126634,0.8906065,0.9145476,0.9021802,0.9081085,0.9165692,0.9039742,0.91155964,0.8982634,0.91599286,0.9161403,0.90959084,0.90792376,0.89424795,0.9100164,0.90834326,0.8980535,0.90901655,0.9106624,0.9044259,0.9023626,0.9046842,0.909935,0.90983504,0.9030288,0.917075,0.90113205,0.8975934,0.9178653,0.9051072,0.9078949,0.9164029,0.8996454,0.89961326,0.90054953,0.9200984,0.90059924,0.89780843,0.90683377,0.9045232,0.90849215,0.89991707,0.90391463,0.90777326,0.89318764,0.8979161,0.9119167,0.9019256,0.9091088,0.909551,0.89272726,0.91211563,0.90030456,0.9117365,0.89235216,0.8902637,0.8999757,0.90989906,0.9142644,0.9130761,0.90390545,0.8958963,0.9093216,0.90317315,0.90783334,0.8936212,0.90985596,0.90891504,0.91112196,0.9097608,0.91811484,0.90695894,0.89799625,0.8982021,0.88928974,0.88861185,0.9015808,0.90550375,0.90494186,0.907972,0.90559113,0.9029093,0.89874864,0.91494507,0.9134754,0.9030308,0.9049129,0.9152837,0.91035974,0.902091,0.88915044,0.9048336,0.88194346,0.9000958,0.9044941,0.9079914,0.90224534,0.8951259,0.89855134,0.90896964,0.91118944,0.91185975,0.908435,0.8876627,0.90624493,0.9089179,0.8990726,0.9236427,0.89733875,0.9137709,0.89465714,0.90653443,0.9171694,0.90545255,0.90826917,0.9008712,0.90572035,0.90027964,0.88941675,0.907756,0.89749825,0.89654213,0.8968846,0.9144094,0.8947722,0.90673625,0.9035517,0.90021616,0.913399,0.8966151,0.9058144,0.8944551,0.8964838,0.9038464,0.8964918,0.8981368,0.9041287,0.90669906,0.9027609,0.89911604,0.9067629,0.9113351,0.9075009,0.90117323,0.9109718,0.91177446,0.9108186,0.89737976,0.9128961,0.90544754,0.8927534,0.90593433,0.908176,0.91315734,0.91428834,0.89651775,0.90892965,0.9028553,0.90639293,0.90051764,0.901004,0.913391,0.89829266,0.9107499,0.92024213,0.89871895,0.89067626,0.89475393,0.9073522,0.8892496,0.89548117,0.91499335,0.9049156,0.9195833,0.90826714,0.8983037,0.9093795,0.9087063,0.9084529,0.90909284,0.90957445,0.9099651,0.89720565,0.90453905,0.891477,0.8903477,0.90420645,0.89459264,0.8948789,0.9023051,0.89996827,0.9036723,0.89376044,0.9051345,0.8961372,0.9075728,0.9033164,0.8986504,0.9026493,0.89416665,0.9136819,0.89648783,0.8902748,0.8988792,0.9147124,0.90262234,0.9004199,0.90017784,0.9159921,0.90444934,0.91966385,0.90944505,0.89629275,0.9042254,0.89730513,0.92560816,0.9099257,0.89983886,0.8915428,0.8988737,0.914381,0.9007578,0.90949285,0.91633266,0.8786381,0.90107,0.90038735,0.90383524,0.9131769,0.90593517,0.9155667,0.91487086,0.9038744,0.90199876,0.9058786,0.9010734,0.91989726,0.9026466,0.89589226,0.8960101,0.9048303,0.91093224,0.8978463,0.9145948,0.91115624,0.9011123,0.89320624,0.90701425,0.913363,0.8937649,0.89772636,0.90343153,0.90342724,0.8952548,0.9001922,0.91140723,0.91143745,0.9021451,0.91341186,0.9153617,0.9040923,0.90283746,0.9033239,0.91397625,0.9044547,0.9006296,0.9093587,0.92986065,0.90138084,0.891969,0.9045271,0.9063126,0.90611523,0.8976947,0.9046934,0.9144828,0.8913516,0.9048192,0.9190144,0.8965697,0.90605634,0.90944993,0.89994925,0.8939944,0.8965368,0.8983023,0.9096449,0.90214473,0.90614235,0.9176673,0.9025586,0.89683014,0.9019323,0.90089375,0.897152,0.90929717,0.8998288,0.9098282,0.9055728,0.9062787,0.9039092,0.8998742,0.9132065,0.9047064,0.8930836,0.9092813,0.92066664,0.89948267,0.9112824,0.90318793,0.8988736,0.904143,0.90001583,0.90535206,0.90305233,0.8947899,0.9068973,0.9114381,0.9093121,0.9013423,0.90998393,0.9014182,0.9084089,0.91589415,0.895979,0.90892094,0.9049046,0.90455997,0.8945296,0.8997708,0.89819014,0.91567236,0.914323,0.9030224,0.8972242,0.90281236,0.90999025,0.896642,0.91358894,0.891696,0.9073771,0.90018857,0.8965765,0.9111254,0.8966247,0.8918797,0.89829624,0.92215514,0.9080685,0.9015346,0.90549743,0.89120394,0.9157676,0.9096212,0.882501,0.91285604,0.9071401,0.90614367,0.90462303,0.89960116,0.90946543,0.9047221,0.91804457,0.89719754,0.90502715,0.9039243,0.91100085,0.9106863,0.9036029,0.9099092,0.9079466,0.90657616,0.9120077,0.89173156,0.9175584,0.9036679,0.90031034,0.91132385,0.89507353,0.8954052,0.89988184,0.91953844,0.89682883,0.90003353,0.88867265,0.8984113,0.91333586,0.9111595,0.9154841,0.9053627,0.9043125,0.8974902,0.89672476,0.9017663,0.89768827,0.89886624,0.91044164,0.90801287,0.90312463,0.8998074,0.90473574,0.91118264,0.90658796,0.9012837,0.91326785,0.9107211,0.90156186,0.91799015,0.9038026,0.90503675,0.9010333,0.90827507,0.89181024,0.91232944,0.9110356,0.89840263,0.91331285,0.9075868,0.9084059,0.91607577,0.9035048,0.8976417,0.8995652,0.9195325,0.89887553,0.8900433,0.9020332,0.9099704,0.8875889,0.90749496,0.9038716,0.9056009,0.90214455,0.90666884,0.90230197,0.90685797,0.90358794,0.90324676,0.90543956,0.8936533,0.90862864,0.9098675,0.90380627,0.8983249,0.90528446,0.91003036,0.8967962,0.8959774,0.91114724,0.90782005,0.9110989,0.90237856,0.8955227,0.90860784,0.91158134,0.9037967,0.910648,0.90855604,0.89885193,0.89137954,0.9049156,0.89600813,0.9088287,0.91236705,0.91003865,0.9055421,0.9121737,0.8994233,0.89724404,0.9046054,0.9029557,0.89011604,0.90833783,0.9000318,0.91639,0.88903445,0.8934259,0.8951245,0.91317075,0.90695757,0.9009993,0.9020007,0.9075766,0.9128234,0.913381,0.9149092,0.9060313,0.9128176,0.89408565,0.903581,0.9100193,0.9086092,0.9074765,0.9179509,0.8986355,0.9080957,0.9100738,0.9023048,0.9122506,0.9039694,0.90275145,0.9035399,0.9000048,0.9153378,0.90690154,0.9108197,0.90699136,0.91711056,0.9000318,0.9029517,0.9221331,0.8966224,0.9049675,0.8995469,0.9064251,0.91262525,0.90675473,0.90994674,0.9076448,0.9038364,0.8998335,0.88588125,0.88476044,0.89160407,0.907954,0.90439403,0.89687735,0.90161854,0.9037476,0.9090458,0.92079896,0.92109066,0.89817494,0.9071768,0.8979081,0.9022891,0.9101879,0.8915892,0.90937513,0.8982597,0.91145617,0.9098272,0.9031803,0.89558876,0.9055344,0.91221946,0.9039988,0.90476084,0.9014396,0.9004557,0.9039498,0.9001077,0.90203035,0.8936868,0.9065632,0.897105,0.89291704,0.90756637,0.9055927,0.90116274,0.8987559,0.8978644,0.90564257,0.9110423,0.8972724,0.9148516,0.9121353,0.89707315,0.9113035,0.9039211,0.90991586,0.895434,0.89401793,0.9108415,0.88451993,0.899347,0.90803695,0.8974677,0.9056499,0.8965393,0.9080515,0.9132197,0.9060515,0.9095258,0.910973,0.8996349,0.896675,0.9043507,0.9042279,0.90403503,0.8960107,0.8900096,0.9169001,0.9120706,0.9007775,0.90154576,0.896254,0.904416,0.907964,0.8907455,0.9045365,0.8936265,0.903659,0.89655733,0.90430593,0.8982,0.9043019,0.91039276,0.9023289,0.89689064,0.9021911,0.89890784,0.8990046,0.912752,0.9058698,0.89653844,0.913794,0.89017016,0.90621006,0.89933527,0.9056902,0.9215622,0.90960187,0.89216477,0.9169122,0.9109548,0.90541947,0.9045482,0.9072387,0.8918711,0.91692066,0.90531653,0.9067748,0.8961829,0.90106463,0.9019306,0.906839,0.91763324,0.8935304,0.900333,0.889319,0.8896762,0.90940076,0.8959012,0.8999072,0.88961506,0.91158396,0.89901125,0.907819,0.9071337,0.8995788,0.91531277,0.9086465,0.9068887,0.8931829,0.9094124,0.90515137,0.8977085,0.9056848,0.91930664,0.8903218,0.9102688,0.9137545,0.89983404,0.89904356,0.9080399,0.9011611,0.89746,0.9043594,0.90929943,0.9027818,0.89940304,0.89283055,0.91589826,0.9093157,0.89780813,0.930715,0.90883005,0.9037647,0.9086721,0.90948945,0.9039183,0.89837754,0.88149023,0.905972,0.90028566,0.89895195,0.91322136,0.9098254,0.9100357,0.91708094,0.9233317,0.8831543,0.910694,0.9128643,0.8855319,0.90327513,0.8991605,0.90659857,0.8986395,0.9096478,0.9182875,0.9213573,0.90789723,0.9019452,0.91462725,0.9018206,0.9105095,0.9050139,0.90836054,0.90081376,0.90727,0.89473903,0.8969243,0.89983624,0.9106668,0.8968096,0.9016206,0.897511,0.8955051,0.89965546,0.9025554,0.9099233,0.896878,0.90546584,0.9004565,0.90526927,0.90414643,0.8974131,0.8894905,0.90922713,0.9009225,0.90180147,0.9056185,0.9073221,0.91248554,0.8884664,0.9041368,0.9135174,0.911596,0.89479715,0.90242434,0.89445823,0.8930403,0.8971823,0.9139682,0.9026415,0.9026614
0.2718862,0.26270908,0.27409542,0.26651376,0.2672645,0.2738934,0.28773025,0.26309153,0.26893947,0.26830852,0.2965108,0.26970392,0.2818785,0.27873513,0.271533,0.26637688,0.2686352,0.2877761,0.28641158,0.28054523,0.27748036,0.2834333,0.26427445,0.27981272,0.2873811,0.2655041,0.27641913,0.2680442,0.27379143,0.28486657,0.27742863,0.2854899,0.2833095,0.28443,0.2726998,0.26461712,0.27986947,0.28744137,0.28371114,0.27123174,0.2754507,0.2737606,0.27882314,0.28071302,0.26198584,0.2770288,0.27522483,0.27924657,0.26942033,0.26999083,0.279178,0.27752563,0.27043468,0.26972407,0.27956343,0.26888123,0.2893221,0.2802615,0.2799125,0.2802478,0.2854699,0.26445904,0.26628143,0.27991036,0.28006658,0.2731867,0.27656192,0.27358446,0.28954488,0.2844144,0.28469774,0.28382838,0.27905613,0.27034262,0.2643168,0.28660432,0.27107757,0.28705886,0.2808047,0.2910487,0.28992543,0.276634,0.27223197,0.27214718,0.2775693,0.28336176,0.27489913,0.2618439,0.27116355,0.26226825,0.25935286,0.26987293,0.29146302,0.27179992,0.26765734,0.28096917,0.26421663,0.28013918,0.28936312,0.27730146,0.27573848,0.2867401,0.27199394,0.29567695,0.28166485,0.28009948,0.2807814,0.28633422,0.27772516,0.25498244,0.2770412,0.27680138,0.2849294,0.27498692,0.27058542,0.2805775,0.28359357,0.27601734,0.2653832,0.26365992,0.27947885,0.2805202,0.28017965,0.27234948,0.28574798,0.27074134,0.27539858,0.26174873,0.27197737,0.27236333,0.2709574,0.27688542,0.2802448,0.28192273,0.27512327,0.2688608,0.26614985,0.27495492,0.27949953,0.28158283,0.2659354,0.27810353,0.27833268,0.2647146,0.2689606,0.28199884,0.28097773,0.29402,0.27705386,0.26007885,0.2838759,0.27398604,0.27251294,0.27465272,0.2664649,0.28290215,0.27349812,0.2782916,0.27468592,0.28083134,0.27782345,0.2712726,0.2699496,0.2951396,0.2677917,0.27495724,0.27346078,0.29850778,0.28943554,0.28081056,0.26740128,0.28137106,0.2720544,0.2751039,0.26341075,0.28186652,0.2706977,0.28995863,0.28715378,0.28335726,0.27252236,0.27035806,0.2721916,0.28381458,0.27117375,0.276451,0.27956954,0.2776066,0.29433984,0.26665962,0.26717016,0.28257155,0.28483772,0.27596503,0.26834124,0.27171212,0.2843272,0.28656152,0.29115453,0.27023354,0.26320738,0.28194776,0.26124436,0.26040807,0.26412523,0.2733952,0.28324357,0.267006,0.27109602,0.2789953,0.2812013,0.2764803,0.2877098,0.2783428,0.27254352,0.2730924,0.26536512,0.27693626,0.2850541,0.27548054,0.26973087,0.27649048,0.27132234,0.28207844,0.28155747,0.29704076,0.27955619,0.28121844,0.2722303,0.2709857,0.27880076,0.288167,0.26784727,0.2815928,0.2781203,0.28630513,0.28214195,0.27522573,0.27400073,0.2736332,0.28206196,0.26648802,0.27932826,0.2820655,0.27119565,0.28968334,0.2788365,0.27891695,0.26570553,0.27052864,0.28156582,0.28055632,0.2816403,0.29183316,0.27542627,0.27440742,0.2707037,0.28033736,0.28648055,0.27388877,0.28385028,0.28817424,0.27197748,0.29782492,0.2725381,0.2734141,0.28230825,0.27812076,0.2733652,0.26979843,0.2708872,0.25923526,0.2805098,0.2757964,0.28298146,0.26865304,0.26998502,0.26670432,0.27776447,0.27661395,0.2730075,0.26837292,0.2587909,0.26778626,0.27865636,0.2730353,0.24929807,0.2720225,0.284402,0.2770027,0.27522236,0.29066962,0.28205195,0.2668803,0.27451357,0.2862341,0.27807707,0.284145,0.27076375,0.2780117,0.2699839,0.2824909,0.286842,0.27743518,0.27039677,0.27233523,0.2708737,0.28454337,0.2742463,0.2773055,0.26401782,0.26851955,0.28046045,0.2707385,0.288029,0.27207994,0.28406173,0.28107256,0.27096578,0.27451396,0.28074196,0.26569918,0.2798148,0.26972798,0.27690703,0.2821521,0.287642,0.27613592,0.27286395,0.2663462,0.27540806,0.27641892,0.27847525,0.28835937,0.27006444,0.26690567,0.26708406,0.29182014,0.27812397,0.27612135,0.27416363,0.2871573,0.27800107,0.27021116,0.28620785,0.2831438,0.25974444,0.27592185,0.27209228,0.27807453,0.2771932,0.26258606,0.28736925,0.2835654,0.27144113,0.27847236,0.28561166,0.26959273,0.26311332,0.27004984,0.2805044,0.28078905,0.28290665,0.27820924,0.27448246,0.27551237,0.26264137,0.2759005,0.27011323,0.27060044,0.29617363,0.27614182,0.27246684,0.2792787,0.2611864,0.26828665,0.2863041,0.2729574,0.26686457,0.26706228,0.2883149,0.27249354,0.2820945,0.26487204,0.2882508,0.28352982,0.28263146,0.2790377,0.26057458,0.2785216,0.26906314,0.2946611,0.2763983,0.28463,0.27302065,0.2713598,0.2668445,0.27889395,0.27998996,0.2852078,0.26765355,0.2665142,0.28459993,0.27350596,0.28019994,0.28151697,0.2870608,0.27442312,0.28070295,0.25827694,0.26565278,0.29029837,0.277653,0.26729935,0.27589434,0.2766475,0.2595186,0.28091156,0.28460538,0.2858947,0.26190647,0.2693955,0.25987455,0.2841581,0.2834093,0.2703455,0.27727973,0.2736939,0.27617526,0.27568457,0.27073196,0.26509178,0.28591365,0.2743296,0.27028698,0.2763945,0.2788971,0.27984843,0.27725565,0.2826685,0.26928157,0.27422535,0.26734057,0.25591406,0.27840677,0.27347222,0.28112364,0.2859483,0.27273268,0.27167675,0.28625658,0.2900329,0.2820392,0.28664204,0.27231598,0.2899772,0.2646596,0.28132492,0.2791088,0.2844118,0.28588253,0.27862453,0.26879588,0.27263036,0.29052868,0.2824794,0.2639756,0.2717574,0.26775968,0.27179745,0.27724633,0.27044645,0.27811274,0.26565516,0.27854162,0.26768085,0.28600448,0.2682265,0.28456807,0.27543497,0.2708751,0.28348202,0.27894735,0.27846718,0.2664537,0.2857161,0.26785555,0.27299356,0.2819757,0.27750447,0.2929526,0.27416193,0.26541224,0.27164057,0.278172,0.28461796,0.28343296,0.27914622,0.2844304,0.28713888,0.28229624,0.29130757,0.2816,0.27142817,0.27885512,0.2828653,0.29435354,0.2781334,0.27293402,0.27280095,0.2711111,0.27296808,0.27924973,0.27780622,0.27023947,0.26452088,0.27251276,0.2611448,0.28237024,0.27554238,0.2875413,0.27620378,0.27974907,0.27226147,0.28074878,0.27815384,0.2728307,0.28628495,0.28751987,0.26424265,0.27170244,0.26830125,0.2646104,0.28167865,0.27857763,0.2861545,0.28137678,0.27906197,0.27522337,0.26948816,0.28186983,0.2603596,0.27314234,0.2696061,0.2754396,0.2775968,0.2790938,0.27616364,0.26957297,0.267383,0.2842981,0.27811503,0.27631924,0.27689263,0.28024197,0.2757886,0.29761836,0.2787444,0.2731657,0.2808478,0.28096005,0.2707282,0.28399187,0.27127132,0.28060782,0.2550092,0.27627712,0.2715728,0.27946773,0.28499374,0.2640017,0.27287763,0.2832896,0.2713923,0.27526942,0.28707823,0.2772635,0.27443206,0.27243707,0.2766313,0.28248224,0.27267733,0.2783425,0.26784843,0.2753986,0.27803287,0.29112217,0.27745354,0.2720116,0.2777264,0.2740838,0.2862535,0.26678506,0.28849214,0.28840917,0.26806745,0.27701208,0.2749918,0.27010208,0.27420476,0.2978519,0.27844197,0.2519536,0.27905172,0.2831004,0.26718888,0.28592744,0.26645723,0.28003708,0.2773001,0.27112117,0.28069857,0.27797642,0.2871285,0.2727117,0.28499576,0.27234098,0.28681603,0.2841799,0.2767557,0.27334946,0.28694755,0.29694828,0.2781797,0.2619611,0.27491248,0.27509558,0.2739083,0.2788429,0.2698763,0.2716904,0.30041298,0.26785898,0.27982718,0.2830041,0.29716244,0.28635037,0.30465227,0.278205,0.2820461,0.2712169,0.26806793,0.28008056,0.28573582,0.257454,0.28747237,0.2764776,0.28446656,0.27698863,0.28546202,0.2895838,0.26932192,0.28880525,0.2689351,0.2713817,0.25643295,0.27064165,0.27761737,0.26649803,0.2686277,0.27968848,0.27499816,0.2667773,0.28404498,0.28759494,0.27215472,0.27448967,0.2767289,0.27540267,0.2709724,0.28073528,0.28205073,0.2663413,0.28026873,0.27518034,0.27432317,0.2764404,0.26766258,0.26515463,0.28184086,0.27916816,0.28649196,0.26935154,0.2691817,0.28657353,0.27315283,0.27523288,0.28315443,0.26254383,0.28342667,0.28782153,0.2712721,0.28019196,0.27071077,0.26467177,0.2680937,0.2662198,0.26963666,0.26143864,0.28417215,0.2824814,0.27789432,0.28536555,0.2758329,0.26214787,0.27355835,0.2756804,0.2783109,0.28574812,0.2801024,0.26184773,0.28752553,0.27607518,0.2893544,0.27393618,0.2700556,0.27197102,0.26109564,0.2783442,0.28669012,0.26496688,0.28494245,0.26346955,0.28281298,0.27758306,0.26787704,0.27049202,0.2765149,0.27348956,0.2777506,0.27633667,0.29458463,0.27261898,0.2681813,0.26650506,0.2730745,0.27840573,0.27346593,0.27552372,0.28187862,0.26908088,0.26840296,0.257837,0.27954873,0.28646195,0.28394538,0.2718761,0.27286875,0.2808897,0.29092592,0.27543157,0.27147526,0.25947246,0.27926713,0.276604,0.2829852,0.28915846,0.27201387,0.26773345,0.27852613,0.28386647,0.27512515,0.27232984,0.2820075,0.27857512,0.25963897,0.27566844,0.2786771,0.26738113,0.26352856,0.27323222,0.29201454,0.28099784,0.26507393,0.28502017,0.27879703,0.26581815,0.27606663,0.28158405,0.26281634,0.28062457,0.27435416,0.26242915,0.26542974,0.2765602,0.2770588,0.28210554,0.29033917,0.2950848,0.27038473,0.27521873,0.2895496,0.27026862,0.28308797,0.27454665,0.2729045,0.28715545,0.27284324,0.26283085,0.26147485,0.26959494,0.28241765,0.2645594,0.27549404,0.28274012,0.27841944,0.2753264,0.2748711,0.26885685,0.27967992,0.26308146,0.28754693,0.2863507,0.27337942,0.28099963,0.27624732,0.26593283,0.26380616,0.26682714,0.2775856,0.28353786,0.2707724,0.28403488,0.27704567,0.26797628,0.27536803,0.2628885,0.28217348,0.27186516,0.2795366,0.2866577,0.28641307,0.27569193,0.26592937,0.27840662,0.2805006,0.27109972,0.27041927,0.2697142,0.2865999,0.2885996,0.28045386,0.28011876,0.27654698,0.29091126,0.27565342,0.28620812,0.2785832,0.2791648,0.29304332,0.27402407,0.27125016,0.28604203,0.27027342,0.28163,0.26342636,0.2819341,0.27577806,0.28030136,0.26426545,0.28266025,0.2820036,0.27374756,0.2901994,0.27601048,0.26002753,0.27645063,0.28682837,0.2702672,0.27559662,0.28966188,0.2754988,0.26822227,0.2482279,0.28396666,0.27635187,0.26993054,0.3000561,0.27336496,0.2762609,0.2683355,0.28412035,0.27477807,0.27516764,0.26257437,0.2845292,0.28191006,0.27798095,0.27485687,0.26223695,0.28228998,0.27197725,0.27977312,0.28181952,0.28156495,0.28599852,0.2639605,0.28550297,0.2719844,0.28244415,0.26881176,0.28868806,0.27590373,0.28330848,0.26707217,0.27183327,0.28130576,0.26440802,0.2780048,0.28252822,0.2782868,0.28507352,0.2895136,0.2778374,0.2794834,0.26953578,0.26555127,0.27177694,0.28523493,0.27687544,0.27546942,0.27756637,0.2902014,0.2778285,0.28024915,0.28531134,0.26949736,0.2984253,0.27150458,0.2662069,0.27744165,0.26634437,0.25768137,0.27387372,0.2782126,0.27727538,0.26734054,0.2801462,0.2845104,0.2600371,0.27749455,0.25732532,0.28227127,0.26263636,0.26935545,0.28838032,0.27736184,0.27999166,0.27736923,0.27217662,0.27460513,0.29559672,0.28466284,0.2728232,0.27472633,0.27375576,0.26763394,0.27682155,0.28504962,0.27788076,0.27909225,0.27818894,0.27930126,0.27442914,0.27801663,0.268317,0.29664877,0.27069664,0.25814387,0.26769328,0.2967552,0.28599557,0.27999392,0.28835696,0.2909903,0.27577585,0.26598155,0.25287107,0.28109446,0.26552904,0.27483806,0.2790528,0.2733159,0.2696121,0.27605867,0.2696643,0.26937982,0.28635705,0.29051772,0.28522018,0.26800907,0.2750851,0.28212172,0.28115866,0.27642405,0.28516358,0.2769437,0.26754254,0.27727464,0.28413385
