0.66755426,0.65644306,0.657464,0.64980197,0.6354577,0.65363497,0.6565653,0.66181725,0.6744704,0.6583949,0.6581302,0.64535433,0.66899693,0.68146014,0.66419226,0.65254545,0.668465,0.64572054,0.6501985,0.6450824,0.6653528,0.663073,0.657095,0.6682031,0.6652328,0.65367734,0.6299868,0.6377705,0.6522436,0.6707283,0.6571717,0.6636271,0.6601475,0.6705117,0.65626574,0.64050394,0.64052564,0.6654553,0.6498979,0.6300852,0.66806626,0.65209615,0.65526986,0.6551573,0.66461813,0.6527567,0.64910567,0.65714306,0.6525229,0.63852024,0.66509813,0.6547243,0.6569199,0.6596194,0.6680807,0.66716915,0.6579469,0.66546184,0.6679877,0.662164,0.6751341,0.6642114,0.67190796,0.65764153,0.6544795,0.6728626,0.6562488,0.67044693,0.6559613,0.6474301,0.65461224,0.6385045,0.65660095,0.66049397,0.66911167,0.66266185,0.6592295,0.6491225,0.65981,0.669303,0.6617828,0.6605098,0.6551597,0.6658071,0.6583103,0.6559962,0.6801311,0.664524,0.647803,0.6668066,0.65639603,0.671401,0.65811443,0.6612013,0.67146975,0.6468886,0.66009915,0.6518392,0.6582729,0.6658062,0.6432585,0.6474502,0.63054806,0.65108454,0.6559964,0.64247584,0.6492983,0.66108793,0.681544,0.67048585,0.65302587,0.6565568,0.6451054,0.65193313,0.66373813,0.64553344,0.65818125,0.6515039,0.6531617,0.6593857,0.6634619,0.65186775,0.6545478,0.6567034,0.63791794,0.6500633,0.6675086,0.64926815,0.6394425,0.65532774,0.66201526,0.65034217,0.66575444,0.64809966,0.6454692,0.63978237,0.6575434,0.6588582,0.6448367,0.6726965,0.6548243,0.65590125,0.66831625,0.65808487,0.6388769,0.6563421,0.6561048,0.66018516,0.65249366,0.66376406,0.66154945,0.65698063,0.64280015,0.6591083,0.6500281,0.65276426,0.6517419,0.6502747,0.66815317,0.6551405,0.6528006,0.6591376,0.65870583,0.6616739,0.6678156,0.65413254,0.63588,0.68124473,0.6406299,0.6571252,0.65607184,0.6448766,0.6654052,0.6739028,0.65264237,0.64779013,0.64486194,0.6575584,0.6495319,0.65205044,0.651608,0.6391631,0.6603932,0.66789705,0.668346,0.6570328,0.6487738,0.65306896,0.6595254,0.64950335,0.66467094,0.6733783,0.67641664,0.66245437,0.6702932,0.66770536,0.6491695,0.6568001,0.67805725,0.64529836,0.6779782,0.6854885,0.658299,0.6625707,0.66034186,0.6543636,0.6523141,0.67030597,0.66574293,0.66064095,0.65619594,0.65837294,0.6541516,0.66575044,0.63810736,0.6630245,0.65290046,0.6665732,0.66609746,0.65847987,0.6767753,0.65201944,0.6303028,0.6507874,0.66159284,0.6422974,0.66702914,0.64278024,0.659198,0.65732014,0.66483444,0.66296744,0.6728984,0.65699345,0.6601639,0.65771794,0.66819113,0.6528017,0.65687543,0.65381014,0.67484355,0.66846764,0.6623293,0.67915946,0.6520187,0.64842516,0.6575727,0.65892035,0.64848167,0.6555775,0.66640556,0.64661264,0.66919017,0.6640822,0.66217315,0.65459925,0.6584001,0.6728188,0.6764946,0.6625962,0.64572024,0.6621869,0.6593313,0.66019964,0.65812314,0.6667824,0.6574915,0.6549097,0.66694427,0.6560153,0.6643501,0.67042553,0.66015935,0.6400477,0.6571191,0.6541774,0.67210084,0.633657,0.65148103,0.6682122,0.66677564,0.6551907,0.6630708,0.6644894,0.64770424,0.6639708,0.6709595,0.66400105,0.6720865,0.65922374,0.66226816,0.6780292,0.63747346,0.6761973,0.66542625,0.6751768,0.6629462,0.64392096,0.6788201,0.6602164,0.6503672,0.6633253,0.6401986,0.6592421,0.6677195,0.6471378,0.65625644,0.6702394,0.66356945,0.66459066,0.6477186,0.6406343,0.6447901,0.67211807,0.64598095,0.6734275,0.6695027,0.6708767,0.66948396,0.66100603,0.6536676,0.66216636,0.65730137,0.653412,0.66602474,0.65700793,0.6594631,0.65193355,0.66252726,0.66684645,0.66004086,0.65107304,0.633367,0.67314243,0.64441556,0.6656324,0.6605816,0.66376597,0.66345954,0.6433887,0.65500534,0.64884365,0.63956654,0.66781026,0.65985036,0.6524138,0.6429893,0.6555119,0.6601235,0.6614927,0.64154315,0.6484563,0.66016614,0.6621365,0.6539506,0.66936564,0.64777046,0.64791125,0.6820799,0.65923125,0.6501507,0.66790223,0.6433188,0.6731648,0.67303866,0.6550278,0.64843607,0.65154153,0.65816724,0.6471045,0.6472552,0.6334013,0.6646612,0.67524964,0.66527486,0.66057307,0.6679813,0.6448224,0.65775174,0.6704768,0.661122,0.65257114,0.65290946,0.6597201,0.6562477,0.65914917,0.6584275,0.64700675,0.6797782,0.65782124,0.6553507,0.6525591,0.6678504,0.6567136,0.6523242,0.65708536,0.6602333,0.64907175,0.65715784,0.66370463,0.65160775,0.67333037,0.65452707,0.67672575,0.65500313,0.64536405,0.6422307,0.643668,0.6695898,0.6632865,0.6469498,0.6614562,0.66916776,0.67728746,0.66442907,0.6783936,0.6655831,0.66382736,0.64525336,0.65509915,0.64775056,0.6523564,0.65265137,0.6639599,0.66486365,0.66187835,0.6606997,0.655898,0.67147267,0.6932227,0.6579141,0.6609508,0.65310115,0.65927565,0.6675761,0.6737447,0.6775148,0.6502877,0.6866463,0.64422387,0.6531964,0.6493032,0.6443083,0.6520504,0.6514785,0.6529165,0.6648016,0.65213394,0.65347576,0.6484061,0.6620128,0.66604453,0.6720858,0.6651702,0.6555548,0.66382676,0.648408,0.67182744,0.6728442,0.6593485,0.6582826,0.6782577,0.64632237,0.659728,0.66522294,0.6541016,0.65318996,0.66112643,0.6445364,0.65483063,0.65252715,0.6817102,0.6520662,0.6357527,0.6548512,0.6516815,0.6658919,0.658039,0.652142,0.65404606,0.64389986,0.6599831,0.6619784,0.6583929,0.6534145,0.6478486,0.6565895,0.6743845,0.63913906,0.6631198,0.65760005,0.66782016,0.65999967,0.6321916,0.6608851,0.6646486,0.66271365,0.6597545,0.66847426,0.6490759,0.6519181,0.6769789,0.63869554,0.6553066,0.65104026,0.6455152,0.67357475,0.6603163,0.6562069,0.6385596,0.6404703,0.664922,0.6589814,0.6512078,0.6424926,0.657864,0.66000235,0.66319865,0.6642164,0.6560152,0.6414359,0.6616517,0.6742066,0.65362394,0.64135116,0.6781937,0.65263367,0.6571336,0.6774254,0.6689684,0.6577057,0.65470195,0.64962685,0.6493189,0.66030574,0.65859175,0.65340865,0.6464813,0.6551424,0.65433645,0.6587477,0.6723708,0.6637762,0.64520043,0.6682172,0.6410046,0.6518024,0.6734192,0.69342583,0.64808303,0.6648645,0.6495563,0.6452926,0.65376186,0.65512115,0.6374648,0.64518106,0.67001927,0.6606349,0.6542886,0.67408496,0.65424,0.64127105,0.6526183,0.6612278,0.65275294,0.6636126,0.63195246,0.64713335,0.6696231,0.6589924,0.6614845,0.66536236,0.6568881,0.6580245,0.6612061,0.65913934,0.6539126,0.65659535,0.6705579,0.6585262,0.64599144,0.66198534,0.6520643,0.64342725,0.6550764,0.6491856,0.65274376,0.66277695,0.663904,0.65124136,0.65645957,0.6560171,0.6770294,0.66263604,0.6593474,0.641816,0.6596964,0.6644882,0.6626503,0.6688881,0.6732842,0.6644309,0.6617169,0.6667039,0.6662755,0.65222514,0.6603841,0.65681195,0.64046,0.67513496,0.63926387,0.6402801,0.6724997,0.674,0.66919196,0.6551676,0.6699238,0.6605959,0.6421814,0.6600686,0.6591878,0.6622126,0.6589083,0.64497644,0.6533205,0.65600204,0.65903133,0.6599047,0.65989727,0.6540669,0.6544355,0.65614104,0.6679991,0.67188877,0.65790105,0.65487194,0.654192,0.6680296,0.66091156,0.66504014,0.6540945,0.6525681,0.65231377,0.647979,0.6496259,0.6581027,0.68196756,0.6591247,0.6645503,0.65659446,0.638268,0.6533876,0.6685878,0.6576451,0.65904105,0.66945535,0.6664458,0.6626227,0.67667073,0.68030584,0.65454024,0.6633506,0.64926887,0.6728487,0.6700007,0.66891974,0.66079134,0.6696141,0.6462416,0.6600083,0.6453933,0.6533344,0.6514047,0.648673,0.67736083,0.63447696,0.6548781,0.64836675,0.6694249,0.6690112,0.6522486,0.6494488,0.6544977,0.66697943,0.6464333,0.66259223,0.6637143,0.65351677,0.6536719,0.6614847,0.65998745,0.6619013,0.65011,0.64580977,0.6446913,0.66194654,0.64318955,0.667127,0.6382827,0.6532092,0.6486188,0.6494602,0.66568583,0.6578404,0.65588045,0.6623136,0.6590744,0.6696638,0.6611155,0.66852427,0.6520387,0.6591949,0.6486511,0.68015945,0.65512186,0.6782588,0.6515614,0.6594281,0.65645945,0.65550965,0.6669214,0.6494632,0.65259427,0.6580819,0.64903927,0.65892017,0.65143234,0.6668508,0.6639871,0.6829244,0.658279,0.65099233,0.65671986,0.6692059,0.65602064,0.65988386,0.6437773,0.652041,0.65644956,0.65744877,0.65902096,0.67419505,0.6682844,0.6637391,0.65921766,0.65042776,0.64432526,0.6642006,0.64758295,0.6492813,0.663204,0.6542727,0.6499064,0.6545334,0.6486381,0.66071415,0.6801343,0.65905696,0.6774303,0.6542184,0.6536219,0.6563041,0.65806586,0.6670817,0.66987455,0.6618316,0.656783,0.6699879,0.66316694,0.6493449,0.65070814,0.6619047,0.65196484,0.6744298,0.659253,0.6525593,0.6487764,0.67495304,0.66663134,0.6731282,0.6646598,0.65541613,0.66214305,0.6448258,0.66097176,0.6544262,0.66619724,0.6520845,0.64676356,0.65561885,0.63635105,0.6510958,0.64512175,0.67099345,0.6442356,0.6471431,0.6601053,0.6522223,0.65116996,0.65151125,0.64951307,0.654645,0.6439366,0.66330254,0.6661763,0.66083974,0.6562277,0.6584005,0.6641333,0.647626,0.65576386,0.65935004,0.6525685,0.66850203,0.658421,0.66541165,0.65034556,0.653657,0.669851,0.6573556,0.6483258,0.65122384,0.64841336,0.6590714,0.66496444,0.6583835,0.6676322,0.6594246,0.6441451,0.67743754,0.6475046,0.6441759,0.6469507,0.6577848,0.6736842,0.6547428,0.65907156,0.68083787,0.64183056,0.66868,0.6623222,0.65365493,0.6540849,0.6565675,0.670539,0.65055233,0.64616334,0.683542,0.65970886,0.65736115,0.64509654,0.64263934,0.63685596,0.6595662,0.6400849,0.6699355,0.65031385,0.65756077,0.66133106,0.65458375,0.6691463,0.657529,0.6517415,0.64430934,0.66496974,0.6560095,0.6720621,0.6703186,0.6509275,0.66382855,0.6427464,0.66251427,0.671606,0.6591052,0.64864355,0.6624364,0.64267623,0.670915,0.6625976,0.6508867,0.66131,0.67356753,0.6828531,0.64091146,0.637135,0.65130633,0.64537656,0.65499556,0.6419504,0.6487858,0.66141653,0.65294343,0.6570226,0.6605464,0.6564994,0.67038316,0.66469276,0.6691765,0.67391294,0.6510321,0.65860605,0.6550867,0.65305376,0.64868265,0.66017365,0.65836036,0.6464217,0.6641196,0.6660414,0.6674957,0.66899693,0.675419,0.6530415,0.66323364,0.66576356,0.64759105,0.65207875,0.6533764,0.6407955,0.6414246,0.65124726,0.6554933,0.6586214,0.6631861,0.6609635,0.6652886,0.6470148,0.6608181,0.666793,0.66526484,0.6562869,0.66901606,0.66376877,0.6504662,0.6467041,0.6584866,0.66122895,0.65881604,0.63095903,0.64860684,0.6370478,0.6714415,0.6500687,0.6613429,0.6434129,0.66868734,0.66072965,0.6666058,0.64940894,0.6542969,0.6487565,0.6704489,0.6773073,0.66086483,0.65503055,0.64585143,0.6400321,0.66905785,0.6391379,0.6349529,0.6493381,0.66806656,0.64938724,0.66536105,0.6487733,0.6469097,0.65560514,0.65589035,0.664449,0.66750383,0.661889,0.666807,0.66039705,0.6586084,0.65721685,0.6499404,0.658421,0.63017124,0.6691456,0.6598525,0.6584195,0.6652228,0.65122736,0.6731091,0.64028895,0.6631096,0.6604739,0.6602743,0.672348,0.64975786,0.65246075,0.65593,0.674508,0.65188944,0.6616338,0.64185995,0.66333485,0.6705463,0.6612835
0.6035332,0.5669579,0.5730805,0.5690639,0.5651087,0.56883895,0.5797676,0.579836,0.59094566,0.57655734,0.5725808,0.56473404,0.59249747,0.5803267,0.5933612,0.5881722,0.5873851,0.575244,0.57957935,0.58929116,0.57529837,0.58512837,0.5676343,0.5947813,0.5830907,0.5895912,0.5519093,0.56693524,0.57331574,0.584108,0.5587541,0.5677177,0.5921205,0.58316004,0.58375585,0.56964415,0.5665444,0.58576685,0.57332903,0.56544435,0.59243524,0.5762401,0.56679344,0.5913789,0.5728692,0.5735359,0.5840143,0.5931967,0.5848477,0.577945,0.581559,0.5713894,0.5763671,0.591629,0.5818265,0.5826185,0.5755951,0.5720196,0.5772252,0.5761715,0.58456105,0.5956552,0.581462,0.5904353,0.5657311,0.5802432,0.5822042,0.57387996,0.57182765,0.5739549,0.5805626,0.57646686,0.5891685,0.57684445,0.57213485,0.5818987,0.5841224,0.5760925,0.5831859,0.57948303,0.5748435,0.5756875,0.5685996,0.57337075,0.5835887,0.57094353,0.57900083,0.57240695,0.56411636,0.5675476,0.59037125,0.5834744,0.5552726,0.5973459,0.6024865,0.5736926,0.594139,0.58249235,0.5590779,0.56983936,0.5806979,0.58905035,0.57036453,0.5605135,0.5651745,0.56786555,0.5636351,0.5843596,0.5990727,0.5762049,0.5780616,0.5680355,0.57897,0.5706405,0.5743084,0.57434154,0.5768777,0.5673101,0.58088475,0.5742581,0.5711622,0.5685484,0.57118237,0.57694316,0.564861,0.5759248,0.5814178,0.57420456,0.5930719,0.59320396,0.5713237,0.57773185,0.57874787,0.58049226,0.5809837,0.5807548,0.57899415,0.57554513,0.5852385,0.5757156,0.58710146,0.5711004,0.58267266,0.59166604,0.5688014,0.58676285,0.5792884,0.55863917,0.59773403,0.57710147,0.58031124,0.5727399,0.58365417,0.5790598,0.5810571,0.5692801,0.57510215,0.56734556,0.5865585,0.5842828,0.58553815,0.57878906,0.58481854,0.5723937,0.597021,0.58960956,0.556784,0.5824143,0.5768256,0.58130455,0.5653474,0.5684978,0.5998571,0.5886623,0.5895135,0.5905971,0.58290195,0.5713037,0.5852395,0.5813994,0.59762204,0.5769618,0.58157915,0.5863711,0.5816368,0.57132405,0.58588195,0.5740712,0.5851036,0.5648813,0.5853322,0.57943565,0.59455675,0.5805824,0.58144855,0.60085726,0.57855916,0.5768527,0.58781135,0.56419396,0.57555556,0.6035278,0.5782817,0.57963336,0.59154105,0.56180197,0.5928093,0.5853026,0.5783759,0.5902557,0.5526649,0.5700502,0.58223844,0.58380586,0.5767283,0.5803475,0.5780942,0.560072,0.5860714,0.58848554,0.5820659,0.58516574,0.5818212,0.57061964,0.582746,0.5850708,0.5941322,0.5679753,0.58158493,0.5751779,0.5725073,0.5779032,0.5825138,0.57764006,0.5752779,0.5796185,0.57625985,0.5749519,0.58273846,0.5837424,0.58199084,0.5691506,0.5787049,0.5728555,0.5921601,0.5693252,0.5850974,0.5804518,0.57050896,0.5878979,0.5812689,0.57260364,0.5888583,0.58304775,0.5837857,0.57895535,0.57983613,0.5797016,0.5759943,0.57806855,0.57584643,0.58049273,0.5671816,0.57840085,0.588778,0.5902453,0.577011,0.5686621,0.58248585,0.5768657,0.5782103,0.5780974,0.56310916,0.5683055,0.5761782,0.56825995,0.56863767,0.5809562,0.5897039,0.5903921,0.57014155,0.5694092,0.59527844,0.5851147,0.58858186,0.5733791,0.58166873,0.5851327,0.5817704,0.58190817,0.56886685,0.5937838,0.5837656,0.5692688,0.58759767,0.5800143,0.5592672,0.54683,0.59151495,0.5881147,0.5857434,0.58806413,0.57403433,0.6026629,0.58181995,0.56810594,0.5634974,0.591861,0.5769757,0.5962852,0.56415665,0.57321703,0.5800636,0.5739349,0.57630503,0.58161676,0.5757644,0.57703716,0.5852215,0.5893142,0.57519686,0.5752463,0.59115815,0.58719015,0.57911897,0.578341,0.5821391,0.5623169,0.5734926,0.5877813,0.5811423,0.58713686,0.5629587,0.57968915,0.56145835,0.56854343,0.569184,0.5814047,0.59699214,0.5745306,0.5635321,0.5840984,0.5804138,0.585209,0.5621178,0.5765241,0.5739998,0.575852,0.5871601,0.5645506,0.5649313,0.57907516,0.57804465,0.61089635,0.59767556,0.5880602,0.5733881,0.582862,0.59338343,0.5600574,0.5710457,0.5871773,0.57340336,0.58404326,0.58936137,0.56933725,0.5858016,0.57198447,0.5765933,0.5602708,0.5601894,0.5670976,0.57444066,0.5862229,0.5812467,0.576992,0.5716193,0.5712166,0.5654773,0.5688353,0.573869,0.58460283,0.58258075,0.5827947,0.57268864,0.58567804,0.5902935,0.58204997,0.5743213,0.5802886,0.5705561,0.5684296,0.5880358,0.574368,0.5715069,0.579932,0.5797148,0.5618211,0.592366,0.59342384,0.58651596,0.59340817,0.57182634,0.5869739,0.5760732,0.5813002,0.5818347,0.5704806,0.57111114,0.5809704,0.57189465,0.559692,0.5847831,0.5877281,0.576308,0.5911954,0.56163365,0.5769773,0.5749534,0.58468133,0.560606,0.57689357,0.5780594,0.5800427,0.58063084,0.5810692,0.5795013,0.5814795,0.5781034,0.59806275,0.5868331,0.5800296,0.58622026,0.5780202,0.58161837,0.6017348,0.5871988,0.5677194,0.58232963,0.57612634,0.5851056,0.56774884,0.57862866,0.5831018,0.5694526,0.5883929,0.58426666,0.58178127,0.5575634,0.57375324,0.57978684,0.5786772,0.57841706,0.5702651,0.57642615,0.59856534,0.5849326,0.581726,0.58406085,0.5691934,0.5784764,0.5815513,0.57757926,0.58627665,0.57184124,0.5577657,0.57926726,0.57536227,0.56121475,0.5816692,0.5677424,0.5922922,0.58024055,0.57827544,0.5748042,0.5689016,0.5848428,0.58899033,0.57979786,0.5818531,0.5845268,0.5848509,0.5741232,0.5771669,0.568675,0.5788308,0.57194763,0.5842557,0.5706588,0.5900246,0.5877089,0.5832031,0.58375657,0.56362027,0.581372,0.58388424,0.5807454,0.58966833,0.5786653,0.579397,0.5985413,0.58429617,0.57612044,0.5837264,0.5691368,0.58531773,0.59599155,0.57874244,0.5649351,0.57649887,0.5707467,0.57087636,0.5738849,0.5837695,0.5654733,0.5800668,0.58831555,0.5654804,0.5945032,0.56056464,0.57821566,0.5897561,0.58701044,0.5822065,0.57715327,0.5895359,0.58053464,0.5794142,0.5934776,0.56869924,0.57679766,0.56981844,0.56548107,0.5716982,0.56596106,0.5733242,0.5769993,0.5640116,0.5780343,0.5828316,0.5730771,0.5950037,0.59331256,0.5694056,0.58345485,0.57388073,0.573998,0.5720752,0.60838807,0.5759169,0.58215517,0.5867853,0.5805484,0.5713157,0.5727922,0.5875027,0.5805495,0.5786751,0.577638,0.587947,0.5987493,0.57267183,0.56844,0.57378846,0.5798188,0.5812656,0.5946506,0.5681263,0.5759651,0.58925265,0.5919289,0.5939416,0.5855315,0.5874932,0.5853114,0.59385204,0.59633,0.59410626,0.57924104,0.5766423,0.5887564,0.5835936,0.5781279,0.58399284,0.5907335,0.56438494,0.5677366,0.55876094,0.58210534,0.57624763,0.56115896,0.58687425,0.56825906,0.5924446,0.57597667,0.57480216,0.5725536,0.5757175,0.59283036,0.5876397,0.5960262,0.59140205,0.5817145,0.5994208,0.5869179,0.58909756,0.58538795,0.5840833,0.5807071,0.58398324,0.59666383,0.57063043,0.57483906,0.5747688,0.5719155,0.5735271,0.5791336,0.58552974,0.5715341,0.5846863,0.58581364,0.59403485,0.58328503,0.5813677,0.57417923,0.5710451,0.57720697,0.5926025,0.5833857,0.58548194,0.5747153,0.5770006,0.58486015,0.56994075,0.573826,0.5835615,0.5772882,0.5781684,0.5831388,0.5853653,0.5833505,0.56817776,0.58118963,0.5502023,0.5941219,0.5744848,0.580277,0.5739665,0.58583826,0.5871896,0.57797235,0.5783574,0.5829299,0.5782044,0.55863166,0.5820587,0.5797165,0.57532537,0.5920425,0.597544,0.59491587,0.5951778,0.5764503,0.5695993,0.5821677,0.59022886,0.5842446,0.590836,0.580142,0.57046723,0.5730249,0.5721615,0.5918126,0.58092624,0.59196997,0.58781016,0.5708951,0.5837462,0.5619458,0.57301456,0.58910394,0.5807847,0.57196295,0.57584816,0.5980536,0.5838724,0.57308143,0.581495,0.5778824,0.5851857,0.57039285,0.57035184,0.57838535,0.5782049,0.58051425,0.5828236,0.58028436,0.5631827,0.5847952,0.5791163,0.5816192,0.58083814,0.57844776,0.5909356,0.5825406,0.5922371,0.58059925,0.57510793,0.5808908,0.57354176,0.58385134,0.5778885,0.5811732,0.59135705,0.5936981,0.56042343,0.586086,0.57667977,0.57946414,0.5791139,0.5756713,0.584226,0.5912279,0.57252544,0.5817051,0.58409834,0.5802489,0.593294,0.5886425,0.5657328,0.58457553,0.5823559,0.5805594,0.57360303,0.56049246,0.56233937,0.57683325,0.5796838,0.58040035,0.58058965,0.5796569,0.5924408,0.5732769,0.597624,0.59934545,0.5746427,0.57121927,0.56419325,0.5746331,0.5752887,0.57961607,0.5893753,0.586178,0.5784392,0.5946442,0.5688837,0.57290983,0.5809223,0.55967265,0.5765787,0.5750398,0.5578079,0.5870153,0.5808093,0.57453775,0.5788168,0.5726188,0.58706814,0.5690067,0.5853761,0.5550281,0.56729853,0.5821579,0.56623536,0.5819609,0.575801,0.59615093,0.5929107,0.5844827,0.58852655,0.5756275,0.59727216,0.58049965,0.58077574,0.58645606,0.57439137,0.5657138,0.5699698,0.5763316,0.59273106,0.5832865,0.57531947,0.57444185,0.56998146,0.5825917,0.5665192,0.58503205,0.57752824,0.57504207,0.58335555,0.58915305,0.59121907,0.56699425,0.58475125,0.5753407,0.58406097,0.5696773,0.5547283,0.5587337,0.5767522,0.55958605,0.5655324,0.5760799,0.58762336,0.57260346,0.577064,0.5813211,0.57326394,0.57779956,0.5892989,0.5937872,0.5800862,0.5707274,0.5600437,0.56940246,0.59243286,0.58876956,0.58329916,0.5703714,0.5743652,0.57929206,0.5684712,0.57025,0.5849355,0.5674813,0.5814506,0.5912201,0.58340895,0.587519,0.56373286,0.5725336,0.58176565,0.5767684,0.57389677,0.5773216,0.59327483,0.5798727,0.56943226,0.5894166,0.57164174,0.5882228,0.57655543,0.5744503,0.56009275,0.5864793,0.55554473,0.58815217,0.5731414,0.58201265,0.5877689,0.56900716,0.5885283,0.5859623,0.5866667,0.5652248,0.5766338,0.5854142,0.5817093,0.5935193,0.5745065,0.5659376,0.574849,0.5896054,0.5911223,0.59295356,0.5619296,0.5747508,0.58187944,0.5842043,0.5767003,0.56046075,0.5888122,0.57530016,0.5861656,0.5779255,0.5788372,0.5743233,0.57659227,0.57520884,0.59180903,0.5706796,0.5906602,0.5718553,0.590505,0.57256436,0.59157246,0.58030975,0.58619344,0.57857,0.58747554,0.57905084,0.595275,0.5652906,0.5800933,0.5782839,0.57291794,0.587852,0.57937926,0.59028006,0.5864265,0.5760942,0.58587354,0.5868894,0.57375383,0.5849191,0.5922404,0.5849879,0.57746094,0.5757091,0.57089293,0.57995135,0.58808166,0.5805778,0.5790853,0.6021294,0.5864052,0.57751393,0.5802427,0.58391947,0.57518584,0.5801951,0.5841826,0.5549816,0.58453643,0.5845865,0.56823343,0.57028365,0.5771808,0.5838216,0.5802458,0.57454175,0.5750263,0.5835854,0.5685139,0.5832705,0.570191,0.5791091,0.56071675,0.5880298,0.5714182,0.57662,0.58811635,0.5833171,0.5828721,0.5800151,0.57455933,0.57906234,0.56841505,0.58249044,0.59004015,0.56057644,0.57180065,0.58965564,0.5742609,0.59442425,0.5774572,0.5790445,0.5896792,0.59884435,0.5932083,0.5758902,0.5829411,0.5886617,0.5763917,0.5751525,0.55595654,0.57220715,0.5887639,0.5756427,0.5745199,0.58817244,0.5912722,0.58026767,0.5642457,0.57895213,0.5740706,0.5833598,0.5720182,0.57566375,0.5809716,0.5713116,0.57527363,0.5898399,0.5818961,0.58771956,0.57132584,0.57559824,0.5965995,0.5696128,0.5840119
0.61982,0.5999254,0.61657596,0.6036856,0.6061718,0.6120112,0.6136036,0.6118302,0.6259285,0.62103,0.61525625,0.5964483,0.6190678,0.6171507,0.61994135,0.6011184,0.6090637,0.6112345,0.5980323,0.6090041,0.6112292,0.61593485,0.608594,0.6178415,0.6130099,0.60375047,0.60299563,0.59380114,0.5832968,0.6166156,0.6097012,0.6186158,0.6146741,0.6192553,0.6169636,0.6194395,0.60777634,0.6167082,0.5883551,0.5856027,0.6245401,0.60490274,0.6066057,0.617356,0.61516976,0.60217184,0.6097198,0.6278059,0.6062707,0.60405135,0.6217037,0.6104343,0.6094527,0.6105568,0.62506694,0.61118376,0.60798657,0.6173247,0.6308625,0.61012053,0.6255396,0.6115407,0.6137068,0.6206243,0.60830724,0.60803336,0.6212027,0.62683797,0.6080343,0.6090405,0.60888845,0.60799116,0.6165065,0.6171733,0.6046381,0.6072064,0.6087694,0.60465854,0.6149512,0.6099796,0.6143634,0.62065893,0.6152691,0.60753524,0.61387676,0.60388446,0.60888284,0.6048689,0.5830578,0.61336106,0.6264557,0.6089014,0.5887938,0.629716,0.62680334,0.6045712,0.61592996,0.60330486,0.5955366,0.6062235,0.61510473,0.6249932,0.5958788,0.61110485,0.5970127,0.6073657,0.60977,0.6004451,0.63185966,0.61760974,0.6130151,0.5992867,0.62140423,0.60279286,0.62111276,0.6089973,0.5997102,0.6081239,0.61753076,0.62689483,0.60392916,0.6124965,0.6066782,0.5985645,0.60848355,0.6016236,0.6153388,0.6045877,0.5989465,0.61065143,0.6114542,0.61644053,0.5943105,0.5986344,0.6186312,0.61601853,0.601494,0.6062323,0.61489797,0.6145498,0.6123508,0.609934,0.6016823,0.5978551,0.5987406,0.60799366,0.60615385,0.6063518,0.6195867,0.60031915,0.59988356,0.61720264,0.61684036,0.6077394,0.6115549,0.6092701,0.61455727,0.6085712,0.6182486,0.60946625,0.60032046,0.6210666,0.61169595,0.6029013,0.62326944,0.6068742,0.5845975,0.6064505,0.6163127,0.62503326,0.59945196,0.6074271,0.6172333,0.62140644,0.60558397,0.6115139,0.6218177,0.5914322,0.60538006,0.6266097,0.6166758,0.60634965,0.62266326,0.6209737,0.6097405,0.5967421,0.62331563,0.6083774,0.6182418,0.6164949,0.6278284,0.6170426,0.63198376,0.61382115,0.6153235,0.60834837,0.6052092,0.6049616,0.6200176,0.6023542,0.60959935,0.62293357,0.61126035,0.6110868,0.6142276,0.60423183,0.62606275,0.62716544,0.60868067,0.6183819,0.59282887,0.60720205,0.5976319,0.6072547,0.6027297,0.61753535,0.59673584,0.6093556,0.6236554,0.61443335,0.61622226,0.61181736,0.6037429,0.61419123,0.6093955,0.6000633,0.61277515,0.6015878,0.6019924,0.604064,0.6027406,0.6147073,0.6175346,0.6245166,0.6063601,0.6097578,0.6286188,0.59995085,0.61804366,0.61158746,0.6115714,0.61977893,0.60513216,0.610739,0.6178708,0.6017231,0.6004456,0.61203635,0.60434556,0.61886877,0.61192036,0.61755973,0.609438,0.61323786,0.61501735,0.61024356,0.59912956,0.6189288,0.6081628,0.6292481,0.6069187,0.6201682,0.6066166,0.6232203,0.6047641,0.633504,0.59957457,0.6039792,0.6149359,0.6104208,0.6162514,0.6174686,0.61027265,0.59552604,0.60466146,0.614379,0.6165863,0.6057158,0.6056865,0.6189171,0.6147575,0.61877894,0.6289597,0.6338075,0.61689496,0.61053866,0.60715175,0.5910907,0.5988123,0.6238302,0.6138543,0.61100096,0.6053827,0.62939686,0.60938823,0.60623604,0.59867233,0.5899469,0.63923025,0.62720823,0.5990391,0.6123688,0.59899294,0.60839564,0.61831635,0.59451264,0.61133426,0.62838477,0.6053964,0.6084029,0.5967089,0.5993239,0.6112846,0.6035608,0.6056417,0.62599784,0.6115389,0.61048394,0.616794,0.6233217,0.6034447,0.6189022,0.59981656,0.61391836,0.6122051,0.6002913,0.6041892,0.6166502,0.60158443,0.61809677,0.60898554,0.5979142,0.6012956,0.6176387,0.60200787,0.60984385,0.603952,0.6115505,0.6007953,0.59843385,0.59821856,0.6133731,0.6150639,0.61522883,0.62030184,0.59268135,0.59768593,0.6006917,0.619583,0.6139699,0.6018965,0.6191484,0.61773014,0.6098372,0.6077775,0.6152059,0.5981477,0.6151861,0.6261867,0.5980989,0.60685426,0.61766046,0.5929339,0.620951,0.61064553,0.6105714,0.61526704,0.6058881,0.61044383,0.62423986,0.6070203,0.59265304,0.6107776,0.6037698,0.61295956,0.6031625,0.62124145,0.6035766,0.5951023,0.62145925,0.6197189,0.6042306,0.61070555,0.5989839,0.62111986,0.6071837,0.62081,0.6086409,0.62040675,0.61187404,0.6140118,0.5941247,0.604054,0.6102428,0.61298096,0.61868626,0.6188778,0.60757667,0.6148556,0.6182774,0.61018836,0.61276734,0.6206768,0.61559975,0.61003256,0.61374015,0.6059646,0.61216664,0.61775595,0.6178609,0.6096398,0.5994271,0.6203631,0.61040133,0.61917835,0.61983454,0.6052246,0.6069721,0.61221504,0.6050633,0.6116309,0.59483033,0.5996053,0.60842365,0.6146473,0.6027839,0.60410386,0.61438036,0.6168668,0.6315077,0.62110746,0.60605067,0.6140279,0.6164688,0.6101747,0.62123954,0.6171682,0.6027613,0.62862355,0.6056795,0.60292333,0.60053587,0.60345274,0.5915903,0.61464304,0.6118268,0.62481385,0.6181681,0.6037646,0.6172376,0.61946404,0.6226801,0.6074219,0.6255012,0.60457116,0.6186651,0.6093465,0.61066806,0.6286814,0.6183325,0.6029722,0.6282143,0.6072054,0.62377405,0.60973763,0.59807813,0.6030525,0.6202475,0.61531955,0.6113889,0.6189957,0.6150723,0.6052372,0.6087977,0.6129874,0.60600466,0.61339116,0.6046865,0.6027053,0.6178301,0.6126813,0.59010524,0.61352086,0.61245185,0.6042922,0.60125744,0.6101582,0.62287104,0.5973562,0.6188035,0.61433625,0.6279906,0.6235701,0.58376634,0.6203635,0.6172237,0.61301506,0.6176995,0.6148508,0.6048431,0.60982347,0.6186331,0.5994477,0.6075857,0.5944831,0.6000793,0.61684924,0.6066993,0.5995355,0.62070024,0.59899604,0.6005191,0.60531986,0.6160202,0.5991634,0.6054688,0.6148258,0.6086646,0.6158,0.6158337,0.5969994,0.6224675,0.62313604,0.6160043,0.5975984,0.6159163,0.6078873,0.6202747,0.6121761,0.6100723,0.6133353,0.60856795,0.60026854,0.61091715,0.59928507,0.60368645,0.60435975,0.6112124,0.60690075,0.61027807,0.6168086,0.62261873,0.6167584,0.60902053,0.6266173,0.6036661,0.5948927,0.61316746,0.6335167,0.6145005,0.6124888,0.6001326,0.6075382,0.61936784,0.610373,0.601916,0.6141448,0.6130068,0.6198119,0.6166745,0.6150922,0.59199136,0.6019061,0.5953175,0.60647625,0.6116885,0.6033543,0.61914796,0.6072807,0.6208237,0.60740995,0.6063718,0.6180534,0.6227666,0.6203868,0.62173283,0.6179032,0.6176102,0.6191438,0.59854805,0.609015,0.60824805,0.6111105,0.6146921,0.60640883,0.6063793,0.60339206,0.6024076,0.6133086,0.6175268,0.602323,0.5952487,0.5961095,0.62327594,0.62144595,0.6249484,0.6079835,0.6109214,0.6003067,0.6287409,0.6116382,0.61097246,0.6167806,0.6340435,0.61536324,0.62443894,0.5999363,0.60968405,0.6175665,0.6105954,0.616949,0.6153382,0.6160756,0.62852126,0.6073738,0.6062562,0.6206752,0.62212825,0.6106614,0.59798867,0.61403275,0.6250429,0.6178436,0.6144809,0.6053063,0.60857534,0.605779,0.61368287,0.60494244,0.6205191,0.6125658,0.61590403,0.6116301,0.6169927,0.60755116,0.59446234,0.606094,0.6132885,0.619647,0.62017375,0.5944955,0.60015666,0.5986342,0.61315906,0.60381556,0.5950152,0.619312,0.60714287,0.62589514,0.62178665,0.5966325,0.59107476,0.61691797,0.607452,0.59364825,0.62005407,0.60183233,0.5928021,0.6321373,0.6140183,0.61170167,0.6142976,0.6189431,0.6075595,0.6196689,0.60914105,0.6105247,0.61298555,0.6187896,0.60029966,0.6023131,0.59988236,0.6114946,0.6162919,0.61170375,0.6099379,0.5971684,0.6067836,0.5990366,0.6218247,0.62164366,0.6028855,0.6229214,0.6044132,0.6305589,0.59677076,0.6126999,0.6218631,0.5924114,0.60100114,0.61808014,0.5991218,0.6011158,0.61347497,0.615208,0.61485267,0.5994312,0.6132634,0.61179405,0.59392107,0.593609,0.61287194,0.6016675,0.61787367,0.6183817,0.6095886,0.6096715,0.61559904,0.62489927,0.60884434,0.6202535,0.61505514,0.6105976,0.6060868,0.6244122,0.6048073,0.607277,0.62104404,0.6260021,0.60942,0.59427065,0.60880715,0.610808,0.61543775,0.6110477,0.6039967,0.6261567,0.58936054,0.6160037,0.6088682,0.61947984,0.61342144,0.60883564,0.61020464,0.5966184,0.624803,0.6118839,0.59390235,0.60823625,0.60566086,0.62575215,0.60791206,0.6198417,0.60661834,0.61057365,0.6109577,0.6109292,0.59141546,0.62270135,0.6075484,0.6091874,0.6022021,0.60122913,0.61125994,0.60168916,0.62543464,0.61918515,0.6209157,0.59976274,0.62133205,0.61522156,0.61300874,0.6052945,0.6069645,0.610172,0.6105639,0.60653716,0.60760236,0.60745275,0.62322223,0.60187614,0.59344256,0.6129705,0.6016221,0.6071708,0.60744923,0.6191378,0.618248,0.61879444,0.6145245,0.6130635,0.6151352,0.62653583,0.6112245,0.61039895,0.6081555,0.60227394,0.6181334,0.6088544,0.61064214,0.62180275,0.60235226,0.5960771,0.6036399,0.6285272,0.5845664,0.6049167,0.6046443,0.6168221,0.6229468,0.5918556,0.60172814,0.6128648,0.6075228,0.6112056,0.6067985,0.6117154,0.6005343,0.6109194,0.6097194,0.6005043,0.6112703,0.6116785,0.6059467,0.6120729,0.5940568,0.6149484,0.5972866,0.61808795,0.6134288,0.6054804,0.6041302,0.6118551,0.59913784,0.6125639,0.6146045,0.62262374,0.6228945,0.6252138,0.60292405,0.612978,0.6183842,0.6033099,0.61674225,0.60928273,0.6231093,0.60249555,0.620283,0.6308292,0.5830925,0.6123867,0.6064038,0.6117546,0.6046817,0.5921955,0.6155123,0.61799824,0.6049084,0.62187254,0.6187084,0.59846115,0.60432184,0.5993567,0.5938966,0.6234738,0.6029522,0.6284283,0.60545534,0.6088671,0.5992927,0.59495515,0.6223645,0.6291988,0.6104542,0.57504475,0.6109767,0.6096314,0.61459637,0.6142705,0.6091004,0.6083267,0.5912577,0.6095363,0.60524535,0.61014754,0.6058073,0.61180323,0.5931281,0.61796427,0.5971734,0.6097737,0.59839785,0.6145313,0.6124386,0.6078962,0.60834366,0.610337,0.6070493,0.60496384,0.6187774,0.60441977,0.6059362,0.61857843,0.60708934,0.59350663,0.623198,0.61162513,0.6244203,0.62074655,0.6124067,0.595307,0.6240776,0.60291046,0.6190699,0.5892441,0.61536884,0.6162204,0.60947245,0.61311185,0.6211637,0.6184411,0.6212701,0.61124855,0.6038126,0.6131625,0.6178347,0.6044275,0.6049975,0.6131938,0.60738844,0.6084325,0.6047733,0.6148642,0.6007567,0.6274507,0.6076202,0.62000364,0.60965836,0.6080911,0.61590713,0.61837626,0.6078743,0.6136583,0.62279385,0.6070057,0.5924734,0.61871237,0.6217076,0.6175905,0.5939447,0.6110776,0.6102822,0.61322564,0.62029326,0.60532963,0.60815203,0.6162827,0.60442364,0.6056173,0.61434734,0.6146413,0.5938012,0.6170508,0.6244197,0.6145478,0.61089754,0.6116356,0.5951144,0.59320194,0.6065751,0.60371715,0.59847116,0.61681545,0.60518205,0.6087939,0.6219134,0.6077689,0.5975084,0.61252743,0.61192286,0.61578995,0.61529124,0.61474985,0.6088657,0.6201378,0.60805213,0.62396073,0.5991668,0.610106,0.61500365,0.61558044,0.61348873,0.60208136,0.61248916,0.6059283,0.6096976,0.61641014,0.60905457,0.61761606,0.6096508,0.6137311,0.6132217,0.6072028,0.6081088,0.61939484,0.60432404,0.6021068,0.62078375,0.60068315,0.59233433
0.9510592,0.9549167,0.9403112,0.9500984,0.9441342,0.9383936,0.96156424,0.958518,0.96343213,0.9569458,0.9484364,0.95964634,0.96430635,0.95909,0.9543656,0.9482138,0.94914496,0.9529559,0.9535417,0.95349586,0.97546947,0.9554292,0.9616981,0.9548349,0.9585588,0.9425036,0.9382189,0.9459142,0.9512836,0.96028364,0.9608279,0.9615499,0.96353096,0.9567317,0.96082383,0.9462941,0.9614555,0.97241014,0.96479017,0.94225705,0.96377534,0.95481515,0.9708308,0.96930146,0.9617375,0.9418407,0.95789975,0.94415075,0.9342648,0.94667053,0.9486908,0.9658271,0.9485956,0.9666333,0.951284,0.9620803,0.95621014,0.94742686,0.96060884,0.9377803,0.9566442,0.9701443,0.9496073,0.9508724,0.9307574,0.96585816,0.9673559,0.97227484,0.9577654,0.95049256,0.9492686,0.9503452,0.94110316,0.9449185,0.9674476,0.95672274,0.9447466,0.93364704,0.96425563,0.9536603,0.9488684,0.95490307,0.9498739,0.9490807,0.94123256,0.9413639,0.95335376,0.9763115,0.94326204,0.95052177,0.95113945,0.970052,0.95752406,0.95774984,0.9675756,0.94435936,0.959549,0.962187,0.9481355,0.9719479,0.94752157,0.94592816,0.9428479,0.95019174,0.93253785,0.9546277,0.9566421,0.954149,0.9511382,0.96883506,0.95291066,0.94484437,0.9488609,0.9487077,0.9498052,0.9511318,0.96597004,0.9539856,0.94548374,0.97296417,0.9493768,0.9790883,0.96688724,0.9687555,0.94648457,0.9581389,0.94490874,0.95154995,0.949874,0.95760417,0.9389819,0.9584799,0.94103837,0.95782286,0.94469786,0.9512399,0.9500543,0.94504964,0.9422513,0.9488456,0.946573,0.94912815,0.9713179,0.9533696,0.95158064,0.9523917,0.94891196,0.96129006,0.9501182,0.96185493,0.94388545,0.95804095,0.9564345,0.9346496,0.961675,0.9437348,0.95949537,0.9595226,0.9412322,0.94932365,0.9470335,0.95406306,0.93894386,0.95032275,0.94715214,0.94477195,0.937026,0.9721304,0.9505872,0.96205056,0.93685293,0.94307804,0.9692433,0.9304411,0.93100345,0.95192385,0.9532497,0.96699744,0.95650125,0.9533577,0.9561557,0.9503599,0.9501807,0.96174455,0.9558232,0.97465014,0.9645187,0.9588237,0.95013684,0.9496608,0.9580914,0.95496845,0.96841073,0.9582428,0.9591292,0.95962733,0.94635975,0.9499222,0.9518318,0.9573819,0.97618777,0.9585103,0.9471324,0.9573118,0.9543506,0.9631874,0.95442885,0.98991925,0.9533953,0.9483999,0.9586889,0.95193434,0.95298994,0.9372519,0.9536667,0.9627965,0.96015865,0.9513004,0.95625544,0.9658958,0.97444415,0.9616549,0.94899404,0.9418385,0.9561171,0.94731665,0.96997875,0.9639638,0.9529756,0.956685,0.9600466,0.95597446,0.9547423,0.9612534,0.9539961,0.9560664,0.9531201,0.9576583,0.96975595,0.9494732,0.9505839,0.96512526,0.93733925,0.95239824,0.945028,0.9552966,0.9469805,0.9593079,0.9705707,0.9640912,0.9504185,0.9631749,0.95549077,0.96126163,0.9567373,0.95626754,0.96973324,0.95580477,0.9545282,0.95199925,0.9562811,0.9582785,0.9452219,0.9611225,0.95446014,0.9691819,0.9667142,0.9483018,0.95440304,0.96092373,0.9526962,0.963819,0.9443847,0.9486516,0.95347553,0.9362301,0.9444944,0.94882894,0.9377616,0.9613328,0.96705204,0.95391995,0.93753064,0.9544407,0.9479416,0.95233953,0.9695676,0.94572884,0.94526035,0.957931,0.94608146,0.9551721,0.9381255,0.95922184,0.953772,0.9506209,0.9347316,0.94223416,0.9678897,0.9541413,0.945193,0.9574621,0.94263476,0.9723003,0.96301365,0.96965855,0.9636993,0.9621273,0.9495414,0.95930153,0.94965327,0.9349863,0.9575827,0.9457375,0.96907294,0.9807238,0.96250325,0.9526324,0.9723454,0.9476039,0.9452652,0.94286793,0.95036227,0.94626117,0.9569544,0.93918097,0.9466126,0.9519624,0.95815754,0.95033836,0.9569361,0.96311545,0.9500646,0.9625297,0.94385636,0.9527004,0.9563002,0.95878565,0.94247127,0.9358306,0.9444974,0.95073014,0.95194316,0.95580304,0.9678475,0.9514143,0.9476723,0.9474966,0.96782845,0.9590333,0.94279796,0.945834,0.963359,0.95130855,0.96218336,0.9642814,0.9412802,0.94231427,0.96003723,0.9600062,0.94065624,0.9527978,0.95420516,0.95717394,0.9546553,0.9719897,0.95555615,0.95501435,0.94588834,0.9523771,0.9574065,0.9396372,0.96806747,0.96281147,0.9568848,0.9419941,0.9546814,0.9438409,0.95094824,0.95180243,0.95186186,0.95129144,0.95868015,0.95748353,0.96454626,0.9455161,0.9529773,0.9337784,0.9677525,0.9513515,0.95738405,0.94106287,0.9378815,0.93983513,0.9484232,0.9466849,0.96017116,0.95158315,0.96669847,0.9557219,0.9496616,0.96660274,0.972033,0.96690893,0.9616217,0.9371122,0.95431644,0.95541537,0.9559859,0.962198,0.94017786,0.9521448,0.95694345,0.94794625,0.95572567,0.9781534,0.95726556,0.9620993,0.94918555,0.9492987,0.9480323,0.94157183,0.95995986,0.96132386,0.9393276,0.9514544,0.954537,0.94591564,0.9389007,0.9717519,0.9432405,0.9436915,0.94998425,0.96513027,0.9424615,0.97118235,0.96517175,0.96750647,0.9613338,0.95702827,0.9279427,0.960526,0.9508349,0.9412322,0.95786214,0.9426181,0.9531685,0.97034657,0.9469211,0.9449204,0.96268,0.9783906,0.9495602,0.9602707,0.9565354,0.9564361,0.94686216,0.9606832,0.95527554,0.94309443,0.9605097,0.96986544,0.9409689,0.9432583,0.9629593,0.94711983,0.9488825,0.95494086,0.9556447,0.9417474,0.9434179,0.9703749,0.9517999,0.9401248,0.9507982,0.9480648,0.9819405,0.9536997,0.9511607,0.9503607,0.9577665,0.9636376,0.9730445,0.9583859,0.9461161,0.9468108,0.9451019,0.9693031,0.94647074,0.95465523,0.9649404,0.9510661,0.9461856,0.9625109,0.9577626,0.95696855,0.9593405,0.960064,0.948065,0.9550339,0.9509146,0.96027666,0.9500289,0.955623,0.9621049,0.9368205,0.96603787,0.96354085,0.9561293,0.95234716,0.9481177,0.9749196,0.94703513,0.94684744,0.9537472,0.95718014,0.94444466,0.95158505,0.95736885,0.9600754,0.9452416,0.9423041,0.96647483,0.9505266,0.946915,0.95472956,0.9473136,0.9515615,0.9662083,0.9546491,0.95283186,0.9675665,0.9450742,0.9489884,0.9568513,0.94821227,0.9521311,0.9634723,0.96227276,0.9615957,0.94652337,0.9583522,0.9473027,0.9653552,0.95525664,0.9412792,0.9648689,0.9552677,0.9576293,0.97297984,0.94993466,0.9569638,0.9629266,0.96338636,0.96188235,0.95544976,0.9354153,0.94121695,0.94137686,0.961902,0.9532786,0.9452409,0.9517122,0.9504186,0.958399,0.9573398,0.9528141,0.9406575,0.9464387,0.97843647,0.96172065,0.9428549,0.95796734,0.9477132,0.9649298,0.9338843,0.9657907,0.96412975,0.9569873,0.9495808,0.9610239,0.9585495,0.9586304,0.9533662,0.94617933,0.95159394,0.9399333,0.96256536,0.959786,0.95636827,0.94266367,0.9567767,0.95884997,0.96386695,0.948621,0.9390347,0.9549753,0.94226825,0.95784855,0.938545,0.9539282,0.9325186,0.95152664,0.95175487,0.965173,0.94711393,0.9532421,0.95471746,0.9490021,0.9537746,0.9554778,0.9563172,0.95443183,0.94488704,0.97024435,0.9502561,0.9687334,0.96061265,0.96735895,0.94825965,0.95386904,0.9515293,0.9759763,0.9571628,0.94727635,0.95049214,0.9441125,0.96472114,0.97084624,0.9522409,0.964626,0.9483124,0.95772517,0.9534272,0.9595224,0.95027256,0.94350445,0.95185494,0.95052373,0.94915175,0.9560442,0.9393059,0.9450298,0.9629979,0.95056677,0.9509503,0.96146727,0.9512842,0.9583313,0.9611224,0.9453587,0.948402,0.9440195,0.9670379,0.95856553,0.95607656,0.94942385,0.94046044,0.9631711,0.95230293,0.9554768,0.9511401,0.94886297,0.9395362,0.9681137,0.96148676,0.9605645,0.9570353,0.9617858,0.9577639,0.9705366,0.94341516,0.96533674,0.9643769,0.95816606,0.9544516,0.93574256,0.9691984,0.96252424,0.9684832,0.96799135,0.9470475,0.96863997,0.947417,0.9773105,0.96749943,0.9562981,0.95086235,0.95693576,0.95492685,0.9525671,0.95588773,0.9490268,0.9572432,0.9457602,0.9459157,0.94403577,0.9486285,0.9679525,0.9328326,0.94835794,0.94805837,0.94658434,0.94557405,0.96155095,0.95045733,0.9420277,0.96063286,0.9717188,0.9500846,0.95052946,0.9681943,0.9496009,0.95412636,0.95609576,0.9635931,0.9373553,0.9402159,0.9441542,0.9472011,0.97290975,0.9464714,0.9484604,0.9536365,0.9685143,0.9379521,0.96497613,0.94494224,0.95099366,0.9572606,0.97860146,0.95218974,0.96663857,0.93527186,0.94988364,0.9472504,0.95383096,0.95264876,0.9400543,0.93508744,0.95409924,0.967949,0.9561338,0.9670466,0.94872695,0.9350779,0.94590324,0.95062906,0.9640686,0.94381654,0.95848095,0.96301395,0.9517435,0.9595932,0.95190525,0.959496,0.9488967,0.96217364,0.96399003,0.9562695,0.953168,0.9456894,0.96570444,0.9443806,0.96273226,0.9339362,0.9526139,0.96405244,0.9594244,0.96805876,0.9677125,0.9506639,0.95373166,0.9507469,0.97118396,0.947855,0.9510227,0.9481534,0.9447331,0.9526318,0.9441097,0.960443,0.955132,0.95624894,0.95163816,0.95196784,0.9612628,0.95147276,0.95576954,0.9441388,0.95784324,0.9479826,0.9419298,0.9514402,0.9570822,0.94451916,0.949654,0.961265,0.94592327,0.9437024,0.9481588,0.94179475,0.969679,0.96138424,0.9450898,0.9583198,0.95526797,0.95601255,0.949563,0.95442724,0.93363446,0.9424779,0.9527898,0.9641021,0.95988524,0.9609919,0.9663919,0.9464595,0.9611135,0.9298625,0.9509461,0.9480942,0.9600387,0.9664615,0.95853966,0.9547683,0.9414158,0.94219935,0.9482005,0.93096155,0.949263,0.9489211,0.9492931,0.94513476,0.953924,0.9595666,0.9401504,0.95588446,0.95494294,0.92869943,0.9527907,0.9484904,0.9513656,0.9596532,0.9531051,0.96159124,0.9532366,0.94532263,0.96109897,0.9583606,0.94776213,0.957822,0.9381818,0.9522773,0.93570125,0.94681054,0.9528285,0.95853853,0.9642817,0.97064173,0.96466047,0.952306,0.9534337,0.9562493,0.9727489,0.9623481,0.94222695,0.9607788,0.958031,0.9503484,0.94171804,0.9310049,0.97369176,0.9456789,0.94330937,0.9470056,0.96428835,0.9453941,0.9560213,0.9385252,0.94184506,0.9559738,0.9564425,0.9769652,0.94520193,0.93290573,0.94564414,0.9493188,0.95084375,0.9565783,0.9599295,0.944635,0.95247096,0.95428956,0.95250696,0.9567659,0.96249974,0.94981253,0.95003283,0.9547841,0.9623421,0.96079177,0.9603799,0.95389074,0.9581946,0.9730319,0.957126,0.93425477,0.9638252,0.9666713,0.95944494,0.96369094,0.9572316,0.96073085,0.9524854,0.95081955,0.95117134,0.93361473,0.95245457,0.95217335,0.96502626,0.93966764,0.9492657,0.94949013,0.95591074,0.9355267,0.9674176,0.94301426,0.9622404,0.96254766,0.9599557,0.9562003,0.95826185,0.9444731,0.9549505,0.9546764,0.945898,0.9601191,0.94661367,0.9281184,0.9511647,0.9455551,0.9507068,0.9557346,0.9304523,0.9442965,0.9638746,0.9647811,0.9489766,0.9670426,0.9417438,0.95886064,0.9462964,0.97433877,0.96001965,0.9606663,0.9570955,0.951127,0.9545222,0.9555638,0.9475591,0.9535631,0.9641301,0.9446032,0.9513341,0.95155084,0.9451586,0.9570111,0.9514327,0.9490431,0.97197515,0.95701224,0.94946426,0.96133196,0.93188906,0.9522332,0.96131665,0.9575925,0.9545243,0.95358473,0.9769108,0.9588779,0.9491841,0.9551686,0.955554,0.9391367,0.95637757,0.947489,0.94061637,0.9584533,0.94550276,0.94241273,0.93684757,0.9639639,0.94683236,0.957972,0.9576745,0.9441117,0.94871914,0.95210314
0.7669871,0.7654051,0.7566192,0.74638945,0.7606647,0.7314744,0.75524116,0.76886535,0.7638618,0.7704798,0.73855305,0.7572798,0.7745296,0.7521507,0.76931655,0.74677765,0.7495132,0.74813855,0.77144253,0.74735045,0.7650975,0.7653894,0.77114314,0.769588,0.7643582,0.76495546,0.7701876,0.7620262,0.73903996,0.7579878,0.7741919,0.76080805,0.7630251,0.751755,0.76615584,0.7519352,0.76897484,0.7573852,0.7617461,0.7541129,0.76473755,0.757207,0.7770657,0.76289964,0.7617235,0.7556784,0.7419123,0.75043666,0.7477292,0.7622277,0.757558,0.76479805,0.7480181,0.7612784,0.76031476,0.7657397,0.7620763,0.76522124,0.7814687,0.7628452,0.7566176,0.76111656,0.76525164,0.74984324,0.7490279,0.7610565,0.7584342,0.7735271,0.75301087,0.7475165,0.7494932,0.74676484,0.75223523,0.7469925,0.77088475,0.7574023,0.75968564,0.74651605,0.7726539,0.761589,0.75248134,0.7685523,0.75789505,0.7713119,0.74256724,0.7529561,0.7577001,0.7667578,0.7525131,0.75943327,0.76181215,0.7714716,0.76111597,0.75687134,0.75401187,0.74771506,0.76537216,0.7603406,0.74445546,0.7640075,0.74635947,0.7580919,0.7473562,0.76826173,0.74280316,0.77579975,0.7641951,0.755804,0.7691396,0.7598127,0.7631343,0.74197525,0.7461785,0.74463874,0.741251,0.7670345,0.75590605,0.7567311,0.7506988,0.7696997,0.7555754,0.7774053,0.7548048,0.76499313,0.7457248,0.7567042,0.7702121,0.7389275,0.75035,0.7638751,0.75590295,0.76122147,0.7323323,0.7523202,0.74920696,0.75498843,0.7595629,0.7516373,0.7585084,0.7561332,0.75574046,0.7582365,0.7568265,0.7586891,0.7539303,0.7720576,0.75599337,0.76938635,0.76866734,0.7633614,0.7628216,0.7614915,0.7621268,0.74943143,0.75789756,0.7598816,0.76123536,0.7564651,0.7532836,0.7465507,0.7548298,0.76558363,0.7426819,0.74364054,0.75021297,0.751493,0.7383623,0.7631902,0.7383162,0.761217,0.7347147,0.73977333,0.78039104,0.7537584,0.7502531,0.76799774,0.7527174,0.767781,0.7766963,0.77143335,0.7695675,0.7699429,0.74680763,0.75824463,0.7517542,0.7515447,0.76299655,0.7684723,0.7608726,0.75155944,0.7556387,0.7529468,0.7687407,0.75459284,0.75786674,0.75400543,0.7522129,0.74871933,0.77023005,0.75835514,0.7680345,0.7559902,0.7598474,0.76276195,0.75968015,0.7543007,0.7563043,0.7615479,0.74793506,0.7700174,0.75842786,0.7560397,0.75148195,0.7390212,0.73714435,0.7629815,0.7481524,0.7515016,0.76492923,0.7656033,0.7699737,0.75606406,0.7385268,0.74224985,0.7629929,0.75044876,0.7621115,0.75309336,0.7545476,0.75977695,0.75977457,0.75251245,0.7592957,0.7432187,0.7625173,0.76162946,0.7656898,0.76707506,0.77267593,0.7599972,0.7520819,0.75914156,0.7590947,0.7584808,0.74047005,0.7480872,0.7578505,0.76177293,0.77012885,0.7656248,0.7673018,0.7583847,0.74946463,0.76658714,0.76561135,0.7662776,0.7578995,0.7604208,0.7603,0.76559144,0.75254756,0.7531706,0.7493673,0.7788939,0.7542807,0.7572637,0.7703367,0.75873786,0.7676285,0.76924443,0.76175183,0.77165204,0.7489829,0.7510745,0.7564956,0.7618841,0.74907,0.7575814,0.74081343,0.75333166,0.7648031,0.77305967,0.758157,0.7714317,0.7463199,0.7501211,0.7770239,0.7494116,0.7490205,0.7601962,0.7479332,0.754271,0.7485033,0.75929654,0.76026356,0.75657797,0.74331784,0.7440513,0.76384884,0.7593837,0.7580273,0.7522484,0.7539046,0.75844663,0.7650497,0.7571952,0.76911265,0.75415033,0.754671,0.7447937,0.7497081,0.74670136,0.7747727,0.77205366,0.7785589,0.76561755,0.7628808,0.75168365,0.76443595,0.7548754,0.75408155,0.7657876,0.76068807,0.7553227,0.75249565,0.753603,0.7583057,0.7526052,0.7627209,0.7477818,0.77367127,0.76949567,0.7471046,0.7602066,0.7516715,0.7710285,0.7544543,0.75750345,0.7495654,0.75439316,0.7557743,0.7617572,0.76418823,0.74087614,0.7591606,0.74846315,0.75037444,0.75866747,0.7716516,0.76098365,0.7434425,0.7522597,0.75731903,0.7639783,0.7661469,0.75982016,0.73894155,0.7520682,0.78586507,0.7656012,0.7626024,0.75874335,0.7529143,0.75298893,0.75967187,0.7689107,0.763126,0.75087744,0.74407136,0.77700555,0.76359546,0.7383447,0.7620675,0.7625376,0.77030843,0.7621281,0.76896864,0.76294476,0.7657648,0.7656773,0.77430844,0.76529133,0.7582916,0.767709,0.7438043,0.7665855,0.74989325,0.755875,0.7637141,0.74784553,0.773542,0.76182914,0.7522512,0.7695932,0.7511786,0.7627371,0.7591178,0.7440896,0.7591911,0.7434639,0.7607691,0.7740888,0.7656982,0.76470995,0.7704026,0.7473309,0.7607813,0.7511235,0.76895326,0.77690256,0.7528024,0.74012995,0.76146215,0.7546954,0.77097833,0.7745192,0.77983296,0.76153517,0.75726,0.74450874,0.759294,0.7531792,0.7610817,0.7516271,0.75165194,0.7565507,0.7512258,0.748109,0.7515066,0.77588564,0.7552331,0.7515243,0.7498213,0.76522607,0.74759394,0.77791643,0.7702808,0.76527125,0.7759879,0.7729425,0.75617546,0.76335144,0.74457395,0.7423344,0.74981135,0.76044995,0.76461375,0.7671571,0.7530039,0.7477017,0.7585467,0.7527768,0.7550973,0.77515715,0.75982976,0.7676796,0.76936316,0.74857384,0.7563088,0.75948644,0.751791,0.77416265,0.75275046,0.7571146,0.7628765,0.74647003,0.7491382,0.7503823,0.7503116,0.7527187,0.7482153,0.7707107,0.73732764,0.7563336,0.75053984,0.7478544,0.764745,0.7693173,0.7568689,0.75925195,0.74627095,0.76000744,0.77440906,0.7585659,0.75482386,0.77074766,0.74695957,0.76003915,0.7644742,0.755551,0.7751666,0.7644619,0.76531196,0.74647224,0.75583833,0.76708645,0.7698687,0.7616209,0.7458139,0.7575706,0.7617892,0.7726248,0.75680923,0.7564874,0.7695396,0.7457762,0.7654421,0.7502635,0.74805295,0.74316937,0.7600777,0.760506,0.7583581,0.76523435,0.76264775,0.758777,0.75178456,0.7577328,0.7606954,0.7613569,0.74934417,0.7563919,0.75840086,0.76300085,0.7408865,0.77386886,0.76821446,0.76630485,0.76382244,0.7704406,0.7724906,0.7549672,0.7408666,0.7619062,0.75940233,0.75918144,0.7464226,0.7568143,0.75010425,0.7475362,0.77222455,0.75600696,0.75134933,0.7681092,0.7650488,0.74306256,0.77098054,0.7655426,0.7621215,0.7630822,0.7554933,0.7459048,0.7567256,0.7622625,0.75822574,0.7528202,0.7382506,0.75496304,0.7610361,0.75827575,0.7408764,0.7439627,0.74510795,0.75583917,0.75930446,0.75920177,0.7602812,0.7575282,0.7692835,0.76725554,0.7641958,0.7414967,0.758572,0.7518012,0.7596321,0.7490312,0.7578815,0.7607242,0.7626188,0.7496781,0.7769743,0.7559728,0.75998807,0.74384844,0.76534486,0.75363314,0.742908,0.75767136,0.7696363,0.75166446,0.75319576,0.7599096,0.7401738,0.76274866,0.74951226,0.7496905,0.7616843,0.7517295,0.76018894,0.76489896,0.7662726,0.76063144,0.76985025,0.7628375,0.7711782,0.78084624,0.7516592,0.76813024,0.7590841,0.75059056,0.7714879,0.7656308,0.7479524,0.7586717,0.75805306,0.7507137,0.76579905,0.76597506,0.75431925,0.7534297,0.7649297,0.74679595,0.7597364,0.76079345,0.743329,0.75853807,0.75652164,0.76755,0.7563506,0.7573354,0.7603423,0.7556462,0.7582947,0.76057136,0.7543237,0.7512988,0.7547027,0.76933724,0.75339997,0.7624136,0.7396688,0.74995655,0.7474044,0.7762308,0.7518048,0.7615372,0.7674294,0.7410021,0.77239794,0.7666357,0.74723613,0.74212587,0.7713638,0.74083376,0.75536954,0.7659355,0.75984335,0.74558806,0.763213,0.75499064,0.7557766,0.7535802,0.76796716,0.74558794,0.7618135,0.7542812,0.74638724,0.754332,0.7638086,0.74219126,0.7546794,0.74016434,0.7605733,0.7513345,0.7650562,0.76855975,0.7532141,0.7660917,0.7644925,0.76811683,0.7641008,0.7471767,0.7612522,0.74606746,0.77835596,0.7582077,0.75361574,0.75337625,0.7603376,0.7499666,0.75246316,0.76048124,0.7616,0.7602808,0.75918394,0.7472213,0.7546886,0.7613934,0.7624294,0.7421324,0.7466056,0.7512474,0.74767697,0.75811243,0.7533611,0.7535418,0.76025724,0.7552527,0.76947415,0.7626676,0.748119,0.76420337,0.7532875,0.7449005,0.7584478,0.7617495,0.74478495,0.7480587,0.7611947,0.74945945,0.76957583,0.7472039,0.7619502,0.76100296,0.76434535,0.7673681,0.7605487,0.753443,0.7602366,0.7671502,0.77093697,0.7527719,0.77836066,0.7455096,0.741722,0.7574025,0.75843906,0.7480701,0.75866866,0.7439354,0.75268877,0.7805756,0.7447315,0.76573384,0.74633104,0.7646263,0.7566114,0.75478613,0.7603204,0.7556094,0.74927723,0.75988966,0.7579428,0.7564268,0.7535305,0.76004773,0.75901264,0.7639175,0.77130663,0.76005846,0.77494204,0.7798972,0.7561084,0.762393,0.7610905,0.7573758,0.7693191,0.75671667,0.7837857,0.76837593,0.76987493,0.7692287,0.75672275,0.7543808,0.7617028,0.7559539,0.75945556,0.7504579,0.754226,0.7773365,0.7692221,0.763758,0.7559275,0.7569274,0.7433712,0.75365454,0.76492506,0.7636191,0.7575561,0.7624172,0.7731725,0.76155984,0.7586238,0.7611268,0.7674057,0.7433834,0.7552447,0.752923,0.7630054,0.7745342,0.7457322,0.7437874,0.766852,0.7596309,0.7551338,0.7527033,0.76670307,0.7484949,0.7625011,0.7631254,0.75553614,0.7558434,0.7646601,0.7543039,0.7756496,0.7600393,0.7597835,0.75579715,0.7661054,0.7389794,0.74413663,0.74587405,0.7779175,0.7541725,0.77009344,0.7694429,0.7481003,0.74116594,0.77336806,0.75028104,0.74251354,0.74989694,0.75735635,0.7474947,0.7537361,0.7619795,0.756802,0.75516975,0.7690764,0.7385953,0.7644115,0.750081,0.7680174,0.7546369,0.7583759,0.75988895,0.7594117,0.7539571,0.74803793,0.7589629,0.7544944,0.75654364,0.7400504,0.7445289,0.7471786,0.7531509,0.7646087,0.7687054,0.7536826,0.7659899,0.76103395,0.7624682,0.76731586,0.76814985,0.77557725,0.7659348,0.75198853,0.74663675,0.7528822,0.75031024,0.7588669,0.7385201,0.75333935,0.7632135,0.7504212,0.7499057,0.7409261,0.7356011,0.76492786,0.7479022,0.7519102,0.7534803,0.7460506,0.76429516,0.7625996,0.74593323,0.7544495,0.7411095,0.7533692,0.75554985,0.75764155,0.75100785,0.7489758,0.76286066,0.7584043,0.7736802,0.76288575,0.75705075,0.7663256,0.758627,0.75527114,0.75755113,0.7719528,0.76195115,0.75368667,0.7655419,0.7698795,0.7603272,0.76310503,0.7638744,0.7447622,0.76801217,0.74843526,0.7534731,0.759588,0.7677731,0.75396645,0.7469866,0.7619463,0.76487637,0.76229495,0.7535081,0.75622404,0.7574792,0.75518996,0.7564952,0.7573028,0.7498947,0.7564779,0.7674436,0.7689739,0.75970715,0.76245105,0.76767904,0.75964725,0.75123054,0.7571301,0.7638905,0.75170696,0.7403997,0.7554079,0.74837124,0.76474214,0.7621051,0.7478116,0.7670594,0.7634573,0.7787177,0.7553329,0.76782525,0.7558291,0.74418396,0.7462206,0.77145964,0.75601214,0.7675139,0.7614727,0.7511418,0.74225134,0.7773578,0.7682994,0.74780864,0.7626393,0.7420986,0.7538694,0.7462875,0.7570216,0.74465483,0.74846596,0.76285976,0.7586098,0.7395287,0.75934726,0.77577776,0.7581063,0.75318676,0.75532955,0.76809585,0.75689304,0.76088554,0.77681446,0.76642984,0.7511084,0.7582651,0.7635071,0.7486079,0.75665116,0.76106787,0.7576811,0.7615409,0.7611678,0.74309903,0.7462306,0.7571543,0.7620296,0.76321185,0.75180787,0.75710154,0.7606394,0.763785
0.036834583,0.035738524,0.039428536,0.031229228,0.030276723,0.022063501,0.034808945,0.0382791,0.027548812,0.04737044,0.0404415,0.02527428,0.034664296,0.02349465,0.04257714,0.03181973,0.030388277,0.0277717,0.0446164,0.024423297,0.029056665,0.043167725,0.027488183,0.04182055,0.04546867,0.03590157,0.034244224,0.029153466,0.034108937,0.022748865,0.038488,0.035033576,0.034820035,0.03146338,0.04436453,0.045835856,0.022959232,0.029711585,0.030658284,0.027123015,0.0374361,0.043610167,0.031607293,0.03562092,0.017714914,0.033080038,0.027577499,0.04232832,0.044756256,0.039212838,0.04316417,0.05270323,0.028521761,0.027756639,0.036474433,0.032735463,0.03746572,0.02665545,0.037506808,0.03936266,0.048015863,0.01729628,0.035884056,0.041705612,0.0244728,0.033938777,0.035723027,0.04622151,0.021662116,0.030439902,0.032693684,0.035427522,0.05116436,0.025281355,0.027838346,0.042129155,0.030344423,0.035299335,0.032070607,0.027483769,0.031138327,0.033729002,0.06285764,0.033584356,0.027426694,0.0355112,0.018405043,0.024540203,0.022508783,0.025988437,0.038274206,0.032543194,0.02608256,0.055094644,0.042041928,0.030681904,0.045666628,0.031364433,0.029627144,0.019854592,0.040856343,0.04046958,0.03483693,0.030504048,0.034760777,0.039757676,0.04437931,0.026052399,0.05271685,0.032243386,0.029142175,0.03724187,0.029609498,0.027776083,0.019516766,0.041707072,0.036842227,0.032401804,0.025506388,0.041642405,0.022733878,0.02522248,0.025806636,0.030399516,0.041145056,0.032779165,0.04698579,0.03839554,0.037846968,0.035471886,0.034696005,0.039102323,0.028755717,0.02352334,0.03561979,0.034810957,0.044351622,0.039532207,0.040168196,0.034109917,0.029143576,0.027630761,0.028664725,0.00939339,0.03463454,0.04094412,0.0308127,0.024861885,0.046383675,0.021301351,0.043386668,0.03109341,0.035568632,0.03703381,0.024169672,0.048843145,0.026939001,0.029894173,0.050991826,0.026109327,0.020136213,0.03895617,0.035533886,0.019906051,0.028651167,0.021450892,0.008477207,0.039560165,0.03783674,0.04355605,0.02244943,0.023468133,0.040430095,0.03967753,0.0469537,0.04424815,0.033899937,0.024707282,0.035228387,0.043055058,0.04633075,0.041712925,0.024750315,0.031445116,0.019986382,0.023118436,0.039194353,0.028986234,0.02697526,0.03374578,0.0356778,0.03882499,0.031585254,0.021008693,0.047243048,0.043991007,0.01971215,0.051946536,0.047296204,0.033790898,0.04085862,0.05063569,0.035993937,0.030555753,0.028194912,0.02883492,0.04139497,0.036595494,0.020705227,0.031572632,0.036612075,0.028744224,0.0336912,0.030887011,0.02104402,0.028810706,0.02053434,0.03675614,0.02972,0.03374397,0.042017497,0.023274096,0.032755688,0.013392776,0.016280398,0.032833815,0.029081978,0.014114734,0.019935243,0.029357176,0.02581206,0.03449773,0.027622659,0.038636584,0.026156873,0.02581074,0.044912256,0.032769732,0.017382,0.025031378,0.042290583,0.03489651,0.037194062,0.039603695,0.020539083,0.032170646,0.017104436,0.02417761,0.028261244,0.027602356,0.01782564,0.044663817,0.026631264,0.02662877,0.04125579,0.036811218,0.021890815,0.028869683,0.022319436,0.023838356,0.030303767,0.027990684,0.037081245,0.030815825,0.019149885,0.024374515,0.037224155,0.021992907,0.035099186,0.048020344,0.049765386,0.03641768,0.02750177,0.02234273,0.027490538,0.037145115,0.029636715,0.032871943,0.030775104,0.03282575,0.016428448,0.037622206,0.03981023,0.030702647,0.052507058,0.026967116,0.04131868,0.032653585,0.025855886,0.03351759,0.024940573,0.032352995,0.032731067,0.024931453,0.0078079775,0.033814788,0.026173385,0.030251294,0.037509058,0.037201285,0.031750243,0.0396602,0.03441093,0.0145470295,0.04151579,0.017892525,0.017202837,0.024494402,0.024167333,0.030186977,0.033525065,0.03076332,0.03651452,0.045586377,0.04048893,0.03574153,0.041430656,0.02386574,0.05118505,0.035216633,0.018102948,0.0351524,0.030358542,0.029398458,0.045938127,0.036883324,0.042481337,0.04848367,0.025804538,0.0385056,0.04107556,0.03949488,0.032795716,0.029797547,0.03851604,0.029858459,0.029020574,0.03452722,0.041695453,0.02173619,0.016705323,0.04295411,0.018251102,0.033778884,0.03371656,0.019408636,0.021741606,0.0353993,0.036567006,0.049043424,0.021013163,0.033974152,0.03625781,0.034647867,0.032503095,0.0349719,0.03651087,0.04428125,0.0336403,0.031179104,0.058058597,0.04035668,0.034427382,0.03917437,0.022618284,0.038981546,0.023895279,0.029848956,0.041416887,0.05814835,0.025415603,0.01911698,0.03229709,0.019055389,0.035106465,0.044044018,0.050304614,0.03294044,0.029666599,0.02584932,0.03841788,0.049710818,0.031896472,0.03470134,0.039434955,0.042892147,0.024100557,0.03942713,0.035519354,0.033392586,0.032558654,0.039894287,0.01925465,0.034628425,0.024124164,0.03658285,0.022454362,0.008661006,0.046198994,0.03298524,0.041101243,0.02862921,0.047991585,0.04663838,0.03950809,0.034774628,0.02058962,0.022469439,0.04142768,0.016687244,0.03321421,0.032848872,0.044065695,0.031114485,0.045782227,0.034744643,0.045488,0.040098514,0.043352067,0.023924153,0.037144993,0.039043717,0.04050356,0.03173339,0.049449176,0.03008615,0.026997129,0.025370995,0.040780745,0.03866649,0.03655965,0.013847455,0.02047949,0.016615756,0.03994266,0.046329785,0.029074354,0.028828256,0.03751024,0.036724288,0.0336662,0.029367184,0.027867705,0.02411493,0.040357374,0.027407847,0.036494244,0.036685713,0.040652156,0.044419408,0.03106554,0.022228416,0.030662294,0.045751028,0.037763964,0.026424691,0.04884671,0.027003625,0.05047606,0.02579197,0.034968585,0.036460377,0.052453443,0.05659183,0.02520786,0.027595133,0.02540113,0.037100844,0.039925274,0.023262117,0.047466137,0.017388832,0.038053058,0.024521995,0.04024593,0.024565805,0.04062571,0.035778485,0.035173967,0.034573536,0.03843362,0.028879773,0.037396863,0.026612215,0.031011563,0.035282116,0.033507776,0.03715699,0.04879553,0.03842968,0.029588323,0.030933011,0.043646477,0.015293866,0.033638515,0.030675296,0.030767377,0.04050933,0.045018665,0.022246841,0.03584697,0.03885695,0.041663773,0.029244676,0.013806857,0.027415385,0.041796036,0.02830832,0.033748914,0.031079076,0.02532754,0.028616007,0.03483333,0.048484508,0.023399245,0.031144809,0.03933857,0.026162282,0.029297067,0.033622544,0.044041086,0.035810456,0.02302682,0.04043187,0.03060009,0.042556383,0.03434291,0.02949877,0.035687406,0.020152014,0.026964974,0.042345617,0.03345121,0.020502027,0.031045225,0.036592867,0.032718357,0.044133686,0.024118166,0.03317856,0.049546465,0.040182494,0.034811303,0.033957325,0.03582781,0.026277043,0.021899099,0.018968046,0.041597065,0.047782496,0.020988949,0.02347799,0.020173796,0.039625045,0.03241109,0.031734195,0.04076744,0.023013845,0.031114519,0.038861178,0.029068638,0.0370692,0.021316208,0.032898232,0.0207704,0.02587879,0.039914433,0.038516697,0.03622506,0.0272706,0.042346366,0.037358765,0.0458245,0.038082216,0.045286473,0.047041822,0.03537722,0.040753856,0.019643642,0.033075843,0.0425681,0.022943258,0.028988924,0.041476466,0.054625407,0.028232995,0.03158861,0.038975514,0.049881376,0.042253852,0.028033372,0.034065776,0.028449299,0.032085292,0.04280298,0.027003303,0.031426154,0.042247638,0.036909983,0.053475212,0.027246721,0.028907076,0.045980297,0.046644077,0.024747066,0.044499125,0.023159964,0.05373992,0.047321524,0.036077622,0.055124674,0.03350214,0.029642679,0.03968744,0.0154367685,0.029520744,0.04624745,0.018310431,0.02096149,0.017964378,0.03362493,0.04131678,0.042979263,0.035332855,0.039204746,0.02639002,0.023176946,0.03584054,0.015734948,0.035715844,0.035498478,0.03127096,0.036767684,0.032682884,0.031192493,0.04420301,0.03660068,0.041914947,0.0414614,0.032280646,0.04484561,0.035305876,0.04324057,0.02901727,0.029406372,0.04601302,0.036452897,0.043563686,0.021661926,0.052467674,0.019109271,0.032654643,0.035908617,0.022944722,0.01633586,0.03627632,0.03867009,0.038810927,0.03568922,0.034441683,0.03350135,0.006820768,0.035085294,0.035269745,0.04276209,0.024011455,0.03298705,0.030311264,0.02512037,0.025313023,0.031074133,0.037467975,0.029784646,0.03575588,0.024194282,0.036348164,0.03887447,0.026318908,0.020246096,0.030874714,0.017304711,0.03702256,0.043550447,0.03387464,0.03765578,0.023405122,0.026130073,0.052058116,0.03271622,0.026700344,0.036693458,0.039060086,0.027181424,0.04303119,0.0368827,0.044978037,0.024235003,0.026867244,0.02195851,0.019801836,0.0067684427,0.036782682,0.025921185,0.035805736,0.026196357,0.03908033,0.020496182,0.03089279,0.049178906,0.04354722,0.036086038,0.03646209,0.040611114,0.016462065,0.04458992,0.030841514,0.03995804,0.040581003,0.03528381,0.032108802,0.020693714,0.025782103,0.027270861,0.032074735,0.049576625,0.048886113,0.034857903,0.022519093,0.029232007,0.060895678,0.027972046,0.03477273,0.021589994,0.031318445,0.04178155,0.052468903,0.022643529,0.023692168,0.046207435,0.026680682,0.03269559,0.03851451,0.033859253,0.04081832,0.021302357,0.038660288,0.035568915,0.027392678,0.026235215,0.027868934,0.036094222,0.044818804,0.034191392,0.037738293,0.028622624,0.03375526,0.033788413,0.044492476,0.043423377,0.038112964,0.04128063,0.04133111,0.026003484,0.040889986,0.039637282,0.030523513,0.034842826,0.036966003,0.038458377,0.039341778,0.020837445,0.023041444,0.020109858,0.04016905,0.038779233,0.055510838,0.042241972,0.017926373,0.04154583,0.03619117,0.047431033,0.03796464,0.042664215,0.028733928,0.017314982,0.0422572,0.033929415,0.033040937,0.0456256,0.027716838,0.042772956,0.045546405,0.036745884,0.023057515,0.033050593,0.016771335,0.043617368,0.013910849,0.03830059,0.039270997,0.019267,0.04172665,0.040022906,0.03807331,0.028388198,0.04536666,0.036439277,0.035230294,0.037085004,0.021878794,0.02700144,0.033066638,0.03549044,0.010957073,0.023411833,0.018625021,0.025928557,0.018323615,0.029877882,0.036570936,0.03322783,0.03283572,0.039618403,0.028269026,0.037063636,0.042609833,0.033405904,0.049376287,0.028152905,0.031832285,0.029328149,0.042499665,0.021577066,0.031714622,0.044623815,0.025560534,0.045008637,0.041069917,0.03773249,0.039177187,0.035831377,0.03067397,0.039881196,0.03245363,0.030774668,0.027858969,0.044590704,0.03590253,0.0217476,0.042279877,0.031642888,0.032932173,0.024462447,0.025939705,0.045404695,0.03959002,0.033033606,0.021035299,0.014995381,0.026476946,0.026961591,0.033940062,0.03601721,0.036801197,0.030456044,0.054729313,0.029920518,0.022780802,0.033936806,0.041388072,0.03414493,0.03121293,0.029722385,0.03824687,0.024926797,0.042604625,0.020339657,0.024404887,0.026634596,0.025502471,0.03213167,0.032571483,0.03244201,0.03232997,0.024050396,0.039517574,0.024847578,0.015352011,0.029868584,0.041899204,0.03747745,0.026629321,0.024285156,0.03263714,0.028908063,0.031444483,0.016327076,0.03587326,0.046108704,0.02971574,0.026788618,0.027199771,0.041254822,0.04034183,0.020708628,0.014921818,0.031880304,0.039481178,0.040062547,0.04285134,0.035189062,0.040568553,0.028982691,0.0345406,0.034879737,0.022690158,0.034101084,0.035501122,0.031297445,0.027766142,0.046073694,0.047377083,0.04732015,0.028900724,0.043463126,0.03090424,0.040960267,0.03616271,0.048643216,0.036077105,0.048833996,0.024882453,0.020467333,0.0354058,0.04469921,0.018649407,0.015906744,0.018549515,0.023385044,0.022038417,0.027334396,0.044144258,0.040740155,0.046782866,0.0326866,0.03340257,0.03160171,0.033380777,0.030429462,0.047704,0.04044696,0.034257017,0.041337386,0.029930104,0.034595534,0.039586104,0.013462566,0.026882289,0.029658774,0.040739592,0.03958464,0.030971024,0.037621483,0.032544367,0.032271154,0.033302307,0.032726064,0.039484285,0.04140089,0.04962627,0.03115828,0.02883914,0.044328406,0.05243677,0.035337668,0.035849277,0.027706422,0.025934309,0.036838926,0.03947355,0.030402029,0.038437657,0.030116167,0.04241907,0.025317535,0.031219263,0.024001926,0.052941967,0.053880703,0.031793423,0.027377311,0.031144379,0.023530405,0.024725713,0.048527587,0.026714854,0.025210463,0.026555479,0.026577398,0.02064335
0.94129735,0.94149244,0.9195128,0.94344455,0.9288235,0.92741,0.9315015,0.94318616,0.94027567,0.94453275,0.9412518,0.9366137,0.93911207,0.9388064,0.94614106,0.92788565,0.9352442,0.9355908,0.9495191,0.94349277,0.952366,0.94142133,0.9439182,0.9443871,0.9363723,0.932436,0.92671937,0.9298771,0.92040163,0.9368116,0.9401105,0.9276411,0.95509285,0.92503434,0.94888556,0.93316084,0.93390834,0.9255173,0.9485253,0.952495,0.9474545,0.94318473,0.9386809,0.94306076,0.9323072,0.92689484,0.92509204,0.93621343,0.9280487,0.9396894,0.9420048,0.93415517,0.92310494,0.94830436,0.93736744,0.9379061,0.9431234,0.9453013,0.94075024,0.9288106,0.94293326,0.9264008,0.9603323,0.94299084,0.9309463,0.93809885,0.94531465,0.95025575,0.92984605,0.9200673,0.9369992,0.9331122,0.9352008,0.9435853,0.96379167,0.9368068,0.9440933,0.92438745,0.9376598,0.93375564,0.9397245,0.94101167,0.9400104,0.9472887,0.939633,0.9359912,0.9397005,0.9356743,0.93740934,0.9174378,0.9338171,0.9330604,0.94442874,0.94178367,0.9449408,0.94168895,0.9452748,0.9358005,0.9293545,0.9471207,0.93650806,0.937472,0.9364522,0.935702,0.9268024,0.93742317,0.9418962,0.93255097,0.9404093,0.9391917,0.93939024,0.93400526,0.9406229,0.947414,0.9287195,0.9300628,0.9358195,0.9582819,0.94341683,0.9463069,0.941386,0.9363203,0.9474818,0.94318205,0.9255005,0.93111444,0.935938,0.94170755,0.9346933,0.94529676,0.9356588,0.94444615,0.93156046,0.93036664,0.93961036,0.9394923,0.9331245,0.9470895,0.93037486,0.94625497,0.94129276,0.9546421,0.9394969,0.9208857,0.9290558,0.9350082,0.9341965,0.946487,0.94175065,0.9408083,0.9415216,0.94325614,0.938785,0.9368489,0.9285988,0.92921203,0.9306994,0.93612087,0.9255593,0.93095446,0.93723136,0.9383198,0.9343655,0.931734,0.9302987,0.9258107,0.9406839,0.9432514,0.9325137,0.9251102,0.93323344,0.93708575,0.95307165,0.92180055,0.9241805,0.9393102,0.93259597,0.95014304,0.94845223,0.9495358,0.93434334,0.9367863,0.93616194,0.9325298,0.92936814,0.9460237,0.9322056,0.94620186,0.9359833,0.9389889,0.9348728,0.9383985,0.95251507,0.9500781,0.94563276,0.93966293,0.9405338,0.92782134,0.94029826,0.93871766,0.9498365,0.94388014,0.93968827,0.9414376,0.9378772,0.9387427,0.9374499,0.96377134,0.9341629,0.94895065,0.94134665,0.9471022,0.93665457,0.9396129,0.92265654,0.9425374,0.95690316,0.9335398,0.94633734,0.94955003,0.9423309,0.94584465,0.9315077,0.93764687,0.93559444,0.95062894,0.9298021,0.9417971,0.93967956,0.9388968,0.9347794,0.9563351,0.94710565,0.9433814,0.9357007,0.9289275,0.947024,0.94276166,0.93928826,0.9379816,0.9342085,0.93175143,0.9405735,0.94465685,0.91120386,0.93537676,0.9285868,0.93226326,0.9403583,0.9337672,0.9379849,0.94988096,0.9363347,0.92342395,0.9402635,0.94548506,0.95523465,0.9386524,0.936625,0.9443448,0.9415816,0.93303055,0.93313444,0.9347642,0.95125693,0.94606113,0.9442389,0.9337736,0.9396206,0.96141005,0.9418716,0.950756,0.9357267,0.94428545,0.94609,0.9296511,0.9288162,0.94014436,0.9399729,0.94176805,0.94347644,0.9391426,0.9263884,0.9378835,0.92396057,0.93719846,0.9451749,0.93381405,0.92263466,0.9400401,0.9221465,0.93852234,0.94251275,0.9399528,0.93723655,0.9373303,0.9322812,0.9440107,0.9481487,0.93060994,0.9345012,0.9413436,0.92062783,0.9345791,0.93597656,0.9518034,0.9407904,0.941334,0.9411441,0.9366488,0.94748807,0.93868923,0.9454844,0.952895,0.9320057,0.95416504,0.929476,0.9405533,0.94077194,0.9344467,0.95582354,0.9286069,0.93954337,0.93328124,0.9348242,0.9287759,0.9310196,0.92848605,0.9507811,0.9339325,0.94676036,0.9408616,0.93176264,0.9500495,0.92207485,0.93982416,0.9311878,0.9317683,0.9480363,0.92916816,0.9476747,0.9515735,0.92778945,0.9316284,0.9363216,0.92867756,0.9347219,0.9416449,0.9354113,0.9370514,0.9217418,0.9389712,0.95139885,0.9445462,0.9456379,0.94438386,0.931869,0.9320948,0.9500874,0.9398167,0.9323928,0.9455078,0.9490643,0.9304577,0.93273973,0.9419654,0.9240606,0.94272673,0.9314658,0.9334585,0.9461434,0.9251569,0.94362384,0.93764746,0.9504979,0.9303458,0.94857323,0.93726575,0.9458559,0.9236563,0.9367478,0.9284164,0.94088745,0.9395018,0.9328708,0.94289374,0.9370058,0.93412906,0.93698657,0.9158943,0.95064145,0.9337127,0.92146385,0.94134146,0.9450709,0.93015814,0.94544065,0.9414739,0.94654167,0.92932415,0.9514242,0.9413481,0.9452844,0.94295466,0.94636166,0.94048625,0.9449569,0.957648,0.94994193,0.9459748,0.9313602,0.9377117,0.940925,0.9364599,0.9401685,0.951705,0.93730223,0.947955,0.9393896,0.937312,0.93140817,0.93776464,0.94414544,0.9436142,0.92732805,0.94684005,0.9448571,0.9417529,0.93981767,0.9498117,0.94138825,0.9465011,0.93068844,0.94665813,0.9296491,0.9499717,0.96598923,0.95698446,0.9514038,0.94022787,0.93252134,0.9483089,0.94613534,0.9299976,0.93777597,0.9354761,0.94338214,0.94958586,0.94299877,0.9338091,0.95152384,0.93878007,0.9371523,0.93783194,0.94420314,0.92899543,0.9472499,0.9379021,0.9416384,0.9425674,0.9301307,0.9497713,0.94538575,0.932341,0.9401009,0.93152016,0.9257998,0.9374808,0.936091,0.91876394,0.92555624,0.9408376,0.9331111,0.9329173,0.9385665,0.9410716,0.93394184,0.92480123,0.9281956,0.9362574,0.95563823,0.9422343,0.94470114,0.937668,0.9378828,0.9391914,0.93487734,0.9358149,0.9421232,0.94840103,0.9356154,0.9453849,0.9468873,0.9461738,0.92881906,0.9363205,0.9340309,0.94744974,0.93379116,0.9347345,0.9412265,0.9403369,0.94322056,0.93951756,0.94639575,0.9226821,0.94606525,0.95032454,0.9464443,0.93398887,0.95104355,0.93782824,0.92638206,0.9377234,0.9365821,0.949128,0.93606275,0.93921006,0.946219,0.94103146,0.94116735,0.9393595,0.94449633,0.93557787,0.94307953,0.9401574,0.9388396,0.94340575,0.96165156,0.9328309,0.9490864,0.94721323,0.93396777,0.9240128,0.9354598,0.95004565,0.93012685,0.9344612,0.93458545,0.9347347,0.9407929,0.9310596,0.9378402,0.95457023,0.93746954,0.94195837,0.9433437,0.9478703,0.9409663,0.95024383,0.94323665,0.9367427,0.93129814,0.9320985,0.94379085,0.9474688,0.9326353,0.9453547,0.9357078,0.942049,0.92818683,0.9347969,0.9416617,0.9430465,0.94316304,0.9315665,0.9403265,0.9172202,0.9300159,0.94214356,0.95034134,0.92026883,0.95425314,0.92492884,0.9353854,0.93471736,0.96042126,0.9413697,0.9372364,0.94511056,0.9451427,0.93821543,0.9394364,0.9293977,0.9341174,0.9364195,0.93578225,0.9434769,0.9431292,0.94148624,0.9403779,0.94418013,0.93793553,0.95207644,0.94142,0.9383338,0.94784725,0.93807983,0.93766207,0.93378544,0.94281524,0.93063194,0.9528871,0.9338748,0.9390596,0.94087017,0.933161,0.94710046,0.9372094,0.9378548,0.957056,0.9254091,0.9299677,0.937921,0.9503237,0.93822974,0.94267654,0.94105524,0.95011646,0.93505526,0.9359998,0.9356596,0.942392,0.93579865,0.9297168,0.9530784,0.94253343,0.9345369,0.93284017,0.9413126,0.9476809,0.9319852,0.93770665,0.93798876,0.930384,0.95246816,0.9362165,0.9379544,0.9387195,0.93484664,0.9338886,0.9247667,0.9398087,0.9534116,0.9332423,0.92484236,0.9329846,0.9230135,0.9503096,0.922805,0.9450327,0.9423492,0.9396371,0.93876696,0.95146567,0.94594187,0.9277502,0.9329432,0.9358021,0.9482449,0.9248289,0.9364691,0.9434806,0.9289113,0.92368126,0.95386124,0.9430344,0.9434131,0.9413963,0.92857116,0.9474865,0.9425287,0.9518839,0.924209,0.9344725,0.9408445,0.9381766,0.9379065,0.955646,0.9389377,0.93821466,0.9290353,0.94104725,0.93650985,0.93693167,0.93666697,0.92453974,0.9509515,0.9443003,0.9374098,0.94063485,0.949922,0.93036866,0.9487277,0.9246265,0.9360054,0.9426053,0.93059516,0.9390283,0.9372184,0.93306196,0.93062127,0.93796706,0.9454363,0.93172675,0.92703295,0.943892,0.9394523,0.9410127,0.94483405,0.94945747,0.9379962,0.9419787,0.92685145,0.9492816,0.94894964,0.93653566,0.93631655,0.9412093,0.92589456,0.93901926,0.9397995,0.94144994,0.9437079,0.9432559,0.9383356,0.94845814,0.9432522,0.94286615,0.93712884,0.93631774,0.9331795,0.9459519,0.93359935,0.91817814,0.93095547,0.9345478,0.9343592,0.936665,0.92393833,0.9358752,0.9433928,0.9317786,0.9369685,0.9410727,0.93375856,0.9584722,0.9350494,0.93215114,0.9411247,0.93188506,0.9385929,0.93357813,0.94211596,0.9368992,0.9437955,0.93037206,0.9462194,0.9400507,0.9383105,0.93874997,0.9524096,0.9374396,0.9318491,0.94429076,0.92818034,0.93401355,0.9414818,0.94667345,0.94447213,0.95162094,0.93912196,0.9414328,0.9426986,0.9410078,0.9446045,0.9354918,0.9281602,0.9391034,0.9436558,0.94633925,0.94152516,0.9560094,0.93117034,0.9387793,0.9292523,0.9311243,0.9416683,0.94789165,0.95158213,0.94632405,0.93596697,0.9294152,0.9348273,0.94582367,0.9368644,0.9292864,0.94239014,0.9494171,0.951934,0.944492,0.9389644,0.9556049,0.93410677,0.94026196,0.94512653,0.9414195,0.9403966,0.9444422,0.93993324,0.927643,0.9267129,0.93092763,0.9451068,0.93583965,0.95071316,0.9490618,0.94640315,0.9367478,0.9375525,0.93383884,0.9300674,0.9463642,0.92376184,0.9633467,0.95249003,0.9455675,0.93438786,0.9288472,0.9288532,0.93228066,0.9255231,0.9481325,0.9377846,0.9434555,0.9482702,0.9470844,0.9350061,0.93644637,0.9296062,0.9463307,0.92066336,0.9391487,0.9425837,0.9508717,0.94738346,0.94312865,0.9466478,0.9278313,0.9250009,0.9397876,0.93876714,0.92854184,0.9366101,0.9440328,0.9366451,0.91792566,0.94787383,0.93555003,0.93926775,0.938487,0.93978477,0.9446697,0.9399687,0.95447695,0.9320926,0.92931545,0.9350502,0.9351811,0.95026493,0.9267046,0.92657405,0.9482391,0.9310631,0.9287237,0.935199,0.9493294,0.9325017,0.9316632,0.9262538,0.928512,0.9412385,0.943663,0.958678,0.94911987,0.93116814,0.9281875,0.93152165,0.9427178,0.93331873,0.9351587,0.9406576,0.9296891,0.9343399,0.93626034,0.93522936,0.9484985,0.9350016,0.9507046,0.93824404,0.9420003,0.9439427,0.9398023,0.9258343,0.9463622,0.94798756,0.9321647,0.932975,0.948476,0.94671834,0.9410483,0.9307935,0.9295326,0.93110585,0.93186855,0.93494135,0.93597484,0.9353043,0.9417002,0.93961227,0.9390664,0.9334049,0.9269985,0.94789565,0.9421902,0.93920135,0.92803955,0.94344926,0.93541914,0.9389075,0.9515744,0.9377498,0.9487529,0.9470888,0.9433776,0.94074154,0.9359093,0.93617123,0.944061,0.92150545,0.92967653,0.92246574,0.94555056,0.93822926,0.9367558,0.94109464,0.951001,0.93787026,0.93447524,0.952916,0.9299449,0.9505427,0.92694974,0.93844295,0.94024795,0.9535936,0.93503517,0.9450891,0.9244318,0.9529544,0.9381997,0.93654174,0.9479095,0.93340397,0.937177,0.9333779,0.93506557,0.9467447,0.9345249,0.9450347,0.9536972,0.93733454,0.937295,0.95153105,0.9354364,0.93799984,0.9375681,0.95049125,0.9320017,0.93523234,0.9413284,0.9377636,0.9398375,0.92952776,0.9287285,0.9416232,0.9382225,0.948997,0.9403421,0.9477373,0.9385471,0.91672826,0.9346789,0.9344703,0.9484172,0.94253415,0.9391929,0.93540436,0.93929046,0.94344515
0.89108086,0.8961001,0.8777359,0.89268875,0.90719086,0.88640356,0.89494294,0.88936335,0.8928905,0.8822684,0.87427366,0.8871414,0.8811042,0.89338154,0.8845381,0.8887519,0.8840666,0.89003587,0.88945013,0.8952684,0.9030854,0.90129924,0.9032449,0.89826995,0.8873927,0.8919279,0.8856846,0.8990731,0.901568,0.8903211,0.8880049,0.87974614,0.894883,0.8825638,0.8927275,0.8886689,0.8990966,0.91396487,0.8951314,0.8992869,0.883482,0.8779596,0.90512556,0.9024642,0.8934116,0.8954473,0.8887378,0.8855263,0.8683854,0.9064818,0.88477564,0.8886559,0.8830619,0.8869275,0.88255924,0.8938609,0.8806944,0.8919602,0.8994563,0.87789136,0.8886981,0.90028834,0.8921023,0.89735425,0.8758558,0.89951646,0.89890563,0.880874,0.8926568,0.8866139,0.9042794,0.89448583,0.88835436,0.8909228,0.8956515,0.8779489,0.884686,0.8894179,0.88641703,0.88506895,0.8940599,0.8834033,0.8827486,0.8811561,0.9019702,0.8892408,0.88938224,0.8900969,0.88625044,0.8747493,0.8831347,0.8849589,0.89771813,0.8833961,0.89648336,0.89427763,0.9068,0.9028625,0.8879686,0.88595647,0.87285143,0.888633,0.90632457,0.8885202,0.8849137,0.8755813,0.8871144,0.8989132,0.8867468,0.8854684,0.8842018,0.8828262,0.89319056,0.88667905,0.8881257,0.88459355,0.8808359,0.89709467,0.8728622,0.89045894,0.8910868,0.88950145,0.8938381,0.9065401,0.8899782,0.8935798,0.87656057,0.8917423,0.88948506,0.88326436,0.8651432,0.8877036,0.8833455,0.89506257,0.88956624,0.8942461,0.8879197,0.895381,0.89546883,0.89283264,0.8935757,0.8937205,0.9010647,0.89405626,0.88711315,0.887321,0.89399993,0.90065235,0.90086865,0.89717406,0.89813596,0.89751256,0.8895519,0.89294136,0.9036556,0.87863886,0.8943106,0.8802712,0.87061375,0.8890254,0.89669514,0.8883645,0.8825039,0.90593314,0.8968316,0.90494466,0.9068766,0.90192527,0.89486986,0.8862927,0.89420336,0.88653123,0.896468,0.87286776,0.88087076,0.88707864,0.90330136,0.8991163,0.90544885,0.886082,0.90428334,0.8919826,0.8798925,0.89798844,0.8901528,0.8987622,0.89289725,0.8764971,0.8760023,0.88497424,0.89333725,0.90115416,0.884466,0.89972895,0.8836918,0.89083517,0.89467573,0.8948033,0.8776981,0.8976987,0.8892224,0.89693815,0.8937156,0.87927085,0.8809447,0.8963113,0.87913406,0.90287894,0.89143294,0.8954929,0.8934654,0.9015361,0.9030338,0.8888838,0.89487725,0.8953939,0.8894442,0.8881961,0.8888478,0.89306283,0.8935917,0.89143944,0.9119193,0.896632,0.9119752,0.8982492,0.89357346,0.8871193,0.8932272,0.88919944,0.8944131,0.8988681,0.8969412,0.8952709,0.8979163,0.8856401,0.8954999,0.8683563,0.8971645,0.9067932,0.88831955,0.8937106,0.89649844,0.89079523,0.896961,0.89057565,0.8834951,0.8956182,0.89031506,0.89223003,0.8797733,0.8925118,0.8974697,0.88706607,0.90277964,0.88544726,0.91798925,0.8996592,0.9040472,0.8848831,0.8969078,0.901587,0.8871806,0.88846874,0.89771605,0.8919645,0.8904487,0.8757563,0.8852501,0.89105535,0.89377695,0.8940797,0.88726604,0.8997036,0.90039605,0.8897134,0.8802024,0.9030424,0.89298016,0.90016884,0.90264916,0.88761246,0.87207246,0.8754546,0.8933703,0.89445513,0.89249396,0.873232,0.8997697,0.89719826,0.8815629,0.88936234,0.89441097,0.888894,0.87599546,0.8900451,0.89112604,0.9041346,0.8962854,0.89284366,0.894452,0.89966166,0.9013157,0.89350724,0.88446254,0.90130967,0.89713526,0.90120834,0.8885588,0.8943027,0.8779812,0.9002242,0.8942996,0.88547486,0.8904844,0.904782,0.8950764,0.90346116,0.896735,0.88258755,0.8901112,0.8871078,0.89475393,0.90723646,0.9078439,0.9024864,0.88249,0.90160954,0.90217274,0.8726501,0.88324034,0.9012249,0.8891466,0.89942336,0.88902354,0.8805503,0.8824634,0.9071865,0.88270956,0.89434904,0.89374447,0.90319204,0.8876789,0.9030773,0.8939967,0.8993801,0.89409846,0.890604,0.89089966,0.8892889,0.8847784,0.8851351,0.89100313,0.9046138,0.88549286,0.8779719,0.89898896,0.9086366,0.89047974,0.8951074,0.87754416,0.877057,0.8979002,0.8953456,0.8990793,0.89406884,0.8848842,0.8902858,0.8973345,0.8872387,0.9002048,0.8953841,0.9070759,0.8876532,0.885058,0.88118875,0.885586,0.88411427,0.8878822,0.8843771,0.87990785,0.8679941,0.8878703,0.89574075,0.8875903,0.8914074,0.8983864,0.8855275,0.8950903,0.8931963,0.8946333,0.8987048,0.8925611,0.8810472,0.88610077,0.8815186,0.9090276,0.89471745,0.906536,0.89573634,0.88960725,0.893443,0.8982814,0.89059275,0.8835307,0.88928425,0.8939696,0.89305025,0.8889802,0.8922643,0.8866817,0.8962532,0.86883736,0.89261353,0.88226706,0.8950559,0.8816865,0.89960694,0.88079804,0.8824422,0.8834035,0.89606607,0.8988562,0.90437835,0.89112514,0.8914352,0.8977246,0.89114064,0.88836,0.902576,0.8829028,0.89876586,0.88666886,0.9026439,0.88023007,0.88928,0.88715756,0.89657557,0.8936135,0.88484925,0.8804543,0.9134915,0.8952185,0.8768183,0.9018801,0.8821322,0.89047027,0.8920543,0.895043,0.8884692,0.8861986,0.8954291,0.89218163,0.9005194,0.8941466,0.8872846,0.8941091,0.8817166,0.8770447,0.8893383,0.89281565,0.8884175,0.8761781,0.89071846,0.8974553,0.90140575,0.8916347,0.8888006,0.9033011,0.8719826,0.8758263,0.89385986,0.88894445,0.879038,0.89503926,0.9006978,0.8881879,0.8850696,0.9016932,0.88042235,0.91030854,0.9018246,0.8733446,0.8912453,0.8780096,0.8791746,0.9026647,0.8840524,0.9008831,0.90021175,0.88879544,0.88329935,0.88746923,0.90666676,0.8916184,0.8852165,0.8863944,0.8974157,0.8746809,0.89360267,0.8921729,0.88185936,0.89295447,0.88839734,0.90872955,0.898192,0.89276654,0.89941657,0.89322776,0.8908161,0.894125,0.9016524,0.8913602,0.89521784,0.8901462,0.88295364,0.8894768,0.8903875,0.89096093,0.88825554,0.88888806,0.8897722,0.90490645,0.87031174,0.8848519,0.8843223,0.8883637,0.8912282,0.8928389,0.89004,0.8904146,0.89914733,0.88004017,0.8869941,0.89897954,0.8934633,0.8930766,0.89359057,0.8931723,0.8887186,0.8857545,0.88896865,0.8926075,0.90246487,0.88585633,0.8957242,0.902818,0.87726516,0.8825416,0.89414215,0.89310575,0.89951915,0.89490783,0.8870471,0.899301,0.8964235,0.8965012,0.8965888,0.8892585,0.89726156,0.8827091,0.89833355,0.90220875,0.8884249,0.893251,0.89307564,0.8935666,0.8775915,0.8855572,0.90164745,0.89508295,0.89540476,0.9033638,0.88309187,0.8927602,0.89181113,0.8889223,0.89818895,0.8914383,0.8875765,0.87425727,0.90242124,0.9023199,0.89487195,0.8999809,0.8906312,0.88868284,0.8906261,0.88953954,0.8851185,0.8951009,0.91242445,0.8837373,0.90497667,0.87971044,0.8857513,0.8948667,0.8853427,0.8887618,0.87044775,0.8938553,0.8855,0.895531,0.88153756,0.89808244,0.88222605,0.89806485,0.88512456,0.8846289,0.88984686,0.8854493,0.8771126,0.89116853,0.87404984,0.8949176,0.87646717,0.8878528,0.8874825,0.89367944,0.8972877,0.8840357,0.9004846,0.888849,0.905753,0.8928928,0.8873726,0.88467777,0.8896796,0.9154455,0.90460575,0.8953358,0.8844185,0.89979476,0.8877941,0.8933608,0.89964765,0.8963479,0.87390816,0.891416,0.88866615,0.8974594,0.90299976,0.8856167,0.89076984,0.8920674,0.8746246,0.8942979,0.8763008,0.8876349,0.87526697,0.88927877,0.8985094,0.8962913,0.9058996,0.90579534,0.8919659,0.89830256,0.9053288,0.8916506,0.88377535,0.8824625,0.8840195,0.88214445,0.9035068,0.8871313,0.88359845,0.91305816,0.89679617,0.8990563,0.8976245,0.9035126,0.8809213,0.88405764,0.8744986,0.90053445,0.8893974,0.89239484,0.8911237,0.9014898,0.876696,0.8966358,0.87741953,0.89906853,0.90665627,0.8914905,0.91437757,0.8964522,0.8948362,0.8957185,0.88266754,0.8906222,0.88201785,0.89087665,0.88629895,0.87744737,0.8860682,0.898193,0.88741195,0.88809574,0.90121675,0.8886749,0.8894826,0.895373,0.88874686,0.89124715,0.8799874,0.8773841,0.8855,0.87919265,0.8804451,0.8815928,0.9048442,0.8841528,0.892797,0.8861409,0.89866066,0.8930086,0.8847179,0.8894198,0.88332,0.90110946,0.898661,0.8912893,0.8933095,0.89889854,0.8736737,0.88858914,0.891344,0.8893236,0.9025785,0.8967657,0.90462637,0.90160537,0.88517284,0.8916407,0.88367516,0.8904972,0.9083704,0.8789579,0.90568775,0.89514714,0.888353,0.883698,0.9007472,0.8890878,0.89542073,0.900716,0.88640445,0.87435687,0.9034896,0.9032712,0.9058955,0.89513236,0.9022091,0.8946065,0.89020556,0.8999886,0.8895188,0.893514,0.8905247,0.86167616,0.8877865,0.8977139,0.8897676,0.8881919,0.8863939,0.8908184,0.90209234,0.8804929,0.8924508,0.89316446,0.8915742,0.88892764,0.8866196,0.8802588,0.8864132,0.88698196,0.8849515,0.8909035,0.8918307,0.88558406,0.9050275,0.8824532,0.8781519,0.886319,0.8912084,0.8924028,0.89945763,0.9055641,0.8966349,0.89185417,0.88470066,0.8869676,0.8906965,0.8851926,0.9216509,0.8904241,0.89740896,0.8892518,0.8848894,0.89644444,0.8928196,0.8903711,0.8857055,0.8998215,0.89116144,0.8860742,0.89266217,0.89694834,0.8976721,0.8824557,0.8859597,0.89098585,0.899532,0.8965831,0.8945503,0.90751636,0.89901,0.8943997,0.8784383,0.8740947,0.89080137,0.8779336,0.9018592,0.8822354,0.8857739,0.88170797,0.8851675,0.87865436,0.8934895,0.8937243,0.8884121,0.89073575,0.8960005,0.8924775,0.8843496,0.8928413,0.8860471,0.8984175,0.88796395,0.8951716,0.87934154,0.89168483,0.9008344,0.89471745,0.89046144,0.87482095,0.8830848,0.89825666,0.88410777,0.8832094,0.9028066,0.8725355,0.9038419,0.8868557,0.89986926,0.88889486,0.8854122,0.89454037,0.9124858,0.8893751,0.8878463,0.89490354,0.87824506,0.9094222,0.889157,0.874604,0.8952354,0.89851886,0.9025262,0.8874556,0.892104,0.9018529,0.89913315,0.88624275,0.9005667,0.9044551,0.89906603,0.8861295,0.8800355,0.8894354,0.89939433,0.89047015,0.8914121,0.9051481,0.8899256,0.8875832,0.8929924,0.9034461,0.8818517,0.8768887,0.89723915,0.8905125,0.87942433,0.9013653,0.8840036,0.8937856,0.8811575,0.88707036,0.91674054,0.9057999,0.90545464,0.8957908,0.8862759,0.9085597,0.8997931,0.87779045,0.89442533,0.90594524,0.88957447,0.90588933,0.885529,0.88786,0.90041816,0.8904815,0.88236445,0.8806104,0.88178086,0.8835688,0.9009349,0.87809527,0.8880899,0.883657,0.8872392,0.8983845,0.8791672,0.89271283,0.8827801,0.8889512,0.89984,0.8745289,0.8931888,0.8823834,0.88237506,0.9004441,0.88919675,0.8955401,0.89287037,0.9069327,0.89086974,0.8922343,0.9005726,0.88751787,0.90275705,0.8827769,0.8905607,0.8816112,0.913337,0.8844885,0.8851383,0.8925392,0.9050278,0.892415,0.88444173,0.89854556,0.8822501,0.88942623,0.90778303,0.89468175,0.8730636,0.89435685,0.88773125,0.9114908,0.88776755,0.89788884,0.89018697,0.89661664,0.91091055,0.8897678,0.8869061,0.8889533,0.8905045,0.9010018,0.8894412,0.875413,0.900388,0.88557565,0.8806457,0.8926135,0.8775067,0.89288914,0.8861536,0.8902762,0.88003165,0.89750284,0.88892156,0.89935887,0.8858423,0.8867138,0.89305514,0.8952923,0.8764657,0.89113015,0.8980016,0.8787827,0.89446574,0.909569,0.8904372,0.9006678,0.89084196
1.072294,1.0739111,1.0537643,1.0746832,1.0638961,1.0720985,1.0696435,1.0578488,1.0704391,1.065948,1.0658596,1.080638,1.0750341,1.0639527,1.0767903,1.0738597,1.0705397,1.0598928,1.0674858,1.0688636,1.0711684,1.0688461,1.0701994,1.0590332,1.0730464,1.0605181,1.0794404,1.0786369,1.0678596,1.0725845,1.0595198,1.0619053,1.0633243,1.0641493,1.0725929,1.0525944,1.0906097,1.079038,1.0712745,1.0564158,1.0622078,1.0699608,1.0788823,1.0695335,1.062688,1.0759459,1.0641125,1.0729969,1.0784669,1.0662934,1.0677695,1.0721121,1.0669013,1.0615524,1.0751542,1.056997,1.0677336,1.0593787,1.0772473,1.0691276,1.0726922,1.0651073,1.074683,1.0695518,1.0540525,1.0706178,1.0741025,1.0644094,1.060295,1.0590533,1.0693125,1.0674995,1.0720998,1.0692279,1.0707641,1.0592364,1.0780343,1.0606236,1.072642,1.0902567,1.0763932,1.0683249,1.0661441,1.0668716,1.0756627,1.0697197,1.0742326,1.0717397,1.0744908,1.0618964,1.0705323,1.0669464,1.0740868,1.0715492,1.0755606,1.0729586,1.0871216,1.0726166,1.0664647,1.0729363,1.0438381,1.0833555,1.0684078,1.071715,1.0707831,1.0721589,1.0778866,1.062829,1.0748205,1.0679479,1.0756027,1.0828016,1.0586756,1.0709832,1.0635815,1.0605886,1.0709368,1.0577142,1.0680674,1.0713805,1.0753014,1.0776129,1.0831702,1.0813851,1.0625623,1.0694011,1.0665239,1.0626254,1.0645102,1.0859406,1.0628289,1.0630039,1.0715109,1.0628283,1.0633547,1.0708948,1.0627339,1.0805129,1.0928314,1.0758743,1.0810459,1.059221,1.0764389,1.0662276,1.0836117,1.0886086,1.0666233,1.0733234,1.0723349,1.0879835,1.0600239,1.0655334,1.0709349,1.0766796,1.0806192,1.0769088,1.0704987,1.0671228,1.0624623,1.0596426,1.0733509,1.0678008,1.063024,1.0757854,1.070096,1.0789436,1.0620512,1.082287,1.0709703,1.0683815,1.0623741,1.0640727,1.0764445,1.0618892,1.0784037,1.0658095,1.0819063,1.0686072,1.0707387,1.0767125,1.0737405,1.0759434,1.0565077,1.0784066,1.0711688,1.0652133,1.0672797,1.0717447,1.0697367,1.0635318,1.0684674,1.0748928,1.0695207,1.0705974,1.0621606,1.0702752,1.0806739,1.0692943,1.0761281,1.0603323,1.0843107,1.0765924,1.0671915,1.0707642,1.0725092,1.0602683,1.0582107,1.0708244,1.0807077,1.0731186,1.066214,1.0631953,1.068267,1.0682595,1.068893,1.0695531,1.0578701,1.0637379,1.0570191,1.0710219,1.0741705,1.0754428,1.0614737,1.0690829,1.0789241,1.0684808,1.083347,1.0510298,1.0729797,1.0737578,1.0775647,1.0660471,1.0743867,1.0692356,1.0768279,1.0523397,1.0729849,1.0622838,1.0824062,1.0749848,1.0767778,1.0579557,1.0651048,1.0699178,1.0627723,1.0695946,1.0712773,1.0789319,1.0659673,1.0805789,1.0631278,1.0642725,1.0842094,1.0744336,1.0643896,1.0693382,1.0624089,1.073252,1.074625,1.0724972,1.0562761,1.0522995,1.0715859,1.0673987,1.0724295,1.0650122,1.0778254,1.0789993,1.0695206,1.0735481,1.0667735,1.0738004,1.0634004,1.0758435,1.0800962,1.0736328,1.0623302,1.0664444,1.0686677,1.0744145,1.0724456,1.0622139,1.0723276,1.0716453,1.065341,1.0704365,1.0678471,1.0599817,1.0688734,1.0716175,1.0750293,1.0649247,1.0597175,1.0685264,1.0627323,1.0714984,1.084065,1.0678614,1.067744,1.0837548,1.0635964,1.0743178,1.0748484,1.0907948,1.0760471,1.0750365,1.0752909,1.0754917,1.0622994,1.0819314,1.0743597,1.0725559,1.0699571,1.0573245,1.0685515,1.0753868,1.0747234,1.0750126,1.0752562,1.079632,1.0643866,1.0771955,1.072654,1.084764,1.0755931,1.0697318,1.064298,1.077772,1.0706218,1.0644667,1.0675571,1.068627,1.0561306,1.072527,1.0643572,1.0732834,1.0613297,1.0721836,1.0705578,1.064953,1.0644796,1.0608284,1.0621197,1.0598131,1.0838813,1.0687144,1.0635751,1.0688049,1.0632735,1.0449644,1.0624615,1.079162,1.0664483,1.0744085,1.0789827,1.0804542,1.0760473,1.0704143,1.0790557,1.068148,1.0618786,1.0679531,1.0850636,1.0771289,1.0741862,1.0672371,1.0792528,1.0691875,1.0688072,1.0856978,1.0659819,1.0728819,1.0641624,1.0919296,1.08129,1.0683775,1.0716028,1.049114,1.0727353,1.071858,1.0716025,1.061762,1.0667288,1.0674682,1.0610296,1.0743362,1.06772,1.0718251,1.0657309,1.0645632,1.076375,1.0767417,1.0811238,1.0608127,1.0760976,1.0574951,1.0719827,1.0721253,1.074725,1.060508,1.0827096,1.0811929,1.0725062,1.0695424,1.0788215,1.0701174,1.0760057,1.0634513,1.0651679,1.074233,1.0702974,1.0611664,1.0711285,1.0701779,1.0672019,1.0961599,1.0827583,1.0816693,1.070182,1.0761386,1.0600102,1.0793511,1.0655133,1.0707475,1.0656874,1.0764184,1.0723022,1.0751117,1.0686828,1.0809243,1.0701844,1.0710952,1.0705308,1.0815173,1.0661181,1.0938333,1.0711898,1.0764676,1.0700523,1.0740051,1.0575529,1.0689348,1.0669205,1.0687097,1.0633022,1.077486,1.0562869,1.0671322,1.0710695,1.062454,1.0727336,1.0785097,1.0761157,1.0588918,1.0747722,1.0746113,1.0716944,1.0620111,1.0636574,1.0679878,1.0609224,1.0811666,1.0685917,1.0690738,1.0647987,1.0823103,1.0801334,1.0590979,1.0755428,1.0583675,1.065908,1.0667615,1.0758059,1.0825279,1.0757632,1.0719984,1.0652468,1.0784485,1.071807,1.0677714,1.089118,1.0750519,1.0560998,1.0636556,1.0752057,1.0775118,1.0726873,1.0698956,1.0758858,1.061762,1.076342,1.0719934,1.0628445,1.0694984,1.0795252,1.0694548,1.0586661,1.0745927,1.0581944,1.0603385,1.0762502,1.073676,1.0671704,1.073265,1.0809658,1.0765057,1.0655522,1.0756996,1.0628225,1.0667415,1.0723476,1.07558,1.0663466,1.0860537,1.0814039,1.070382,1.0790445,1.068659,1.0656672,1.0753038,1.0654597,1.079084,1.0777159,1.0729289,1.0739167,1.0966064,1.0695268,1.0641803,1.0781221,1.0710524,1.0721842,1.0781214,1.0686345,1.0748564,1.0565683,1.0608243,1.071356,1.0520308,1.0659775,1.0766515,1.0552018,1.0749547,1.0812149,1.0713294,1.0641984,1.06708,1.0679165,1.0696536,1.069476,1.0639919,1.0735921,1.0560519,1.0643358,1.0593172,1.0567236,1.0572559,1.0612062,1.0706668,1.0660372,1.0810525,1.0802611,1.065178,1.058978,1.0640442,1.0752478,1.0672458,1.0805904,1.0650189,1.0891342,1.0581683,1.0670137,1.0821717,1.0640801,1.0735952,1.0679808,1.0631319,1.0714769,1.064303,1.065407,1.0709308,1.0766951,1.0743023,1.079252,1.0699147,1.0747826,1.0609571,1.061008,1.0617089,1.0819218,1.0773783,1.081925,1.0721109,1.0682858,1.0706153,1.0678519,1.0591663,1.0618229,1.0755053,1.0698056,1.0699067,1.0699794,1.0697963,1.079248,1.0794423,1.0785336,1.0749103,1.0842326,1.064012,1.0678021,1.0610408,1.079663,1.0647056,1.0760984,1.0645083,1.0718422,1.0699257,1.0768574,1.0697031,1.0669178,1.0708499,1.0743643,1.087966,1.0615565,1.0712186,1.0709352,1.0786952,1.0652479,1.0870813,1.0542498,1.0729699,1.0666331,1.0655085,1.0728403,1.0571551,1.0574303,1.0572234,1.0798095,1.0779359,1.0685263,1.069452,1.0575899,1.0675043,1.0521561,1.0641856,1.0681484,1.0725018,1.0633187,1.066872,1.0749092,1.067284,1.0797387,1.0659131,1.0821491,1.0524325,1.0703832,1.0730486,1.0857469,1.0787268,1.0867716,1.0776298,1.0611472,1.08015,1.0565197,1.076906,1.074351,1.0678618,1.081412,1.0700244,1.0757955,1.0772806,1.0748713,1.075776,1.061599,1.0634682,1.0892177,1.0659814,1.0612421,1.0813282,1.0921321,1.0793309,1.0793961,1.0694739,1.0559508,1.0654814,1.0849224,1.0780433,1.0721047,1.0628237,1.0682217,1.0585506,1.0759883,1.056004,1.0722982,1.0730952,1.0538211,1.0749999,1.073558,1.0762987,1.0741998,1.0727763,1.0686799,1.0881722,1.0709428,1.063457,1.0660684,1.0669231,1.0706805,1.0553448,1.0621768,1.0687339,1.0634787,1.0725762,1.0560104,1.0629977,1.0606023,1.0666555,1.0718272,1.0572437,1.085266,1.0652754,1.0764129,1.064342,1.0715252,1.0651069,1.0630711,1.0607086,1.0590378,1.0770972,1.046982,1.0747489,1.0829604,1.0801855,1.066855,1.0735655,1.0699147,1.0708563,1.0843371,1.0575043,1.0595641,1.0706778,1.0737963,1.0818146,1.0787998,1.0736856,1.0746801,1.0604022,1.0721089,1.0380738,1.0605226,1.0657731,1.0673643,1.075213,1.0834731,1.0714314,1.0822003,1.0589913,1.0777348,1.0684674,1.0692805,1.0659032,1.059555,1.051748,1.0747619,1.0717902,1.0793151,1.0663077,1.0690204,1.0686196,1.0815126,1.0629562,1.0694628,1.0766745,1.0796008,1.0602375,1.0677494,1.0782242,1.0803889,1.067314,1.0893918,1.0856888,1.0734723,1.0786717,1.0723096,1.0973164,1.0658728,1.08775,1.0665177,1.0730015,1.0856798,1.059958,1.0784552,1.0620352,1.0746962,1.0548384,1.0548747,1.0876143,1.08086,1.0674465,1.0624146,1.0697126,1.082887,1.0702533,1.0696825,1.0787932,1.0682077,1.0743592,1.0750654,1.0703858,1.0769526,1.0793483,1.0671451,1.0530379,1.0618963,1.0609734,1.0699068,1.080479,1.0876366,1.0672697,1.0509139,1.061059,1.0652074,1.0826607,1.0772631,1.0631526,1.0765165,1.0586796,1.0636165,1.0705646,1.067695,1.0661416,1.0682471,1.0694392,1.0772725,1.0686811,1.0640717,1.0722499,1.0804273,1.0687017,1.0756577,1.0504004,1.0712688,1.0767663,1.0693113,1.073083,1.0770693,1.0813973,1.0720333,1.0673316,1.0647646,1.0522522,1.0788234,1.0770314,1.0673587,1.0661545,1.089432,1.0705228,1.0903196,1.0663109,1.0719981,1.0879865,1.0741152,1.0764414,1.0685474,1.0738945,1.0851314,1.0722493,1.0686233,1.0585707,1.0720057,1.0745544,1.0667194,1.0774529,1.0697519,1.0596651,1.0906217,1.0716393,1.0668017,1.0888895,1.0620799,1.0729941,1.0698977,1.0835676,1.0741932,1.0766875,1.0554569,1.0671247,1.0857233,1.069098,1.0660764,1.0713646,1.0622017,1.0687584,1.0823475,1.0775352,1.0706978,1.0691223,1.0637391,1.077851,1.0841552,1.0784653,1.0778766,1.0813956,1.0701275,1.0673957,1.0661793,1.0708749,1.0753132,1.0706174,1.0788792,1.0730921,1.0658079,1.0763083,1.0649815,1.0730716,1.0629556,1.0811149,1.0701517,1.0545745,1.0678626,1.086878,1.0661504,1.0699239,1.0659323,1.0710335,1.0772742,1.0770601,1.0863847,1.0712503,1.069997,1.060889,1.082475,1.0811532,1.0751793,1.079053,1.0756748,1.0833346,1.0577947,1.0782,1.0705634,1.0596061,1.0659415,1.0566487,1.0683379,1.0773436,1.0820969,1.0656441,1.0745832,1.0689824,1.0739071,1.0604815,1.0674658,1.0756443,1.0707328,1.0730458,1.0841153,1.0721397,1.0642139,1.0806706,1.0666662,1.0606084,1.0689398,1.0698135,1.0880275,1.0520836,1.0725887,1.0682819,1.0674065,1.0836495,1.0783389,1.0572151,1.0632486,1.0576644,1.0634292,1.0767086,1.0610108,1.0707983,1.0681056,1.0832657,1.0746725,1.0638885,1.0750122,1.071819,1.0726006,1.0678887,1.075891,1.0687603,1.0829726,1.0758201,1.062133,1.0740231,1.0661077,1.0377643,1.0811121,1.0767092,1.0761926,1.0709603,1.0716738,1.0714493,1.0622462,1.0715772
0.40011972,0.41069508,0.40936273,0.40610853,0.39564687,0.3832917,0.4151049,0.41149652,0.40870392,0.41087362,0.39684322,0.40070528,0.40688074,0.40544847,0.41222292,0.39560148,0.39901036,0.4104367,0.40173867,0.3964067,0.40510917,0.40715817,0.41062942,0.40743527,0.4128466,0.41171175,0.39305463,0.39632165,0.39284152,0.39699477,0.4008201,0.40170175,0.41792792,0.39952302,0.3916331,0.41205126,0.40295565,0.39084423,0.41240633,0.3917311,0.39991185,0.3922805,0.39283097,0.41004547,0.39985463,0.39106935,0.3984805,0.3982911,0.40015674,0.42511258,0.4169008,0.4111365,0.40305135,0.40690026,0.41082594,0.42428187,0.4001322,0.4113841,0.40782094,0.39689,0.40493223,0.4206437,0.40757576,0.39867476,0.39952973,0.4082808,0.39942688,0.41074663,0.40059802,0.40981644,0.41495478,0.3936262,0.40905792,0.38407308,0.40391546,0.40851086,0.40867433,0.40124604,0.4094121,0.3921438,0.3990805,0.41512892,0.41411197,0.38729855,0.3928823,0.39771464,0.4060455,0.3832978,0.38941288,0.40940848,0.40327495,0.42111608,0.3826781,0.40105706,0.4048929,0.40101087,0.40390307,0.40197802,0.4019633,0.40674415,0.40908527,0.4066908,0.3947769,0.39457023,0.38392124,0.40713432,0.407112,0.40027088,0.42032418,0.40836874,0.39560735,0.3800622,0.4085081,0.38832572,0.39636797,0.40163025,0.404873,0.4077829,0.39369905,0.41488004,0.38546103,0.4104585,0.38810813,0.40865457,0.38015866,0.4080669,0.40526092,0.39938927,0.40026632,0.39175075,0.40217647,0.39023727,0.39697385,0.39972964,0.41401705,0.38437682,0.4076939,0.3977038,0.39012927,0.40680572,0.39046296,0.40583897,0.3943095,0.39463603,0.40562776,0.38996798,0.40386897,0.3974291,0.41513893,0.38631615,0.40426156,0.4023812,0.39064923,0.39766487,0.39947844,0.40282992,0.39212233,0.4038507,0.40935308,0.39710915,0.3945972,0.41019246,0.40519008,0.38674343,0.4138957,0.40563798,0.38986185,0.41491345,0.39052972,0.41800052,0.39419696,0.40060133,0.40773165,0.3911992,0.39866272,0.40179646,0.3999459,0.4061155,0.39940974,0.4141311,0.41174674,0.39909965,0.3952736,0.4102311,0.39070728,0.40726855,0.40621775,0.39862573,0.38685414,0.3962139,0.4025776,0.39265117,0.42667416,0.39103055,0.40731427,0.4093915,0.38947314,0.40082923,0.40840778,0.41865388,0.39731196,0.40374976,0.39781007,0.39232096,0.3964175,0.40549985,0.40152055,0.41907537,0.3813991,0.40908316,0.40537605,0.40400591,0.39571685,0.3929316,0.3992368,0.40629017,0.3970159,0.407809,0.40756574,0.41238132,0.4098881,0.3939958,0.41465282,0.39577785,0.39770752,0.40152586,0.4184725,0.4026063,0.38698816,0.40825224,0.40482453,0.4219259,0.39824829,0.41487184,0.39898688,0.40219828,0.4092021,0.39991507,0.41058305,0.391367,0.41001266,0.42795238,0.41266516,0.41199282,0.40412405,0.40332115,0.38350362,0.3993163,0.41193983,0.4027775,0.4106795,0.4061562,0.39792413,0.40233698,0.41432726,0.41531566,0.40206552,0.4103205,0.39651766,0.39934483,0.40898386,0.41111216,0.40446422,0.4204244,0.4050811,0.41226915,0.40169358,0.38922215,0.40511355,0.39454326,0.40668762,0.42059994,0.4041099,0.37729672,0.40860385,0.39328632,0.4013417,0.39024508,0.40083933,0.42454496,0.41525567,0.40020472,0.4035931,0.4099409,0.39283955,0.41858354,0.42473325,0.39807576,0.41006523,0.40656617,0.3876375,0.4159617,0.40451276,0.41333622,0.40768862,0.39906275,0.39091176,0.3909269,0.41657245,0.40585876,0.40086463,0.40604156,0.39154983,0.39856672,0.4018341,0.39054385,0.39395928,0.40944916,0.4144937,0.40383357,0.3833769,0.40000728,0.4037186,0.4098413,0.41615644,0.4107669,0.4198578,0.4141272,0.40689638,0.40125746,0.40749153,0.39524654,0.39666682,0.40058497,0.40782282,0.39600947,0.40489337,0.4053739,0.4178043,0.4016609,0.39907533,0.41032827,0.40142262,0.4006778,0.4004882,0.40502626,0.40106013,0.41352046,0.39570472,0.39687982,0.3954948,0.40944636,0.3945738,0.41765237,0.38411555,0.38368675,0.40258273,0.39657128,0.40965468,0.4230193,0.40026554,0.3898703,0.4144107,0.412669,0.39008296,0.4041915,0.39496806,0.39663467,0.4075802,0.39264107,0.39083955,0.40543044,0.40599102,0.40760696,0.41186285,0.40465686,0.3927349,0.40661922,0.4123728,0.40512982,0.41243482,0.38775146,0.42870283,0.39402,0.4058913,0.4041197,0.41504535,0.4138114,0.39761192,0.40368494,0.4074672,0.41654682,0.4005815,0.3959,0.4079553,0.38930914,0.39339104,0.3938556,0.40121377,0.40073654,0.41183454,0.38220072,0.39350304,0.4023001,0.39354077,0.40740097,0.40100452,0.39125365,0.39714906,0.39556155,0.40928322,0.41223654,0.40082973,0.41448423,0.40179947,0.38656884,0.39720446,0.39972752,0.41099244,0.41340432,0.39055535,0.40642947,0.41907048,0.39591655,0.40901634,0.40287232,0.4136007,0.4021484,0.4071217,0.3982048,0.4146445,0.39509368,0.39828962,0.41553238,0.41742367,0.40010315,0.39773974,0.39027846,0.3954437,0.41862416,0.40501717,0.3944698,0.3911657,0.40473756,0.39978096,0.4175934,0.41087744,0.40435076,0.41019598,0.4046467,0.38866827,0.41355994,0.39746088,0.39443767,0.41264653,0.38338336,0.41307658,0.40392303,0.4105723,0.40162975,0.40966982,0.3996711,0.39564788,0.40051472,0.41462815,0.39905167,0.38571066,0.4044872,0.41421625,0.39085364,0.39478758,0.4172742,0.3850565,0.40893334,0.42074087,0.39849666,0.40134373,0.40946853,0.40173665,0.3957954,0.39318925,0.4061953,0.40222076,0.3928084,0.39702275,0.4054312,0.40630338,0.3992036,0.39375693,0.3934887,0.38639545,0.40678817,0.41033536,0.40269935,0.3907044,0.40846545,0.3918585,0.41556844,0.40025198,0.4093649,0.4097969,0.4134528,0.41012546,0.39648893,0.39874783,0.4094544,0.41982627,0.4084201,0.3966539,0.39092976,0.4034079,0.4209216,0.38892722,0.41179425,0.40587336,0.3852672,0.41434702,0.40871322,0.40404308,0.39257774,0.4069081,0.39575076,0.39655948,0.39494798,0.40727404,0.39660802,0.3944293,0.3962182,0.40215367,0.39669383,0.41527414,0.40201804,0.41423085,0.4080498,0.40140927,0.3984484,0.3973662,0.41296867,0.4079144,0.4175847,0.40531495,0.41079834,0.38956973,0.38384366,0.41747904,0.39831182,0.4029883,0.42181328,0.41320893,0.39911464,0.42232755,0.40286535,0.39215514,0.42176425,0.40439382,0.3955166,0.40452453,0.39493614,0.40988767,0.420342,0.4041049,0.39702958,0.40062666,0.4091841,0.40425712,0.41337645,0.4065522,0.40376428,0.40213796,0.39621758,0.39363155,0.39073497,0.39843225,0.4045508,0.4028527,0.39363864,0.40255284,0.39804116,0.39601463,0.41949272,0.41508466,0.40036416,0.41152725,0.39347377,0.39754865,0.42109472,0.40356573,0.4307993,0.41333985,0.40003166,0.40602317,0.40942475,0.40746516,0.40169984,0.4038327,0.42005712,0.38401172,0.4138851,0.4191173,0.41123703,0.38796142,0.41034335,0.379468,0.40154356,0.40247837,0.4125594,0.40505397,0.3926919,0.4069899,0.40861183,0.40881306,0.40103865,0.413048,0.41302797,0.39463547,0.4064469,0.4009905,0.4050333,0.40854764,0.3980847,0.4197611,0.39483517,0.40869293,0.4077901,0.39816657,0.38246527,0.4177027,0.40268686,0.38731414,0.41328442,0.40053087,0.38917884,0.39989865,0.40564883,0.40896517,0.401511,0.38643038,0.4122677,0.40625325,0.41796267,0.40493196,0.39614943,0.41514158,0.40243462,0.41165924,0.40526217,0.3930564,0.39554372,0.40197265,0.4208697,0.41539678,0.41402578,0.41369224,0.40579078,0.39738864,0.405836,0.40354475,0.40266037,0.40006372,0.4149739,0.39104846,0.39483118,0.4091731,0.41202262,0.39540341,0.40681407,0.38330424,0.40094143,0.40842432,0.4102264,0.40264568,0.3899808,0.40543234,0.40311015,0.39260826,0.39990756,0.40612113,0.40494812,0.39379546,0.40490845,0.406028,0.3849379,0.40183145,0.39738733,0.407742,0.40552247,0.41171235,0.39367673,0.39074543,0.39094657,0.3987806,0.39963213,0.4109275,0.4011254,0.39191437,0.40154868,0.38374108,0.40993112,0.4072613,0.3942189,0.3906078,0.4003062,0.3937353,0.3875205,0.418877,0.40312234,0.39124832,0.39669508,0.40409583,0.40762123,0.38620892,0.3951238,0.3978753,0.40124664,0.40456158,0.3890662,0.39342514,0.41520652,0.43945393,0.39957908,0.41067296,0.42029744,0.40464163,0.3868114,0.4109261,0.40744802,0.39517164,0.40583354,0.3969392,0.4089511,0.41387963,0.4092033,0.39584216,0.401979,0.41696167,0.40442592,0.4147209,0.38277283,0.40779072,0.41076443,0.39259833,0.40127486,0.40110946,0.37679097,0.39860362,0.40877813,0.39297035,0.41005978,0.40609372,0.39442202,0.4127747,0.40416783,0.39645106,0.4054335,0.39469764,0.42083323,0.41578123,0.39167675,0.40954757,0.39933714,0.40655464,0.4028078,0.38864735,0.4047101,0.40449733,0.40200084,0.3957274,0.41639265,0.402614,0.39857298,0.401294,0.42041576,0.40188277,0.39390895,0.40151504,0.404472,0.41049284,0.4027012,0.3970705,0.4036747,0.40789664,0.39495933,0.38725185,0.40032694,0.3975132,0.4104653,0.41350335,0.39337516,0.40068784,0.4037055,0.39947438,0.40232953,0.4068815,0.392891,0.40127656,0.3981278,0.3914034,0.4074655,0.39962,0.3950276,0.40193152,0.41689005,0.4039465,0.39621893,0.4144085,0.3899913,0.39553934,0.3941532,0.41232473,0.3919408,0.40015757,0.38889572,0.39529738,0.4283437,0.39953876,0.40742293,0.39741915,0.39800608,0.3945551,0.41513002,0.39494756,0.4086172,0.41373438,0.38950422,0.4200905,0.3972323,0.40452823,0.40226606,0.40538085,0.39951274,0.3912927,0.39499676,0.4026362,0.42185983,0.40136734,0.404246,0.40808523,0.4105314,0.41083017,0.39488795,0.39985436,0.40725917,0.39700133,0.4084584,0.39392105,0.40137917,0.4028153,0.4010071,0.40181777,0.38891783,0.402041,0.40215266,0.39298525,0.40348527,0.3993904,0.3934458,0.40409875,0.3976975,0.41557887,0.43861988,0.39891258,0.39907533,0.39529252,0.38696238,0.41079566,0.39844206,0.39818832,0.3990787,0.38153344,0.39440754,0.38057482,0.4225032,0.41553447,0.40994525,0.39865485,0.39097515,0.39118,0.39214867,0.41935784,0.4039615,0.40502426,0.38799685,0.4019872,0.41265804,0.3945275,0.39720097,0.40539092,0.3804267,0.4038142,0.39294255,0.39244124,0.3894667,0.41588005,0.40340295,0.40284538,0.40009058,0.3994079,0.39277142,0.41235247,0.4074037,0.40833104,0.38472852,0.39039597,0.39222676,0.40762186,0.3946307,0.41060776,0.40643167,0.39504546,0.40234232,0.39757547,0.39833218,0.41578177,0.40957227,0.40804774,0.41285187,0.41591874,0.39395118,0.4073901,0.40839633,0.4137527,0.41677526,0.41356355,0.40539855,0.41378686,0.40258074,0.3957501,0.39333436,0.4050551,0.3834119,0.39025933,0.39633498,0.41242892,0.39816844,0.3996122,0.39412493,0.4069275,0.39190567,0.4027467,0.40352374,0.39817193,0.40802738,0.3877731,0.40313464,0.41547662,0.39663574,0.39340222,0.40827098,0.40958053,0.3813926,0.40172574,0.3932935,0.39004207,0.39178574,0.37786818,0.40622473,0.39700788,0.40682742,0.3921817,0.416524,0.41465887,0.4049414,0.398275,0.4037876,0.3978414,0.40804878,0.3965805,0.39345098,0.38986194,0.41352278,0.3796367,0.39991534,0.4027829,0.40690377,0.40842855,0.40421805,0.38828558,0.39411303,0.39406985,0.42202485,0.4151674,0.4071355,0.40184313,0.40596524,0.4008948,0.40277,0.40660217,0.40015376,0.38394997,0.3977878,0.41631818,0.41290587,0.39361235,0.38659698,0.3959131,0.40453646,0.37644506,0.40622407,0.40812153,0.4109864,0.40266937,0.40630615,0.39575082,0.42016953,0.40833902,0.40809128,0.39479783,0.4066419,0.40037426,0.39708716
