0.38556007,0.40757287,0.3768485,0.3647163,0.44041693,0.3762971,0.3477765,0.34696296,0.3658243,0.40966538,0.35690486,0.42029583,0.40023157,0.32926327,0.37324154,0.4148462,0.36064819,0.38430524,0.3881799,0.3643977,0.44169378,0.39792532,0.3705463,0.36693412,0.4545491,0.3794695,0.37769535,0.37617898,0.35518467,0.4165595,0.3960112,0.40350935,0.39440155,0.37511522,0.38950658,0.3740114,0.38968515,0.39108482,0.39323816,0.37453595,0.34166363,0.40542966,0.33716705,0.37220317,0.37975216,0.37886834,0.33102646,0.36225364,0.4408757,0.37210184,0.37225953,0.43960878,0.38408744,0.38040057,0.4129972,0.40225148,0.3535095,0.39982513,0.3917868,0.38361683,0.3909377,0.38264364,0.41363397,0.35332584,0.3878649,0.3674038,0.38474497,0.38192692,0.38645723,0.35727024,0.3846413,0.389623,0.37234527,0.3950682,0.33149213,0.4074488,0.34512183,0.40187898,0.36078876,0.39554298,0.38540334,0.42412376,0.36683676,0.38662016,0.42780966,0.34429228,0.35524932,0.36144993,0.3823346,0.4081682,0.38062012,0.39198253,0.3592711,0.34951738,0.4086065,0.3839299,0.39801472,0.3239089,0.35966903,0.41164422,0.33449057,0.3824668,0.40191782,0.38432428,0.37955815,0.3100732,0.37250665,0.3570794,0.41603425,0.3663357,0.44134322,0.37453508,0.411528,0.39664322,0.41045088,0.33946794,0.38561773,0.37388694,0.36393845,0.3648702,0.3615017,0.37047324,0.36408323,0.36654168,0.38842458,0.3729691,0.38794538,0.3614785,0.408341,0.39711052,0.381494,0.40429538,0.3914329,0.34817377,0.3921434,0.4327765,0.37994176,0.40035772,0.39433253,0.44634613,0.3850939,0.3709103,0.4275067,0.37089005,0.38660175,0.3674484,0.36777523,0.37417698,0.36839524,0.39333653,0.40198582,0.36652917,0.39569423,0.3734583,0.3643167,0.42478675,0.40987068,0.42257056,0.429471,0.345564,0.34392437,0.42460346,0.36565533,0.36858633,0.35918254,0.3554083,0.38437176,0.37131485,0.34634072,0.36176586,0.37014678,0.4178497,0.3825101,0.3810252,0.3581388,0.3735159,0.44150046,0.39828736,0.39088464,0.37590322,0.3588733,0.32271716,0.3836445,0.3556421,0.3523352,0.3622405,0.33121765,0.37844443,0.40714937,0.37408137,0.33003828,0.36419708,0.36207363,0.34941977,0.37198612,0.3565876,0.3745507,0.3135908,0.3867955,0.35536313,0.3777278,0.4187018,0.44989374,0.3770204,0.38144705,0.37028864,0.3896978,0.3982929,0.4014789,0.3938481,0.43770832,0.39140254,0.38565132,0.37519392,0.38687006,0.38435858,0.38252783,0.3554883,0.38995087,0.4168346,0.37513727,0.4204679,0.4047874,0.34639013,0.41395837,0.36210948,0.363342,0.42855477,0.3456371,0.43046838,0.37484193,0.37304613,0.34439856,0.3613995,0.39593944,0.38190293,0.35583416,0.40918568,0.36838752,0.35963735,0.34633517,0.40125814,0.3597426,0.3935179,0.3286457,0.39291558,0.3646741,0.35674435,0.41177228,0.3643312,0.3764757,0.3773126,0.36113524,0.3908016,0.38027287,0.42808327,0.33015227,0.4113556,0.3577252,0.41033965,0.38286018,0.4123906,0.3917202,0.34822512,0.37316012,0.3875234,0.3804229,0.42838055,0.37810034,0.34332728,0.44350278,0.40465674,0.40158728,0.41627374,0.339651,0.4279173,0.37557006,0.3709495,0.39033613,0.36574507,0.3839436,0.32074657,0.3966435,0.37099543,0.43631196,0.3604203,0.4185608,0.42853332,0.42726856,0.4294523,0.34825212,0.34644702,0.35531354,0.3560161,0.37594697,0.36313266,0.36319476,0.3738321,0.37732723,0.38928926,0.43356118,0.41381687,0.37284288,0.41263664,0.37002322,0.37673217,0.39764982,0.38245237,0.3497572,0.42964378,0.3718601,0.375562,0.38487327,0.3793808,0.3764634,0.39321074,0.41828018,0.37776107,0.40327385,0.38502616,0.40906528,0.3845892,0.38542014,0.39127195,0.40734884,0.4292571,0.40832943,0.42291957,0.37635654,0.37112612,0.3966084,0.38400406,0.4233519,0.37834495,0.3763011,0.38193074,0.37137955,0.34762925,0.35013795,0.4121741,0.39566302,0.42250246,0.37498048,0.37934113,0.3743432,0.39529106,0.35342503,0.3847826,0.39445496,0.34850213,0.36458898,0.37480375,0.34592924,0.4129004,0.34197226,0.37311542,0.38429594,0.3559116,0.40228224,0.35180122,0.3866436,0.3667893,0.37387657,0.37502122,0.37439576,0.37312734,0.36169356,0.3716011,0.39224777,0.37629294,0.39347395,0.3864942,0.37611747,0.38164243,0.36143696,0.37429243,0.4028929,0.3666707,0.4140101,0.38851997,0.381872,0.3586055,0.36549413,0.33088392,0.3993423,0.38833398,0.3894762,0.40969646,0.39549804,0.3815264,0.4040386,0.35244742,0.4018109,0.39379483,0.39550135,0.38313156,0.4207723,0.40720493,0.35529602,0.39151365,0.38698053,0.40699238,0.4034875,0.38181117,0.38736957,0.38499448,0.37676847,0.43494618,0.42504868,0.35906887,0.3473379,0.3794577,0.38662112,0.36193404,0.41265744,0.37380344,0.39138708,0.37102425,0.38553658,0.39133006,0.354253,0.39659792,0.3911127,0.3590101,0.37561876,0.39651215,0.39883283,0.36725432,0.39715695,0.42448962,0.44198287,0.35653347,0.4311621,0.37322617,0.3897873,0.391761,0.36418653,0.39119595,0.4150272,0.4167265,0.39218634,0.38109595,0.34128323,0.3924703,0.37163088,0.38665134,0.36716816,0.3803745,0.392967,0.37641594,0.36474463,0.36697033,0.36247975,0.35631102,0.3453671,0.37408796,0.36917463,0.4053531,0.368762,0.37947172,0.4140752,0.36073977,0.46688697,0.4010789,0.37497586,0.38750282,0.38027138,0.38430378,0.33469766,0.40281248,0.39506847,0.4073992,0.3933739,0.41981423,0.3936605,0.37536222,0.43030578,0.37852976,0.3317201,0.39864632,0.37124017,0.3809232,0.38432726,0.41449037,0.3538921,0.3977326,0.3823079,0.38819206,0.33222616,0.35567316,0.3827306,0.38020095,0.39611048,0.40396252,0.36174917,0.3506563,0.40487075,0.37790036,0.3731969,0.4039221,0.38299942,0.4025597,0.38242534,0.39351678,0.37680468,0.4464523,0.36078095,0.40433627,0.37977657,0.38983312,0.3787109,0.38833106,0.46437243,0.3772371,0.4046233,0.40178624,0.3888589,0.40933883,0.4075097,0.3494267,0.35297453,0.39859587,0.38507694,0.39608455,0.38754153,0.39432162,0.39227402,0.36771697,0.41031396,0.40191847,0.36774975,0.38843846,0.35131085,0.37091714,0.36473703,0.4004909,0.3863188,0.42705032,0.38430333,0.38180393,0.41316798,0.34105042,0.38785678,0.42377993,0.3831247,0.3733292,0.33869815,0.3720835,0.3511013,0.36019224,0.3758519,0.40446696,0.39105612,0.38593054,0.41444176,0.36469108,0.40974298,0.39052278,0.3874102,0.37527034,0.3691559,0.3977753,0.37490156,0.40167603,0.38162923,0.379681,0.3803968,0.34244335,0.39641225,0.3717916,0.3938948,0.36551356,0.38192773,0.41110066,0.3787458,0.3748372,0.38616404,0.40408638,0.38462308,0.38719383,0.39763126,0.36762533,0.38130033,0.3952136,0.39674583,0.42179996,0.3824327,0.45342997,0.4173161,0.4068271,0.33390346,0.4363882,0.3925441,0.36589307,0.38047937,0.4026083,0.4111492,0.43564966,0.38669392,0.39591438,0.38212222,0.38197553,0.34292027,0.4065922,0.37090173,0.3407615,0.3655006,0.41109613,0.37237054,0.35888138,0.40335262,0.39157945,0.39761817,0.37137842,0.4014377,0.39703265,0.35532844,0.3647766,0.35239622,0.38714162,0.34610575,0.38385043,0.4237538,0.35363108,0.4147865,0.39515886,0.4136548,0.4004997,0.36019117,0.34081507,0.35429016,0.42148632,0.36406988,0.41886768,0.38364744,0.37530228,0.3419429,0.41295317,0.35683548,0.3966292,0.40171677,0.3827746,0.41309607,0.36644977,0.36955684,0.43058744,0.34616393,0.41243094,0.37766248,0.38702184,0.3751567,0.37689847,0.40575603,0.35931867,0.38989645,0.39700627,0.4097637,0.39076552,0.38662922,0.3838478,0.35638672,0.42576942,0.3566522,0.39528477,0.31852332,0.36382782,0.38212603,0.35606134,0.42702216,0.39672455,0.3827976,0.4133665,0.43314716,0.3484376,0.3642148,0.3649707,0.36271766,0.4263109,0.40178567,0.4025113,0.40607432,0.39466816,0.42515838,0.39033827,0.40161386,0.35713106,0.38508442,0.3861793,0.4135903,0.4227932,0.35404873,0.3914914,0.3735742,0.3476588,0.40977037,0.31539708,0.41277385,0.40331072,0.35020927,0.34948036,0.39175928,0.36119696,0.42669243,0.39333314,0.40656066,0.39921543,0.43462592,0.38553768,0.40196407,0.42145404,0.43137026,0.38188946,0.39213914,0.36656332,0.40234914,0.38382477,0.37859225,0.34398937,0.3241703,0.39846233,0.38626164,0.3866073,0.3506497,0.33480418,0.3584271,0.42294362,0.44968426,0.34832886,0.43339834,0.36072338,0.3927765,0.36278874,0.425016,0.3536467,0.36281398,0.42110294,0.40532494,0.41447362,0.39998314,0.37923527,0.42772743,0.3523714,0.36966437,0.41162792,0.3701334,0.36586156,0.36541778,0.4371421,0.37971818,0.36250263,0.3875296,0.38018197,0.38809198,0.40451974,0.37251842,0.37838322,0.38747102,0.35260028,0.38154152,0.37136,0.40657032,0.41044608,0.4150533,0.3805571,0.40301055,0.40286705,0.3733575,0.3749348,0.36280388,0.38131267,0.4360775,0.39779684,0.38805702,0.39350122,0.3514065,0.35009882,0.33721578,0.34967813,0.37910596,0.4251468,0.37884122,0.3753158,0.40445864,0.383993,0.37539807,0.43461123,0.4002277,0.4465138,0.39006633,0.35388967,0.40106332,0.3752793,0.40944937,0.38951412,0.3541673,0.42267483,0.40134344,0.4388215,0.41268495,0.37589028,0.3989948,0.39043662,0.36094627,0.35652703,0.39377093,0.3403251,0.3499383,0.37421158,0.3766119,0.3525527,0.35307655,0.4125701,0.375234,0.38731992,0.3515157,0.41459227,0.408378,0.361954,0.39503407,0.45430636,0.38907647,0.3762673,0.43134996,0.37511438,0.38580227,0.39348477,0.437337,0.4026775,0.3668359,0.4012642,0.4260803,0.39072397,0.35215786,0.36221555,0.37433237,0.37367138,0.38507986,0.39705843,0.37813017,0.3771791,0.41948912,0.33639786,0.39048633,0.40518674,0.36241835,0.41454408,0.4160589,0.4279313,0.36941522,0.41975304,0.41603652,0.38067693,0.40354085,0.39229977,0.4045884,0.41638356,0.36063194,0.34776935,0.35971624,0.35596675,0.34329623,0.3867427,0.4220103,0.3669827,0.3725958,0.36515278,0.3884114,0.37822115,0.41480148,0.35386497,0.42038286,0.4049786,0.39163858,0.37923282,0.3720597,0.4097336,0.38455868,0.35998648,0.3850386,0.38858277,0.3733735,0.34505796,0.38530526,0.40049845,0.34608752,0.41497055,0.38446295,0.39577225,0.39784452,0.37570763,0.36870122,0.39123246,0.3605047,0.38604203,0.3660145,0.36369276,0.38689074,0.3683496,0.38512808,0.36613518,0.41641402,0.36298427,0.37735713,0.33794248,0.36383796,0.38826168,0.3559302,0.4200304,0.38430917,0.39133114,0.37291536,0.3664549,0.3955685,0.36941585,0.37868217,0.33936635,0.40005356,0.40765524,0.38702303,0.40535742,0.40092266,0.39860335,0.38838992,0.34186,0.372082,0.36313945,0.42988715,0.353784,0.3439476,0.3545678,0.3877542,0.4179421,0.35264078,0.3556283,0.38343006,0.40504444,0.39024135,0.36581123,0.38501734,0.41676885,0.38233036,0.37521422,0.36396876,0.41159594,0.37907538,0.40138513,0.38575137,0.3886362,0.3848293,0.3573803,0.39149833,0.38775042,0.3277761,0.36570704,0.3744032,0.36757827,0.3906228,0.33006465,0.41034576,0.37636936,0.39007398,0.39412895,0.36557254,0.36662608,0.3616913,0.35617536,0.41313398,0.33248517,0.36977294,0.384525,0.36069068,0.362673,0.41653845,0.3962682,0.39004716,0.38128856,0.37623066,0.4180509,0.40524864,0.38663888,0.3889106,0.33707657,0.39238122,0.37697616,0.37923697,0.37144685,0.44217297,0.38236728,0.37299234,0.39379612,0.39457726,0.40032664,0.38172325,0.36295557,0.3915099,0.38635987,0.40605062,0.38149375,0.42897722,0.36962458
0.33751157,0.33807865,0.33738545,0.31529808,0.32440287,0.30182347,0.32891375,0.32727757,0.33465797,0.31990713,0.34376204,0.29920298,0.34654808,0.30888027,0.287092,0.33052775,0.32830673,0.31772646,0.30281335,0.32044494,0.3077451,0.31747055,0.3407324,0.32776007,0.34514722,0.3332584,0.3485354,0.30700406,0.28416348,0.33213815,0.3311785,0.33185834,0.29495865,0.3165947,0.3230059,0.3103386,0.34244335,0.33201197,0.3264119,0.328675,0.3005951,0.31762347,0.35006285,0.3010575,0.304933,0.33625984,0.33632326,0.30333745,0.32904366,0.35510883,0.31872055,0.33895183,0.34240764,0.29952133,0.35663852,0.3407037,0.3727499,0.32003886,0.31013882,0.29609078,0.2961408,0.3015272,0.37169346,0.29361665,0.35136667,0.3304335,0.31932977,0.34158283,0.3512904,0.32527342,0.3480506,0.33764583,0.29767174,0.34191504,0.2958957,0.34722897,0.32938564,0.34627852,0.27019596,0.31808564,0.28860715,0.3256521,0.2990678,0.28538784,0.3187526,0.32913974,0.31174624,0.2954345,0.30269113,0.3311575,0.35672626,0.34161183,0.31344035,0.30839342,0.3288173,0.32541937,0.321405,0.29856238,0.3185432,0.30285442,0.3196337,0.3020777,0.35169697,0.29534405,0.33412698,0.35544994,0.30578023,0.34252903,0.32910708,0.3334394,0.37471855,0.291575,0.30707663,0.33517748,0.34557545,0.29481113,0.34590602,0.33386713,0.33311534,0.32685107,0.32231325,0.32725912,0.3269649,0.3194791,0.2779903,0.32949555,0.3612366,0.34036195,0.3349038,0.34906864,0.30638266,0.3218662,0.30096754,0.32158732,0.3377373,0.33786193,0.3778829,0.32778156,0.31153518,0.29354894,0.32820857,0.3057111,0.33832288,0.34372747,0.34463745,0.32040647,0.32131547,0.31907555,0.31398156,0.33043635,0.326141,0.34503734,0.31633723,0.33530307,0.35223612,0.3247187,0.30100858,0.3620163,0.33807567,0.31308463,0.33682388,0.3341611,0.31386745,0.3187862,0.34788913,0.30649605,0.32780406,0.37198925,0.3360246,0.31922388,0.3195356,0.34021464,0.3267487,0.33451673,0.31105,0.3038887,0.35528645,0.3226405,0.35404778,0.32650298,0.29868722,0.3205439,0.28353775,0.33838612,0.3272604,0.31803864,0.28752714,0.30706283,0.3223611,0.33051842,0.25971264,0.2876863,0.320481,0.27802294,0.3138409,0.32917193,0.30292308,0.2570177,0.29821298,0.32016295,0.31451714,0.3230009,0.3176187,0.3088984,0.3274741,0.3330573,0.3168107,0.3355744,0.34329134,0.33570322,0.3487353,0.31598103,0.3416714,0.31096947,0.28843123,0.29345414,0.32292202,0.3158894,0.32060346,0.31693378,0.30506256,0.3298738,0.325985,0.32816774,0.35910878,0.31269798,0.29311875,0.35022545,0.3051146,0.36730424,0.30150145,0.31732816,0.3335517,0.27115506,0.3326172,0.34181386,0.31816912,0.32723764,0.32346672,0.3051262,0.2959486,0.3253242,0.33671078,0.2839839,0.33727136,0.32743347,0.33187953,0.29026714,0.3288709,0.32339248,0.3486468,0.3602894,0.33411095,0.31766856,0.34480584,0.3340706,0.30919677,0.32684565,0.27500474,0.37399057,0.31908417,0.30980057,0.3544877,0.3181194,0.31144932,0.34399748,0.32347405,0.32609996,0.28246558,0.33433843,0.35463524,0.32720724,0.33015493,0.33948073,0.28383714,0.3387096,0.30611247,0.30931136,0.3229909,0.3354212,0.30108243,0.33215564,0.3136004,0.30974013,0.36213908,0.2990025,0.32367608,0.32852393,0.34636146,0.32950518,0.29397097,0.27948266,0.28301033,0.30727136,0.30816942,0.34258112,0.3176318,0.3229143,0.33464366,0.33930427,0.31236845,0.30118284,0.3439071,0.31249052,0.29469818,0.33526206,0.32895535,0.347647,0.2869529,0.3172097,0.37039948,0.33242962,0.3302538,0.31518295,0.31029487,0.30341607,0.34393552,0.3324343,0.30520427,0.31502688,0.32845405,0.2772544,0.32546234,0.33723423,0.3292601,0.34013134,0.33012414,0.33068419,0.28765517,0.3114673,0.3479361,0.32552478,0.36024824,0.30283752,0.2879741,0.34917325,0.33214214,0.35828114,0.29752266,0.34665042,0.3410479,0.33972102,0.31079933,0.33811313,0.30323502,0.32691163,0.34169,0.33860207,0.3087603,0.3001601,0.29884687,0.34660792,0.31079862,0.34994268,0.297116,0.3220637,0.35555196,0.26637244,0.27852878,0.35144994,0.3271508,0.26847833,0.29494956,0.3146576,0.31346413,0.33956397,0.34407994,0.30137217,0.38166958,0.32547453,0.35486203,0.31399927,0.33318013,0.3062147,0.34651002,0.31395745,0.3302724,0.2924841,0.31797326,0.30994558,0.31907818,0.33476317,0.31816334,0.33800414,0.30056912,0.32573164,0.340855,0.31734574,0.28642273,0.32139456,0.3252309,0.29888347,0.31167915,0.31985646,0.2926343,0.3127925,0.38136566,0.32330784,0.32134494,0.33108002,0.31858972,0.30719352,0.30024955,0.31233424,0.31520462,0.34756875,0.3417414,0.33020282,0.33480975,0.30999884,0.31379548,0.3237783,0.3263031,0.33402222,0.33327597,0.3504305,0.31320003,0.27461645,0.3077069,0.3497527,0.32899213,0.29903173,0.31345928,0.3207956,0.29247862,0.32581085,0.31497902,0.31327394,0.31632453,0.2998099,0.35956433,0.2894983,0.36610347,0.30507457,0.3435176,0.3204989,0.31664544,0.33474106,0.3711325,0.33242583,0.32189336,0.31815863,0.31408,0.28332537,0.33437312,0.34210378,0.30380657,0.2936682,0.38529447,0.31966722,0.30749506,0.3381864,0.30520576,0.32196462,0.32137638,0.37268436,0.3237518,0.34086317,0.31131476,0.3679638,0.3256306,0.27607614,0.37300667,0.28178802,0.37635687,0.32441935,0.31595978,0.29416084,0.30972326,0.3449085,0.35337868,0.31500232,0.34319028,0.33288598,0.3151389,0.29256228,0.33333194,0.31347924,0.2836212,0.30245927,0.30515254,0.3296046,0.3139875,0.31611013,0.32279,0.32630166,0.3541376,0.32479066,0.3086521,0.32008553,0.3147326,0.3276801,0.32636875,0.3137938,0.31308183,0.294344,0.3406723,0.30559435,0.318187,0.30084527,0.34743947,0.35733384,0.33082095,0.34201694,0.3484933,0.330876,0.33469686,0.32778075,0.32119668,0.35173458,0.3370872,0.32598954,0.36705783,0.30747887,0.31314194,0.3084303,0.2907704,0.34978732,0.3070929,0.29652798,0.31254792,0.31636518,0.33524063,0.33792773,0.34278,0.31439447,0.3259575,0.30430016,0.36208883,0.30050072,0.3004276,0.34923482,0.34120834,0.303221,0.3274339,0.3119182,0.33063596,0.33445263,0.3403723,0.32131487,0.34108254,0.294721,0.28127533,0.3182017,0.34569478,0.3292066,0.31553024,0.30823782,0.31092834,0.3236404,0.31573546,0.2863703,0.3227177,0.2926088,0.32429788,0.34111872,0.30982977,0.3150205,0.31411028,0.33898622,0.29683977,0.30252102,0.31089994,0.30142605,0.3427886,0.30858192,0.3185613,0.32576376,0.34073466,0.32265174,0.3228143,0.32511413,0.30021495,0.32439342,0.35617596,0.3053472,0.3422684,0.3248068,0.34078875,0.3230675,0.34517908,0.319928,0.32529,0.3299558,0.3627211,0.3029998,0.3061028,0.36569244,0.31513396,0.32705516,0.30900902,0.3351212,0.30920255,0.33853054,0.2829739,0.3633308,0.32735705,0.32855868,0.2998254,0.3434786,0.29992288,0.34250593,0.31643945,0.30292785,0.32353196,0.27642846,0.30397394,0.33811292,0.33830285,0.31735924,0.33774585,0.33473974,0.31770653,0.3358625,0.333693,0.29667622,0.2936909,0.30795422,0.32451385,0.31777936,0.30700943,0.33311534,0.31932452,0.3345451,0.3178384,0.28793228,0.3445332,0.33241725,0.2897228,0.32207775,0.30589154,0.36862794,0.3439222,0.3426777,0.30071694,0.33136743,0.34959695,0.33620572,0.33591953,0.34000218,0.32081994,0.34879836,0.3399649,0.3155859,0.31804398,0.39372435,0.33664936,0.36038536,0.31439018,0.3283252,0.32659763,0.3372257,0.3380352,0.30055127,0.3042369,0.34848335,0.31855983,0.30641782,0.2812989,0.3373431,0.30733025,0.33015734,0.32863232,0.3359695,0.30148587,0.3207156,0.36917531,0.31305522,0.3563977,0.29798362,0.33880904,0.35293794,0.38539743,0.31970438,0.32619473,0.30647123,0.33063474,0.38090223,0.32161462,0.33161718,0.33326614,0.33155093,0.34871137,0.30286795,0.32447314,0.30526853,0.3382472,0.3170967,0.3160649,0.33942258,0.35895061,0.3457747,0.30376834,0.30573946,0.34088087,0.31386834,0.3472515,0.32403493,0.32315785,0.30123582,0.33293042,0.310303,0.35019222,0.33627018,0.30884457,0.32890725,0.3323916,0.3416337,0.33512646,0.31438115,0.32458127,0.296436,0.3125627,0.3511176,0.29780924,0.2812367,0.34244725,0.31643075,0.30607292,0.31577307,0.3558084,0.2906907,0.34424344,0.28362593,0.32878327,0.3348118,0.38399506,0.302344,0.32985985,0.32449478,0.31071538,0.35274693,0.319437,0.31540346,0.33837745,0.289836,0.3279456,0.32178125,0.34373572,0.3016513,0.34489578,0.29000977,0.3157443,0.34268457,0.34270895,0.32450807,0.32122728,0.34007013,0.33734354,0.28992933,0.3292213,0.30532873,0.33763576,0.35104164,0.32148093,0.32041776,0.33010522,0.31497186,0.33975384,0.3210443,0.3418264,0.3558852,0.33370256,0.34154066,0.30351397,0.29319647,0.3595253,0.31398323,0.34341687,0.28332654,0.31064928,0.3516109,0.347202,0.33692262,0.28240025,0.32538182,0.30549192,0.26871106,0.35173133,0.34301037,0.32083887,0.2998207,0.3362202,0.30354977,0.31981274,0.30343243,0.30661172,0.3397039,0.27141634,0.32943806,0.3241087,0.31737655,0.34858692,0.3423902,0.31579864,0.3426042,0.303703,0.329634,0.3436929,0.3353939,0.33695677,0.3753092,0.32374543,0.2928278,0.33831155,0.313428,0.32589084,0.32595894,0.36072466,0.32536036,0.30839077,0.33870658,0.33152068,0.3059445,0.308592,0.3191674,0.31251037,0.3071525,0.32529816,0.30831692,0.33223984,0.3107472,0.31538785,0.35131514,0.32382882,0.3099551,0.33263746,0.31557918,0.31647003,0.3241525,0.33294797,0.30135673,0.31582114,0.2878142,0.31613564,0.29255912,0.30534938,0.2966099,0.3115008,0.3030097,0.3070302,0.32197818,0.29795763,0.34707212,0.32568744,0.3068644,0.33825007,0.34767532,0.31767678,0.3007717,0.34212223,0.32652628,0.32561436,0.3521639,0.32720315,0.30774844,0.2863486,0.32304892,0.33060822,0.32148248,0.30687392,0.31822348,0.31609032,0.29789197,0.29284203,0.2972016,0.29799247,0.3330818,0.27936694,0.3129968,0.31199643,0.34474978,0.32370687,0.3281491,0.34610617,0.31199878,0.3283165,0.32574105,0.3434896,0.31266603,0.34217364,0.30180255,0.32139322,0.32268035,0.29631618,0.30980605,0.29840705,0.33521003,0.33801216,0.3058983,0.31141222,0.2974126,0.33495757,0.34993413,0.2600568,0.31718004,0.32541072,0.30405954,0.27975643,0.33423343,0.3476423,0.3264859,0.32134357,0.31679514,0.30246747,0.31862313,0.30989853,0.34051418,0.355727,0.3444244,0.32864684,0.31409755,0.33006886,0.29403588,0.3795787,0.29868206,0.34147352,0.32636768,0.3321944,0.40396857,0.33018118,0.3401272,0.31464183,0.29267702,0.32699016,0.32011685,0.36479706,0.33230695,0.32912138,0.32841134,0.31892875,0.32892877,0.3528165,0.31277794,0.323991,0.3367185,0.34196472,0.3152896,0.32704803,0.3167668,0.33045053,0.32636812,0.3513834,0.32933158,0.31696555,0.35166225,0.31653208,0.31336594,0.31549162,0.33462137,0.32638553,0.3322364,0.306301,0.3351765,0.33451015,0.2988662,0.33422315,0.32765868,0.35438168,0.29018575,0.36325496,0.31014583,0.32390943,0.31122056,0.33721763,0.2860523,0.36855224,0.3149957,0.3237015,0.3311547,0.32361394,0.3050913,0.34065074,0.28955373,0.31172955,0.3326361,0.33257174,0.32734644,0.33149523,0.3269441,0.32506952,0.33422634,0.3115704,0.33108127,0.3368601,0.3347205,0.32721147,0.3353802,0.33608702,0.31160688,0.3407486,0.35151562,0.31532526,0.30458927,0.33258522,0.2996736,0.3084628,0.34200102,0.34651437,0.3083639
0.3938839,0.41073713,0.38214707,0.35406956,0.39202172,0.3594016,0.37820685,0.38040733,0.3854323,0.37657487,0.3958066,0.32800126,0.3800454,0.33681804,0.3349665,0.37902376,0.3817839,0.3724494,0.36317736,0.34445184,0.36534837,0.37139532,0.4048732,0.40670562,0.3947876,0.3483374,0.37471837,0.3628486,0.32811114,0.35100698,0.36469042,0.39657652,0.326616,0.38750964,0.3571938,0.35240772,0.38799068,0.38241515,0.37880123,0.43222007,0.36789927,0.3391546,0.36099124,0.31240365,0.3661188,0.38848805,0.36632922,0.38170642,0.40332305,0.37292898,0.36223906,0.38571864,0.42347127,0.39933124,0.3955893,0.39092037,0.41918457,0.37008253,0.39242908,0.37034652,0.35749066,0.35072374,0.40917876,0.35540563,0.39876124,0.35601568,0.39291394,0.37100774,0.389332,0.3735221,0.3916393,0.37778524,0.3588074,0.35492903,0.3470739,0.4234213,0.38343605,0.4136994,0.30487043,0.37657762,0.3768854,0.3778251,0.34724212,0.34819627,0.394572,0.3570734,0.3694954,0.3568783,0.34250617,0.3958895,0.37987313,0.38685524,0.3311177,0.36924174,0.38454086,0.3551283,0.35168082,0.33087856,0.33786404,0.38026407,0.3723551,0.3803357,0.41185743,0.3678493,0.36865968,0.34506258,0.388999,0.36053127,0.37240463,0.39792326,0.4096181,0.31198394,0.36747018,0.3867379,0.39554602,0.3547336,0.38672876,0.3904577,0.36283228,0.3690494,0.37443852,0.3521827,0.38647854,0.34032542,0.33939165,0.36814785,0.40869665,0.36328903,0.38240695,0.39377934,0.3540927,0.350138,0.39211866,0.3439778,0.38749906,0.37788028,0.44395977,0.3837489,0.35477394,0.38434917,0.35397878,0.34207976,0.37997267,0.38640085,0.38378465,0.35921806,0.35796735,0.41030616,0.33764827,0.40419203,0.3618675,0.38778463,0.37458324,0.3825389,0.37970537,0.38216382,0.37805566,0.3844746,0.40347204,0.35216472,0.34995255,0.37610805,0.3565272,0.36415848,0.4018066,0.35950938,0.35154158,0.40764123,0.37276474,0.3908943,0.37739462,0.4223268,0.369937,0.41107044,0.3274529,0.36849266,0.3828914,0.3485951,0.38221878,0.40103093,0.39206114,0.3379213,0.32679972,0.38673434,0.38508645,0.37983906,0.3149759,0.33980492,0.36724865,0.36455077,0.36451462,0.35361373,0.36070567,0.3119339,0.38177425,0.37031245,0.3362855,0.28720078,0.3552612,0.3438884,0.35378698,0.3909419,0.39191514,0.36497393,0.40024453,0.38167813,0.36898163,0.37036148,0.36925995,0.3742117,0.42542636,0.36737823,0.3981798,0.39524275,0.36153448,0.36527878,0.3467427,0.37369254,0.3350274,0.36461404,0.34827256,0.37225753,0.3938435,0.36215368,0.4243342,0.32452035,0.3272012,0.41976786,0.35230935,0.41282755,0.3604177,0.39439732,0.36242938,0.34638244,0.37891248,0.38020083,0.36974698,0.35946938,0.38085708,0.34466335,0.3694663,0.36754748,0.3729353,0.34021464,0.3613976,0.3957478,0.3416593,0.3305299,0.37462357,0.3570088,0.3793391,0.39320707,0.3627947,0.35505873,0.39658436,0.42373267,0.34567052,0.35429937,0.33438045,0.42683297,0.35720798,0.35607934,0.41058546,0.37468314,0.37020272,0.42313892,0.37331307,0.39290082,0.3519629,0.36412105,0.4018559,0.38206157,0.38789645,0.40373456,0.36344224,0.39334345,0.3309626,0.36712578,0.36744177,0.36038715,0.3298645,0.33150125,0.39047775,0.3539726,0.3898108,0.33260158,0.35763982,0.35438636,0.36838633,0.3807217,0.3415942,0.296387,0.3422457,0.35674274,0.35969746,0.3423549,0.37424794,0.35495865,0.37624145,0.37489328,0.38767582,0.3329694,0.3546251,0.38700047,0.36463377,0.39052635,0.38147908,0.3852861,0.34232455,0.37776005,0.4202729,0.354376,0.36193037,0.34710288,0.36878392,0.39045098,0.40438992,0.36838537,0.3411696,0.3542241,0.34544533,0.37121835,0.35299394,0.38174716,0.37801367,0.38153857,0.3707953,0.3790505,0.3497436,0.3663953,0.39394653,0.3496558,0.41172326,0.36841574,0.33843648,0.4174415,0.40402424,0.39588848,0.34410524,0.39600688,0.42213422,0.3969947,0.3597309,0.37203118,0.3881732,0.3699987,0.34780315,0.38130444,0.35288244,0.35890114,0.33462825,0.3768784,0.38047194,0.3776571,0.34518358,0.37752134,0.38173723,0.350907,0.3652978,0.39812094,0.36643142,0.33898428,0.34629774,0.35291627,0.3471953,0.4055418,0.37431455,0.38340122,0.40600073,0.3461886,0.38285747,0.33967984,0.38003084,0.3614122,0.38207388,0.348612,0.3749398,0.3729536,0.3686379,0.37930393,0.38322875,0.35698473,0.34750903,0.34214935,0.34738928,0.394144,0.3817122,0.37588727,0.3498456,0.36174867,0.39520758,0.35501546,0.41013634,0.38119972,0.3438687,0.31181252,0.41050377,0.35962597,0.35968727,0.3680545,0.36672023,0.37867334,0.36808574,0.3368489,0.3650323,0.38686928,0.3535752,0.38598064,0.4111284,0.33435303,0.3350541,0.34607852,0.35953122,0.3824367,0.3838129,0.3656361,0.3706481,0.3058433,0.3808212,0.39382342,0.4167623,0.36726403,0.38566914,0.35432163,0.3751511,0.35038593,0.3677334,0.34524193,0.37136412,0.36443764,0.4227776,0.3284509,0.41079837,0.37071836,0.42860943,0.3741265,0.37175637,0.38240784,0.4161343,0.3836856,0.39838684,0.35030106,0.35055923,0.33294585,0.37386933,0.39342108,0.33336115,0.34690458,0.38453972,0.32901686,0.3522371,0.34899706,0.35544726,0.37326667,0.33062783,0.36728638,0.3428771,0.39688244,0.32563546,0.3961853,0.39066264,0.32062116,0.42675197,0.34517354,0.37671882,0.3382901,0.3672707,0.34408262,0.3352688,0.38655576,0.40210217,0.3984153,0.38204437,0.40259713,0.37955153,0.36763096,0.3904662,0.38486475,0.29804027,0.3630441,0.39175922,0.3833434,0.37327346,0.38934663,0.34142134,0.39073884,0.40379336,0.34732023,0.34824538,0.36444265,0.3632234,0.37894154,0.3542014,0.37481225,0.33912212,0.34431922,0.39256042,0.38566044,0.37008554,0.36460623,0.37907857,0.38069475,0.36984667,0.4166178,0.38961887,0.3680231,0.38136494,0.3780948,0.364016,0.38956797,0.37960893,0.38051838,0.41097376,0.35158193,0.35718006,0.37797904,0.36678302,0.3759073,0.33323422,0.37351137,0.363173,0.37800083,0.38587162,0.36537322,0.37762305,0.37386304,0.38820451,0.3973297,0.40058607,0.3523201,0.3240059,0.38636965,0.35353193,0.3418454,0.36067122,0.356458,0.39054954,0.3650247,0.3983678,0.3378848,0.34749097,0.3471015,0.35390905,0.38590747,0.37509075,0.35556418,0.34537524,0.33974272,0.35048893,0.37635285,0.35663068,0.30575064,0.40878144,0.3456204,0.39307195,0.41165447,0.38016802,0.34807366,0.3734016,0.39419392,0.38266894,0.36080283,0.3667877,0.34790716,0.36681432,0.36283052,0.3591612,0.36389205,0.40994197,0.39089042,0.38463065,0.3707785,0.35018265,0.38166225,0.38360006,0.371239,0.3901328,0.37466145,0.38816202,0.376534,0.38456777,0.4040197,0.3933205,0.3834808,0.4004705,0.378626,0.39160553,0.38644147,0.3534453,0.3766602,0.3263466,0.37720793,0.37604842,0.3834839,0.3179373,0.38474196,0.37684977,0.4055251,0.3544047,0.38035393,0.35844138,0.34991795,0.3600667,0.371253,0.33917636,0.35442713,0.35873958,0.37627625,0.36279902,0.37058753,0.37055263,0.39129567,0.38044724,0.4082283,0.37386617,0.36101156,0.32282472,0.37315327,0.3531271,0.3544303,0.36669266,0.3689455,0.38952595,0.3579246,0.40744853,0.38375092,0.3930954,0.38953674,0.3528709,0.32751435,0.3686889,0.39184272,0.39264694,0.3676213,0.36480254,0.38761955,0.3972728,0.38654372,0.3767032,0.402041,0.4001733,0.3601552,0.39615202,0.35306293,0.39564297,0.4142063,0.37125432,0.38500354,0.38967848,0.36292017,0.35185397,0.3710968,0.40594387,0.37398934,0.35810417,0.37836185,0.36416134,0.36578438,0.341827,0.38176614,0.3291501,0.38042113,0.35987806,0.363253,0.34929097,0.36309683,0.39780352,0.33495396,0.39977875,0.36687124,0.37443668,0.39066467,0.42014533,0.3435951,0.3659819,0.33626622,0.39071053,0.3899188,0.38688117,0.38287735,0.38932028,0.38724217,0.38212118,0.34015757,0.3702925,0.33929938,0.39430857,0.35418946,0.367135,0.38911554,0.3903613,0.38707483,0.3520576,0.35757795,0.41327068,0.3720001,0.3967707,0.38129756,0.35785586,0.36680728,0.3927345,0.32985395,0.39920422,0.35687238,0.37116098,0.38794675,0.3803838,0.35191646,0.40136763,0.3847015,0.37050122,0.33270532,0.3277807,0.3778951,0.36622202,0.31986693,0.37381563,0.35122937,0.37568107,0.34170514,0.3997599,0.3275106,0.37485382,0.33920068,0.36784497,0.3640442,0.4216207,0.32324237,0.37082267,0.36532953,0.344487,0.36804202,0.38124594,0.3746938,0.36021578,0.34617937,0.41116112,0.3658991,0.36845967,0.35350278,0.37031907,0.33693108,0.37619045,0.35078925,0.3850231,0.35876477,0.3303514,0.40144664,0.34792632,0.37243968,0.3757795,0.37704608,0.4007928,0.39403695,0.37173042,0.34684026,0.38811418,0.36312616,0.37994397,0.37510365,0.39177033,0.4146856,0.3570453,0.3599565,0.35073704,0.35257053,0.40332496,0.34167883,0.3937303,0.36819172,0.38382325,0.40875682,0.39039078,0.3989895,0.34665304,0.33976185,0.3316329,0.33340752,0.38266042,0.4133862,0.35688925,0.3844223,0.3877281,0.34369826,0.34799734,0.3887776,0.32399404,0.38987467,0.33672827,0.40642333,0.3609953,0.347771,0.42053908,0.39367533,0.34977114,0.39659217,0.35507143,0.36868355,0.37222093,0.37643567,0.3983159,0.40415466,0.36329028,0.36027187,0.39106938,0.38888586,0.35886234,0.3893151,0.41567385,0.38098523,0.36556756,0.39989477,0.39803162,0.34822604,0.3618876,0.35917652,0.38816395,0.359214,0.37046057,0.38589424,0.3597902,0.3501221,0.37136963,0.37097996,0.35790914,0.3340134,0.37078184,0.33877748,0.36363393,0.37874097,0.39880732,0.3526795,0.35903445,0.3206632,0.35173148,0.359383,0.36557737,0.3529159,0.3627466,0.36569867,0.35675463,0.31596965,0.3388555,0.4100205,0.36229953,0.35618746,0.39837974,0.3670165,0.36341006,0.3523544,0.3900707,0.3930419,0.3757383,0.39489248,0.38766304,0.37829986,0.34699014,0.37012565,0.3754441,0.33524406,0.36077026,0.36386976,0.39362586,0.33832353,0.3346596,0.34561858,0.36089393,0.3821829,0.36274537,0.35056874,0.3792061,0.38511127,0.40484452,0.3815844,0.36033797,0.37400517,0.38108352,0.3930535,0.38043073,0.3910374,0.39803845,0.34700897,0.35688218,0.37028316,0.3517118,0.37840647,0.3828541,0.36246157,0.40172356,0.35543138,0.33211493,0.3706845,0.38543093,0.39662498,0.33374006,0.36962956,0.39176348,0.35839075,0.3437631,0.3168987,0.38295633,0.3621808,0.35525057,0.34412524,0.3046446,0.35222208,0.3580128,0.4103814,0.376278,0.36412832,0.37056884,0.35066903,0.3831343,0.34376317,0.38984716,0.33968034,0.380462,0.40128788,0.3947171,0.44504264,0.34151357,0.37133035,0.35227853,0.36900944,0.36826277,0.3538996,0.4311098,0.35458675,0.37235126,0.3481466,0.337339,0.38698682,0.3887073,0.33637473,0.33659095,0.40162683,0.4016027,0.36469758,0.36731482,0.36992267,0.33689258,0.37045908,0.3820611,0.3759878,0.36525494,0.37478724,0.35388926,0.36450619,0.38102317,0.38839367,0.36514828,0.37244713,0.3449508,0.3691412,0.37475723,0.34780526,0.37729785,0.34395152,0.40003133,0.33263475,0.4106882,0.34111512,0.3893175,0.33804962,0.36120534,0.32351995,0.39541507,0.3427206,0.4072832,0.39658538,0.36969563,0.35614446,0.39659077,0.36065662,0.33957145,0.373518,0.3967935,0.3644339,0.37893814,0.40174457,0.38006383,0.37413317,0.37574786,0.35531944,0.36324373,0.3902138,0.38151145,0.38839334,0.38026392,0.35086185,0.3799578,0.39419377,0.39499265,0.34383583,0.38273042,0.35003945,0.39368534,0.35556662,0.37570435,0.3725134
0.43958893,0.47192106,0.42303324,0.42726973,0.5207335,0.461056,0.4102785,0.42887244,0.46236876,0.42957428,0.38037568,0.45850912,0.49134535,0.39079714,0.43863994,0.45872158,0.39775035,0.43193847,0.4650192,0.43291688,0.46234384,0.43035,0.45523542,0.43948686,0.48621362,0.42744774,0.42987213,0.43031198,0.45407897,0.46280536,0.43975323,0.4861893,0.4348698,0.4543303,0.42014784,0.43731964,0.39956468,0.45672828,0.4300294,0.4342615,0.41303915,0.4380691,0.38034448,0.4141512,0.42531496,0.4344686,0.41763464,0.4392263,0.46064025,0.43131682,0.42358458,0.43496048,0.43425775,0.44009373,0.45581126,0.44417256,0.40369794,0.4484998,0.45339626,0.43601155,0.45706308,0.44085088,0.4321947,0.42145002,0.4317895,0.43281597,0.41447613,0.4568203,0.4031151,0.43111882,0.4493572,0.45004392,0.47669974,0.4083692,0.43067217,0.4569566,0.44559795,0.41784084,0.4559043,0.47960895,0.44363183,0.4148902,0.44670102,0.43001574,0.48151398,0.43284786,0.4228153,0.42689484,0.42069614,0.4550166,0.42798603,0.45488137,0.42010975,0.41299346,0.4465107,0.4260901,0.44095728,0.44269443,0.38306493,0.45327216,0.4364381,0.44472742,0.46970606,0.48358864,0.4716273,0.39176458,0.42240393,0.41125527,0.45549732,0.42797154,0.46886012,0.42074096,0.43077514,0.41904023,0.4531592,0.40603876,0.43845132,0.44625688,0.4394068,0.46513075,0.43885195,0.4159025,0.41347578,0.4473067,0.43348813,0.42835084,0.4194739,0.38999712,0.43037274,0.48567507,0.42436707,0.43486252,0.44099754,0.42090088,0.43394503,0.47630793,0.40104336,0.41410714,0.46394733,0.4721002,0.4194966,0.4225228,0.46400523,0.41046962,0.41545781,0.40872663,0.43530172,0.46465614,0.4183032,0.44679892,0.43899527,0.41782483,0.44905555,0.44799602,0.4089351,0.51087475,0.4336691,0.45294595,0.46923608,0.43793252,0.42132002,0.46737164,0.4375689,0.4442842,0.4141168,0.43153468,0.4164911,0.41030908,0.3921696,0.47967455,0.43610987,0.4396356,0.4278163,0.4639524,0.3725069,0.44598246,0.43482006,0.45131034,0.4188126,0.41911817,0.45312977,0.4240786,0.43898708,0.45671222,0.45546666,0.4184894,0.42012173,0.4291479,0.44953752,0.4380229,0.44837454,0.45017207,0.43642926,0.44922334,0.45665765,0.42550054,0.42327383,0.397355,0.406758,0.42640597,0.43665543,0.4534602,0.4572735,0.42880082,0.44236967,0.44752938,0.4390376,0.44933677,0.4124042,0.43768165,0.4376951,0.45689648,0.4717818,0.44389454,0.4541008,0.43044034,0.45609173,0.45197394,0.41097715,0.4196308,0.44653141,0.43714616,0.4491745,0.41177732,0.44757396,0.4072236,0.41263723,0.4215948,0.43225038,0.47244036,0.42248562,0.4213689,0.39454854,0.44966817,0.4754236,0.418661,0.4076807,0.44996315,0.443302,0.41123876,0.42720947,0.46593943,0.44506276,0.45836163,0.42372087,0.45450872,0.42657515,0.425167,0.45383608,0.44113904,0.4062942,0.44405386,0.43888146,0.42748958,0.43474343,0.5172066,0.43596604,0.44918153,0.44174355,0.4357108,0.42800894,0.48021612,0.4367696,0.4530014,0.4522474,0.45621955,0.43057632,0.44159558,0.427754,0.41913462,0.47785908,0.391326,0.43012273,0.44644898,0.43026233,0.45423344,0.43728712,0.41969103,0.46477923,0.4152544,0.41591144,0.38755894,0.47262162,0.42357513,0.46205765,0.43738925,0.4686423,0.47025645,0.4639426,0.48897406,0.4167955,0.40836662,0.43091026,0.44379446,0.44801456,0.44859278,0.44250923,0.41717348,0.43159136,0.40841982,0.4697149,0.4580899,0.41969293,0.45573404,0.45173264,0.4597268,0.4613695,0.46756962,0.4164668,0.47832936,0.4080611,0.43206275,0.42048028,0.46367276,0.39233953,0.42970866,0.4605702,0.4212289,0.45403513,0.43620363,0.49506253,0.4419783,0.42101818,0.43982774,0.4183101,0.45079255,0.45644972,0.43468547,0.45975646,0.4296407,0.45923093,0.44848844,0.4707214,0.43184972,0.45008925,0.4352004,0.47290048,0.41427997,0.41729495,0.44600382,0.43456364,0.44316387,0.4383107,0.39965147,0.4526,0.41453576,0.43699974,0.43138582,0.4425216,0.4003948,0.45477512,0.4198144,0.43977675,0.45893553,0.4420246,0.4505294,0.4470746,0.4302881,0.45549393,0.44335333,0.4488886,0.4512661,0.4532586,0.45124677,0.44378006,0.41282925,0.4325162,0.43350387,0.42194393,0.44342566,0.43522203,0.45695454,0.437764,0.4401982,0.42401093,0.4323595,0.4427771,0.45854345,0.46451974,0.44102728,0.42901337,0.43940702,0.44545317,0.41019213,0.42494684,0.4709424,0.44367006,0.48920316,0.4616751,0.41367608,0.4391802,0.42715648,0.4639277,0.43228376,0.41929418,0.40981266,0.46339306,0.4350552,0.4479633,0.41830882,0.44618452,0.46618614,0.48403558,0.41636026,0.43860698,0.4606234,0.44663984,0.48314548,0.44100958,0.3991346,0.41957223,0.44233948,0.4528301,0.3966718,0.41607982,0.43836835,0.44925308,0.42071122,0.49853277,0.40312782,0.42816514,0.45178366,0.46477157,0.4455154,0.46184835,0.4266225,0.4487965,0.44943142,0.42284325,0.48776257,0.43282452,0.44074562,0.43804556,0.4261469,0.4773285,0.4415902,0.44021946,0.44601345,0.42308626,0.44224203,0.41700843,0.4232033,0.40625536,0.43857935,0.43502602,0.4491476,0.42890212,0.44414803,0.4133343,0.41913468,0.45207486,0.39934227,0.42777067,0.42886388,0.39339367,0.39399076,0.3998224,0.437444,0.42049313,0.41333213,0.48576942,0.44221967,0.48931348,0.44887173,0.38951766,0.44415364,0.46254134,0.43876982,0.41076672,0.4060307,0.4298512,0.47413003,0.43578762,0.45895046,0.44965684,0.41660878,0.44952628,0.4534997,0.40895206,0.4597914,0.46145064,0.43761894,0.45259687,0.45598674,0.39758873,0.43961895,0.42311552,0.45619583,0.40641278,0.43185377,0.470569,0.4275148,0.47715697,0.49916467,0.41760668,0.45148584,0.44485223,0.4702711,0.3997671,0.45425817,0.41584578,0.43968296,0.4588826,0.43270192,0.44733715,0.47356182,0.43122515,0.44165248,0.415574,0.4272951,0.40711373,0.45711607,0.49005938,0.4403309,0.44224662,0.4291142,0.44079182,0.48377362,0.41348207,0.38911137,0.4080126,0.44358465,0.45817322,0.4472918,0.42468125,0.44446898,0.44985542,0.47359592,0.44109324,0.43734527,0.4169503,0.4277844,0.4339193,0.4331264,0.41010877,0.44550776,0.44003022,0.44776392,0.44683182,0.41801417,0.43744373,0.4293979,0.44762406,0.49223125,0.43318838,0.44256073,0.44823027,0.3970863,0.41518402,0.45036224,0.4529333,0.43708423,0.47562385,0.47029278,0.4538355,0.44804132,0.43879935,0.436218,0.44932914,0.42012691,0.4255,0.4612247,0.46567702,0.4327072,0.4255892,0.45230055,0.47332597,0.42016858,0.44477642,0.47103858,0.4495502,0.43851262,0.42913234,0.4163167,0.43152007,0.4237617,0.44820985,0.39920077,0.42234325,0.45517445,0.40432194,0.44252568,0.4529187,0.45636407,0.43928128,0.44732317,0.42889416,0.47539416,0.45724028,0.45131046,0.40535116,0.434568,0.46007258,0.42923903,0.44985443,0.4459174,0.43165615,0.46346223,0.46586335,0.44287625,0.45644236,0.43082422,0.42188492,0.46746784,0.41664365,0.4648515,0.45132205,0.48622826,0.43952948,0.45955336,0.4180261,0.4479812,0.46104932,0.43448222,0.40525997,0.45099068,0.44634348,0.46330076,0.40417296,0.42951524,0.43960774,0.40489125,0.45572263,0.4355981,0.4860022,0.46561128,0.47358388,0.47457176,0.41549066,0.4259828,0.45879534,0.43781078,0.4489101,0.4456793,0.4296249,0.44740602,0.41087028,0.4886472,0.43435752,0.437375,0.46466082,0.43263543,0.4232089,0.42984366,0.43999183,0.42698315,0.40731996,0.41396004,0.43555796,0.43276933,0.43870765,0.45127282,0.46340767,0.4703973,0.4562146,0.42655018,0.43437406,0.4385752,0.42646438,0.42584166,0.35050467,0.44532144,0.41785145,0.42217016,0.43790963,0.42438096,0.40461683,0.461579,0.46727008,0.44948363,0.4502862,0.45128718,0.42567897,0.43548253,0.45720744,0.41526282,0.44210064,0.4247314,0.4690538,0.40857694,0.44324583,0.4803404,0.46683282,0.45661893,0.46561706,0.4110539,0.4279975,0.424383,0.44058794,0.4757962,0.43538782,0.4394908,0.45271584,0.40575674,0.45016328,0.41059327,0.4589563,0.43842572,0.4148414,0.40464175,0.45867416,0.38889062,0.4560582,0.4697888,0.4228834,0.45758757,0.45530838,0.45435506,0.39407012,0.46365082,0.43811598,0.41736552,0.41790998,0.46347094,0.4415277,0.41930142,0.4011051,0.39733773,0.431898,0.42129412,0.4388506,0.43899846,0.42458385,0.46617627,0.45568794,0.43606597,0.46085832,0.4574054,0.46435428,0.38617763,0.46690348,0.4287659,0.45979163,0.44768047,0.41922644,0.42856818,0.44298875,0.44521683,0.43505248,0.43483913,0.44528925,0.4265213,0.4464683,0.4758171,0.4200209,0.40892863,0.45938647,0.45908204,0.42023748,0.45901006,0.4622901,0.46389514,0.43033987,0.43449962,0.4319595,0.4084315,0.45937183,0.4319595,0.4214029,0.45937932,0.47323704,0.42435434,0.43344545,0.44451818,0.47117937,0.4295488,0.44223574,0.45112118,0.4492432,0.46792307,0.50738835,0.46659696,0.4385856,0.4380037,0.431445,0.4680418,0.41130757,0.4149402,0.44722626,0.48767775,0.43823895,0.4396007,0.46118775,0.42756352,0.43321806,0.4649327,0.42402622,0.49408823,0.4235125,0.43709612,0.43717298,0.42123637,0.4665784,0.4323281,0.43110356,0.4356682,0.46717513,0.46769953,0.42964903,0.41319352,0.4688898,0.43426543,0.40703398,0.41837445,0.44410947,0.43127647,0.39275676,0.43135566,0.44013053,0.41188124,0.4460875,0.45178285,0.45198223,0.45008028,0.42561042,0.44436553,0.47563264,0.44312346,0.43969974,0.50101596,0.4520431,0.4481597,0.4846146,0.419809,0.4364483,0.41353783,0.47671705,0.45867145,0.4175837,0.42819467,0.4114195,0.4681189,0.4291024,0.4421452,0.46037978,0.43470126,0.42924434,0.4688171,0.44223595,0.45806828,0.44930658,0.3941672,0.42858404,0.4519966,0.44665998,0.46576476,0.44403785,0.45944983,0.44842523,0.4856625,0.4689459,0.42734587,0.44847983,0.44773415,0.42994836,0.47891566,0.4209702,0.39668307,0.40377295,0.4381664,0.42938358,0.43472588,0.46903265,0.42487338,0.4077409,0.44713396,0.44314712,0.45916092,0.46032548,0.4138577,0.4970768,0.43404537,0.46197927,0.43173513,0.4151031,0.47223824,0.47045985,0.45190814,0.4199494,0.47097635,0.44058955,0.4536809,0.42445183,0.46314123,0.40622687,0.47284803,0.46450445,0.43579453,0.4433162,0.41543537,0.42969102,0.46550822,0.4583801,0.4068897,0.45436674,0.44784582,0.43128002,0.43966454,0.4470966,0.4294272,0.44464293,0.44495562,0.44292986,0.43982273,0.40136886,0.42855087,0.40768048,0.46386403,0.40468597,0.43021116,0.40471286,0.43903887,0.44753882,0.43545103,0.40042248,0.41959107,0.45119685,0.43836436,0.42941886,0.42874694,0.43597144,0.46142858,0.42087907,0.4428173,0.4248649,0.45546108,0.47114715,0.39607054,0.428215,0.40829068,0.39814788,0.48671553,0.43477702,0.42306206,0.43410927,0.43372864,0.4544415,0.42355138,0.44519335,0.5028838,0.43395078,0.42702916,0.41805673,0.43652797,0.42171514,0.4228272,0.4249354,0.4309358,0.44995397,0.43194744,0.43433058,0.4055188,0.387993,0.43479738,0.40292227,0.43921626,0.47083443,0.37282538,0.4758559,0.43497673,0.44677866,0.40621567,0.42992884,0.3926352,0.40136418,0.430934,0.46809086,0.41473415,0.44386446,0.44798863,0.42956606,0.40185654,0.46366012,0.4383113,0.41953593,0.39128065,0.4407496,0.4162237,0.4747189,0.44186234,0.4489043,0.4007459,0.45687643,0.4488389,0.42992568,0.47103348,0.48238268,0.48903084,0.43669528,0.43296856,0.43888888,0.4409433,0.43756908,0.46909544,0.46500245,0.4527185,0.4410624,0.4320418,0.44333008,0.41898328
0.18622491,0.23620546,0.18624309,0.21464518,0.20969164,0.19130456,0.18887363,0.17807364,0.19852436,0.1931947,0.17244956,0.2021594,0.19592802,0.19531146,0.17887819,0.21497762,0.18480246,0.21067241,0.19671988,0.24109557,0.18195671,0.1548086,0.18514243,0.21596247,0.23907675,0.2143622,0.20144054,0.20453727,0.19070897,0.23683593,0.18085174,0.2218844,0.18432404,0.19054377,0.20924413,0.22131076,0.14182764,0.20219222,0.19490671,0.19999817,0.18669093,0.20091757,0.17308946,0.17165318,0.17596257,0.18035534,0.15890202,0.18027408,0.19015908,0.19647907,0.18174306,0.20739038,0.19961973,0.17897746,0.211095,0.20283481,0.1873627,0.19411087,0.19028573,0.20477098,0.18590042,0.20722617,0.1864286,0.19763465,0.18241051,0.193209,0.16547886,0.17615154,0.16988322,0.16710022,0.24684936,0.20948876,0.21717024,0.23265716,0.19961149,0.19973978,0.18699461,0.18447867,0.18234125,0.2115448,0.19491357,0.18645296,0.2072828,0.2155835,0.21921211,0.19481394,0.1903681,0.19188106,0.16581075,0.20039797,0.18725884,0.19158706,0.17248955,0.17367902,0.20181313,0.18712106,0.22139287,0.18688951,0.17533295,0.21366897,0.19452295,0.18009977,0.18974936,0.19166481,0.21467477,0.14982525,0.17923097,0.21466221,0.17320524,0.17469992,0.23183224,0.22233847,0.20905149,0.18976453,0.22226939,0.17114246,0.1960417,0.21749529,0.20718685,0.20395115,0.20749073,0.19854137,0.18121602,0.20919695,0.18411553,0.18441075,0.18908896,0.17121401,0.1855013,0.2519755,0.18372816,0.19114265,0.19454238,0.1715948,0.1860097,0.2200246,0.17227551,0.1824793,0.22560954,0.19503412,0.23417869,0.18744466,0.19838035,0.21846049,0.2208163,0.17847344,0.19054341,0.18427533,0.16718864,0.19252104,0.17863716,0.17569064,0.18038213,0.21275137,0.20103684,0.2419276,0.20428577,0.22474608,0.2109861,0.20240012,0.18424723,0.1811355,0.21077847,0.2038415,0.19947712,0.19162032,0.22061893,0.1890248,0.19406094,0.22387473,0.17819276,0.18360126,0.20458607,0.19795331,0.18643516,0.19028243,0.20119369,0.22053806,0.20541602,0.1769435,0.16604519,0.17215735,0.19272074,0.1940614,0.18689023,0.20472413,0.16748387,0.1916439,0.19262385,0.17629156,0.20127173,0.19578634,0.16931094,0.18725158,0.20279855,0.20246935,0.21107204,0.20306562,0.15186423,0.16529255,0.20978627,0.19338681,0.22105637,0.20696066,0.16962337,0.17804202,0.18524778,0.20416561,0.18929961,0.20394756,0.20113987,0.20273384,0.20972252,0.2128562,0.19250646,0.18393359,0.22417518,0.20111275,0.171992,0.2146985,0.17727095,0.2006278,0.19401908,0.1961601,0.20528044,0.18837509,0.20592675,0.1940557,0.19420588,0.23373745,0.18429744,0.17972001,0.17651787,0.18250744,0.20833287,0.18633302,0.18676008,0.21433482,0.20314048,0.18686941,0.1948815,0.17630598,0.20535335,0.19337858,0.15252657,0.20496121,0.199535,0.18342984,0.21762636,0.21680132,0.1915871,0.19262633,0.18801339,0.20381634,0.1789945,0.26145592,0.22808477,0.22225177,0.21902475,0.19799566,0.17352359,0.20008382,0.1598987,0.19006783,0.1932106,0.19324067,0.17644794,0.2031634,0.20538262,0.1932756,0.18516639,0.19604224,0.19774124,0.19184002,0.19299845,0.22597635,0.17805168,0.20659342,0.2150875,0.18103296,0.18135923,0.20733263,0.19859612,0.21911758,0.21012339,0.18406363,0.25085822,0.2132108,0.20422786,0.22679007,0.17774707,0.18738759,0.17378958,0.20461947,0.18191719,0.19859833,0.1944582,0.19287762,0.17936167,0.14785066,0.20655411,0.19534528,0.2016977,0.19863252,0.19961679,0.22534324,0.1994017,0.20762499,0.17175904,0.25079215,0.2126049,0.20309797,0.21333916,0.18023445,0.21290675,0.20161822,0.21037684,0.19152386,0.21493973,0.1933766,0.1989424,0.20032421,0.20313108,0.20174667,0.18254545,0.21554047,0.2356104,0.20561436,0.19794351,0.18141972,0.19833246,0.20962963,0.21016136,0.19434261,0.2379058,0.19837637,0.22769584,0.16686961,0.19409274,0.20454104,0.18568128,0.21501002,0.19812915,0.17959547,0.21866,0.17799437,0.21103033,0.20842858,0.21395215,0.1645686,0.20331636,0.18355721,0.20259374,0.21059436,0.18725385,0.1910117,0.18712191,0.20649531,0.1558781,0.18975943,0.18859261,0.19521068,0.20267075,0.21889961,0.19255579,0.17741683,0.17989144,0.15158784,0.18155697,0.21486667,0.20817672,0.22206865,0.19836654,0.18150559,0.16805664,0.2060622,0.23039299,0.22739348,0.22173893,0.16941524,0.1963129,0.20129573,0.19716078,0.16708684,0.19124718,0.21249308,0.20655209,0.23276332,0.1723032,0.19317794,0.20364633,0.17987481,0.16700953,0.18731588,0.17014939,0.20287451,0.20179936,0.20413134,0.2189593,0.20226607,0.22705898,0.19663969,0.20581879,0.18758509,0.20346162,0.19966742,0.22871938,0.22524877,0.18851921,0.19469935,0.18930633,0.19174525,0.21877362,0.20169587,0.19514477,0.17585418,0.2062537,0.16552746,0.22921535,0.16999924,0.17644167,0.22490636,0.19927478,0.21328653,0.1848334,0.18567806,0.18848327,0.18097332,0.20003581,0.23750314,0.24820633,0.19022244,0.1922028,0.19626041,0.20054683,0.19841051,0.19891068,0.19199935,0.1981412,0.19803289,0.19391483,0.2021116,0.17770788,0.17331475,0.20810202,0.20018679,0.19506481,0.19642092,0.21163788,0.21741414,0.17587838,0.17346483,0.20221755,0.18846914,0.19386335,0.18651028,0.18359376,0.21862249,0.21338287,0.20817634,0.22608347,0.18453087,0.24259637,0.21354231,0.17339832,0.23244601,0.22762835,0.18583703,0.20139804,0.19643351,0.19058782,0.20291209,0.1859419,0.19415963,0.18621968,0.19517818,0.22772092,0.19355547,0.16797405,0.25025094,0.18532081,0.1963175,0.20709346,0.19947395,0.17675929,0.19942877,0.16504921,0.19153354,0.17769134,0.19932908,0.19546908,0.18886225,0.19389266,0.21709484,0.17300408,0.22018409,0.15406728,0.18976077,0.19432604,0.18514183,0.18334097,0.18226384,0.23763448,0.18085583,0.18416123,0.18958873,0.18984412,0.18439329,0.19211715,0.1872389,0.18833414,0.1776219,0.24758783,0.18298301,0.20472081,0.17392567,0.18550676,0.19988665,0.1835278,0.154347,0.18872695,0.21227062,0.1816272,0.19508895,0.17619585,0.19041689,0.16953214,0.21083643,0.23359782,0.20718887,0.20311156,0.19440818,0.19787928,0.21129298,0.1971111,0.1960614,0.19579789,0.20388764,0.18295765,0.17286938,0.23779483,0.16643059,0.18291783,0.19967236,0.17025557,0.19460496,0.2033449,0.19437245,0.19507146,0.19971515,0.17525418,0.21027416,0.19429237,0.20119902,0.21000165,0.19720769,0.17482062,0.17541745,0.19145003,0.19491684,0.16036765,0.20302868,0.19340765,0.19889164,0.1829025,0.21330264,0.20481506,0.16741529,0.19205058,0.16864826,0.18966067,0.18847458,0.1717822,0.18226677,0.18569952,0.21666786,0.20289433,0.16102499,0.15278514,0.18979028,0.21180317,0.20366716,0.2147803,0.16864255,0.1964624,0.20024666,0.20890933,0.24635455,0.1907787,0.2184877,0.1584679,0.17495385,0.18729013,0.18730102,0.19725335,0.18423039,0.20750307,0.19988215,0.20913279,0.1982589,0.18410555,0.18290603,0.1878022,0.22327285,0.18546826,0.18298838,0.1992724,0.22117472,0.16423178,0.19481957,0.1986519,0.19086808,0.18846346,0.20841338,0.19018602,0.18766281,0.2080487,0.1906246,0.17172694,0.19757292,0.20953918,0.19320107,0.20718095,0.18264449,0.21713834,0.1916722,0.19559103,0.17965314,0.20019741,0.1951632,0.210743,0.20560512,0.1939457,0.21706644,0.20010492,0.18929142,0.19446233,0.20857304,0.18558928,0.19451115,0.1819255,0.20725283,0.181661,0.21151519,0.21201546,0.20284988,0.17879786,0.19897859,0.18996282,0.18348028,0.18968076,0.18783925,0.18538426,0.20611225,0.20868805,0.19269648,0.18090811,0.17637162,0.19092977,0.19772577,0.16930257,0.19476554,0.1816222,0.20771375,0.18335666,0.17473626,0.1830697,0.21900195,0.18801862,0.21323422,0.23634931,0.20410813,0.2067337,0.1681929,0.22354244,0.19667953,0.17898184,0.21774165,0.1926246,0.20331644,0.17544591,0.193219,0.20994762,0.20172419,0.23042503,0.19559015,0.1680937,0.21275657,0.21026556,0.20677018,0.17631167,0.2149978,0.19521043,0.18488768,0.1926032,0.1884065,0.21172397,0.20884219,0.19340548,0.18303417,0.18489766,0.20454396,0.20971167,0.1899524,0.19154158,0.21881291,0.22130743,0.22721475,0.18393463,0.20635672,0.22607654,0.16908744,0.18260197,0.19793746,0.18552087,0.18379295,0.17113349,0.17734435,0.16827604,0.20739716,0.151932,0.21731311,0.20435184,0.18488586,0.20577139,0.1822224,0.19440962,0.20184189,0.20282099,0.18733324,0.21153662,0.20179148,0.20209557,0.21591863,0.18607295,0.17183894,0.18460433,0.20946711,0.20254162,0.20982745,0.19155623,0.17391068,0.21018319,0.21356061,0.19944292,0.21324018,0.17949605,0.2164349,0.20484775,0.18796882,0.21656974,0.18623458,0.18965137,0.19230053,0.2093309,0.188935,0.22790653,0.18081674,0.20303242,0.18786027,0.21234648,0.18782401,0.17677346,0.19552803,0.19157794,0.21361318,0.18700936,0.18121776,0.16078614,0.23548871,0.20923233,0.2198053,0.18649104,0.18780456,0.19455105,0.19527969,0.16943285,0.18160486,0.20675528,0.24131009,0.17596798,0.19390157,0.22122343,0.18600583,0.21039808,0.21388212,0.2063671,0.25398776,0.17812034,0.17984462,0.1998584,0.17590684,0.22412762,0.17847297,0.18605274,0.17248784,0.19296083,0.2254611,0.23188764,0.1947448,0.20560995,0.19479522,0.15284982,0.16828227,0.19540367,0.18063629,0.15256485,0.17479044,0.22857426,0.16166976,0.17552927,0.22500959,0.1711497,0.22040176,0.18997663,0.20716858,0.2227921,0.21165511,0.19527245,0.23373419,0.20227975,0.21170475,0.2096363,0.18268746,0.19081627,0.16405839,0.22153872,0.21493798,0.15412007,0.17516667,0.19381312,0.21699801,0.22627203,0.1979821,0.18748367,0.1901094,0.20028707,0.20188093,0.1960576,0.1817499,0.23850745,0.16410771,0.16670977,0.18569589,0.1978237,0.19987547,0.21135148,0.21776885,0.21603565,0.21098411,0.22110611,0.17913562,0.18864901,0.18704832,0.18294072,0.19353224,0.17775333,0.16259265,0.18433101,0.22192475,0.18278372,0.18587169,0.19782288,0.17927171,0.1815894,0.18593964,0.21173869,0.21283689,0.22939873,0.18875422,0.21041606,0.17888057,0.17339599,0.20180948,0.16987641,0.20459627,0.19453382,0.17492065,0.20853353,0.18289879,0.20335016,0.20441818,0.19814926,0.23417696,0.17811947,0.20380159,0.22226328,0.17369887,0.17722175,0.16960797,0.20381486,0.21831731,0.2234616,0.17593932,0.19315213,0.18713675,0.17465791,0.17672879,0.20000947,0.20613763,0.21138655,0.1892865,0.20090719,0.2044184,0.1694521,0.17494527,0.17270803,0.22481038,0.21123646,0.18324885,0.16156967,0.20243753,0.1844857,0.20349345,0.1790039,0.18789072,0.22379808,0.18652669,0.17719272,0.1896881,0.21580829,0.21904434,0.2053656,0.18088081,0.17653933,0.19997537,0.19366279,0.20018268,0.18541957,0.18673009,0.19717172,0.2208696,0.2240404,0.19484124,0.1892297,0.19921854,0.17549455,0.17799349,0.21384743,0.24427798,0.21601725,0.19476253,0.16393474,0.20921068,0.18520482,0.14507674,0.17476624,0.17894438,0.17813104,0.17975155,0.18332753,0.18925828,0.19650531,0.17949429,0.17136192,0.18266088,0.18094915,0.16383186,0.20234302,0.22029226,0.20658815,0.22589436,0.18281972,0.16611807,0.17487094,0.18659246,0.19932899,0.17528068,0.19698238,0.19839004,0.15677363,0.17247601,0.18748897,0.18610819,0.21346414,0.1616564,0.1833272,0.19859922,0.23027873,0.18841991,0.20161942,0.1965689,0.18387201,0.21325596,0.20584092,0.18712446,0.218856,0.21654204,0.18634927,0.21437,0.19893396,0.18338943,0.18932061,0.1764353,0.20882949,0.22565848,0.20402423,0.18182495,0.16391653,0.17253383
0.0,0.0,0.0,0.0,0.0,0.0,0.0,0.0,0.0,0.0,0.0,0.0,0.0,0.0,0.0,0.0,0.0,0.0,0.0,0.0,0.0,0.0,0.0,0.0,0.0,0.0,0.0,0.0,0.0,0.0,0.0,0.0,0.0,0.0,0.0,0.0,0.0,0.0,0.0,0.0,0.0,0.0,0.0,0.0,0.0,0.0,0.0,0.0,0.0,0.0,0.0,0.0,0.0,0.0,0.0,0.0,0.0,0.0,0.0,0.0,0.0,0.0,0.0,0.0,0.0,0.0,0.0,0.0,0.0,0.0,0.0,0.0,0.0,0.0,0.0,0.0,0.0,0.0,0.0,0.0,0.0,0.0,0.0,0.0,0.0,0.0,0.0,0.0,0.0,0.0,0.0,0.0,0.0,0.0,0.0,0.0,0.0,0.0,0.0,0.0,0.0,0.0,0.0,0.0,0.0,0.0,0.0,0.0,0.0,0.0,0.0,0.0,0.0,0.0,0.0,0.0,0.0,0.0,0.0,0.0,0.0,0.0,0.0,0.0,0.0,0.0,0.0,0.0,0.0,0.0,0.0,0.0,0.0,0.0,0.0,0.0,0.0,0.0,0.0,0.0,0.0,0.0,0.0,0.0,0.0,0.0,0.0,0.0,0.0,0.0,0.0,0.0,0.0,0.0,0.0,0.0,0.0,0.0,0.0,0.0,0.0,0.0,0.0,0.0,0.0,0.0,0.0,0.0,0.0,0.0,0.0,0.0,0.0,0.0,0.0,0.0,0.0,0.0,0.0,0.0,0.0,0.0,0.0,0.0,0.0,0.0,0.0,0.0,0.0,0.0,0.0,0.0,0.0,0.0,0.0,0.0,0.0,0.0,0.0,0.0,0.0,0.0,0.0,0.0,0.0,0.0,0.0,0.0,0.0,0.0,0.0,0.0,0.0,0.0,0.0,0.0,0.0,0.0,0.0,0.0,0.0,0.0,0.0,0.0,0.0,0.0,0.0,0.0,0.0,0.0,0.0,0.0,0.0,0.0,0.0,0.0,0.0,0.0,0.0,0.0,0.0,0.0,0.0,0.0,0.0,0.0,0.0,0.0,0.0,0.0,0.0,0.0,0.0,0.0,0.0,0.0,0.0,0.0,0.0,0.0,0.0,0.0,0.0,0.0,0.0,0.0,0.0,0.0,0.0,0.0,0.0,0.0,0.0,0.0,0.0,0.0,0.0,0.0,0.0,0.0,0.0,0.0,0.0,0.0,0.0,0.0,0.0,0.0,0.0,0.0,0.0,0.0,0.0,0.0,0.0,0.0,0.0,0.0,0.0,0.0,0.0,0.0,0.0,0.0,0.0,0.0,0.0,0.0,0.0,0.0,0.0,0.0,0.0,0.0,0.0,0.0,0.0,0.0,0.0,0.0,0.0,0.0,0.0,0.0,0.0,0.0,0.0,0.0,0.0,0.0,0.0,0.0,0.0,0.0,0.0,0.0,0.0,0.0,0.0,0.0,0.0,0.0,0.0,0.0,0.0,0.0,0.0,0.0,0.0,0.0,0.0,0.0,0.0,0.0,0.0,0.0,0.0,0.0,0.0,0.0,0.0,0.0,0.0,0.0,0.0,0.0,0.0,0.0,0.0,0.0,0.0,0.0,0.0,0.0,0.0,0.0,0.0,0.0,0.0,0.0,0.0,0.0,0.0,0.0,0.0,0.0,0.0,0.0,0.0,0.0,0.0,0.0,0.0,0.0,0.0,0.0,0.0,0.0,0.0,0.0,0.0,0.0,0.0,0.0,0.0,0.0,0.0,0.0,0.0,0.0,0.0,0.0,0.0,0.0,0.0,0.0,0.0,0.0,0.0,0.0,0.0,0.0,0.0,0.0,0.0,0.0,0.0,0.0,0.0,0.0,0.0,0.0,0.0,0.0,0.0,0.0,0.0,0.0,0.0,0.0,0.0,0.0,0.0,0.0,0.0,0.0,0.0,0.0,0.0,0.0,0.0,0.0,0.0,0.0,0.0,0.0,0.0,0.0,0.0,0.0,0.0,0.0,0.0,0.0,0.0,0.0,0.0,0.0,0.0,0.0,0.0,0.0,0.0,0.0,0.0,0.0,0.0,0.0,0.0,0.0,0.0,0.0,0.0,0.0,0.0,0.0,0.0,0.0,0.0,0.0,0.0,0.0,0.0,0.0,0.0,0.0,0.0,0.0,0.0,0.0,0.0,0.0,0.0,0.0,0.0,0.0,0.0,0.0,0.0,0.0,0.0,0.0,0.0,0.0,0.0,0.0,0.0,0.0,0.0,0.0,0.0,0.0,0.0,0.0,0.0,0.0,0.0,0.0,0.0,0.0,0.0,0.0,0.0,0.0,0.0,0.0,0.0,0.0,0.0,0.0,0.0,0.0,0.0,0.0,0.0,0.0,0.0,0.0,0.0,0.0,0.0,0.0,0.0,0.0,0.0,0.0,0.0,0.0,0.0,0.0,0.0,0.0,0.0,0.0,0.0,0.0,0.0,0.0,0.0,0.0,0.0,0.0,0.0,0.0,0.0,0.0,0.0,0.0,0.0,0.0,0.0,0.0,0.0,0.0,0.0,0.0,0.0,0.0,0.0,0.0,0.0,0.0,0.0,0.0,0.0,0.0,0.0,0.0,0.0,0.0,0.0,0.0,0.0,0.0,0.0,0.0,0.0,0.0,0.0,0.0,0.0,0.0,0.0,0.0,0.0,0.0,0.0,0.0,0.0,0.0,0.0,0.0,0.0,0.0,0.0,0.0,0.0,0.0,0.0,0.0,0.0,0.0,0.0,0.0,0.0,0.0,0.0,0.0,0.0,0.0,0.0,0.0,0.0,0.0,0.0,0.0,0.0,0.0,0.0,0.0,0.0,0.0,0.0,0.0,0.0,0.0,0.0,0.0,0.0,0.0,0.0,0.0,0.0,0.0,0.0,0.0,0.0,0.0,0.0,0.0,0.0,0.0,0.0,0.0,0.0,0.0,0.0,0.0,0.0,0.0,0.0,0.0,0.0,0.0,0.0,0.0,0.0,0.0,0.0,0.0,0.0,0.0,0.0,0.0,0.0,0.0,0.0,0.0,0.0,0.0,0.0,0.0,0.0,0.0,0.0,0.0,0.0,0.0,0.0,0.0,0.0,0.0,0.0,0.0,0.0,0.0,0.0,0.0,0.0,0.0,0.0,0.0,0.0,0.0,0.0,0.0,0.0,0.0,0.0,0.0,0.0,0.0,0.0,0.0,0.0,0.0,0.0,0.0,0.0,0.0,0.0,0.0,0.0,0.0,0.0,0.0,0.0,0.0,0.0,0.0,0.0,0.0,0.0,0.0,0.0,0.0,0.0,0.0,0.0,0.0,0.0,0.0,0.0,0.0,0.0,0.0,0.0,0.0,0.0,0.0,0.0,0.0,0.0,0.0,0.0,0.0,0.0,0.0,0.0,0.0,0.0,0.0,0.0,0.0,0.0,0.0,0.0,0.0,0.0,0.0,0.0,0.0,0.0,0.0,0.0,0.0,0.0,0.0,0.0,0.0,0.0,0.0,0.0,0.0,0.0,0.0,0.0,0.0,0.0,0.0,0.0,0.0,0.0,0.0,0.0,0.0,0.0,0.0,0.0,0.0,0.0,0.0,0.0,0.0,0.0,0.0,0.0,0.0,0.0,0.0,0.0,0.0,0.0,0.0,0.0,0.0,0.0,0.0,0.0,0.0,0.0,0.0,0.0,0.0,0.0,0.0,0.0,0.0,0.0,0.0,0.0,0.0,0.0,0.0,0.0,0.0,0.0,0.0,0.0,0.0,0.0,0.0,0.0,0.0,0.0,0.0,0.0,0.0,0.0,0.0,0.0,0.0,0.0,0.0,0.0,0.0,0.0,0.0,0.0,0.0,0.0,0.0,0.0,0.0,0.0,0.0,0.0,0.0,0.0,0.0,0.0,0.0,0.0,0.0,0.0,0.0,0.0,0.0,0.0,0.0,0.0,0.0,0.0,0.0,0.0,0.0,0.0,0.0,0.0,0.0,0.0,0.0,0.0,0.0,0.0,0.0,0.0,0.0,0.0,0.0,0.0,0.0,0.0,0.0,0.0,0.0,0.0,0.0,0.0,0.0,0.0,0.0,0.0,0.0,0.0,0.0,0.0,0.0,0.0,0.0,0.0,0.0,0.0,0.0,0.0,0.0,0.0,0.0,0.0,0.0,0.0,0.0,0.0,0.0,0.0,0.0,0.0,0.0,0.0,0.0,0.0,0.0,0.0,0.0,0.0,0.0,0.0,0.0,0.0,0.0,0.0,0.0,0.0,0.0,0.0,0.0,0.0,0.0,0.0,0.0,0.0,0.0,0.0,0.0,0.0,0.0,0.0,0.0,0.0,0.0,0.0,0.0,0.0,0.0,0.0,0.0,0.0,0.0,0.0,0.0
0.54421264,0.5594766,0.5530438,0.5140722,0.5653233,0.54939437,0.5091044,0.51813513,0.55505127,0.54370296,0.4953369,0.5266287,0.5661058,0.50185174,0.53450847,0.5242929,0.542809,0.54438007,0.55121046,0.53959006,0.5314023,0.54393643,0.529071,0.5540502,0.5669888,0.5559966,0.5161612,0.517178,0.5331213,0.5346919,0.54836494,0.5818633,0.542722,0.5339991,0.5192486,0.5574964,0.46574593,0.5650569,0.53229815,0.5221447,0.5422957,0.5479769,0.5410445,0.515167,0.52844214,0.5213655,0.5205866,0.52874076,0.5592401,0.506925,0.53067356,0.5337642,0.544797,0.5116256,0.5442227,0.51893663,0.5363438,0.5249387,0.54823965,0.50787306,0.547137,0.5451114,0.5409279,0.5532162,0.5575225,0.540467,0.5144489,0.52615726,0.5402402,0.5180462,0.5662086,0.56396574,0.5240512,0.5242114,0.50691867,0.523767,0.5235077,0.51204497,0.53621525,0.5566739,0.5515697,0.5691853,0.53100866,0.52168125,0.54183054,0.5544739,0.55177516,0.5190657,0.5499427,0.52392167,0.5440935,0.54648215,0.52258015,0.5199259,0.54036504,0.5512261,0.51696646,0.5356549,0.52594566,0.54567665,0.5588126,0.5592927,0.5621116,0.5291966,0.55368334,0.4925953,0.5242242,0.50378585,0.5392015,0.5200559,0.5460178,0.54216945,0.56198174,0.5500447,0.5367639,0.5291124,0.55533355,0.5136701,0.5324873,0.5640997,0.54565674,0.5450441,0.50729537,0.5133742,0.53225803,0.5359763,0.4966492,0.4684552,0.54987365,0.5799038,0.530212,0.5472273,0.5097091,0.5426424,0.5234845,0.5678594,0.510517,0.51923215,0.53840524,0.55840933,0.5344547,0.5488876,0.5478506,0.5560682,0.54462045,0.5175643,0.5180084,0.53228843,0.53321517,0.5424651,0.5225154,0.5337774,0.5542878,0.58024895,0.52974856,0.5733432,0.55244243,0.5331358,0.5553545,0.5223268,0.5009945,0.53479517,0.55791306,0.54813546,0.52047837,0.51049995,0.54235137,0.55051327,0.51404226,0.54987884,0.51879734,0.5324762,0.56366515,0.5580529,0.52722645,0.5497782,0.5292112,0.53439987,0.5312538,0.5338042,0.5605681,0.49311924,0.5577022,0.5615751,0.5516699,0.55999863,0.4740821,0.5571206,0.51658005,0.5600966,0.537132,0.54785717,0.5243116,0.54845077,0.5617373,0.5460003,0.54614437,0.515711,0.53420925,0.51972806,0.54048204,0.5360385,0.5659383,0.539187,0.53656393,0.51202154,0.5360767,0.5310636,0.5527714,0.53965956,0.549246,0.5512823,0.55110663,0.5374411,0.52172303,0.5193883,0.5689377,0.55787873,0.5293878,0.53504497,0.5228809,0.52893347,0.5244962,0.52460426,0.53769344,0.5285654,0.5375009,0.5440946,0.53430265,0.57613474,0.5523969,0.5198991,0.5085384,0.5248177,0.5962781,0.5086439,0.5342287,0.5328299,0.5137743,0.5518871,0.51800615,0.5721996,0.51389956,0.52863586,0.52527356,0.54234123,0.53989685,0.54202604,0.58059245,0.55331546,0.50633085,0.5055945,0.5306961,0.52502674,0.5189235,0.5810632,0.5204003,0.5296261,0.54141617,0.5459588,0.53087705,0.5401667,0.540386,0.51899695,0.5338519,0.5438546,0.51311904,0.5727983,0.56669587,0.52023387,0.54201895,0.5355097,0.55927885,0.54118997,0.5127722,0.6111764,0.54626405,0.5320299,0.5546318,0.5181449,0.50643873,0.51385415,0.5233004,0.54564166,0.55591565,0.5219954,0.58018684,0.57889223,0.5338038,0.53367066,0.52491,0.54152673,0.5143265,0.53419006,0.5440379,0.5337145,0.5167423,0.5346053,0.50313616,0.50146616,0.5552148,0.5559244,0.5211363,0.54683626,0.5424946,0.55905306,0.5547213,0.5411933,0.5149653,0.5865127,0.52323854,0.5163415,0.53597486,0.54259044,0.5203409,0.5496495,0.55677676,0.5238019,0.5614551,0.53137106,0.5521996,0.53039443,0.53234816,0.5191784,0.5621452,0.54788876,0.53313905,0.56930614,0.50735646,0.5482168,0.55386573,0.5389313,0.56009,0.5240339,0.5322251,0.55970997,0.5555623,0.51736003,0.52732843,0.52500093,0.51750314,0.5335802,0.5271068,0.53453064,0.55176973,0.5509403,0.54904157,0.5202578,0.53456384,0.5421016,0.53340787,0.5399382,0.53059095,0.5709307,0.5478069,0.5438679,0.5459102,0.54956067,0.5721138,0.5258694,0.5341974,0.54880905,0.52892077,0.54421335,0.5333293,0.50497174,0.51379895,0.4902225,0.5370752,0.54676867,0.5484681,0.5287526,0.5275215,0.5651294,0.51844734,0.527328,0.53800726,0.553414,0.55818063,0.54188734,0.5257794,0.5283227,0.5114695,0.51637256,0.5195441,0.53217494,0.51666373,0.5424146,0.5316758,0.522502,0.54333854,0.5201846,0.5298695,0.5390018,0.53385895,0.54313296,0.55037904,0.534082,0.55357635,0.5197102,0.55823594,0.5266626,0.6034808,0.534903,0.53776014,0.53155345,0.54389143,0.54538465,0.5352227,0.552252,0.5398446,0.5473455,0.54265344,0.5138253,0.5492867,0.52270734,0.55113614,0.52757823,0.5647944,0.533136,0.52630776,0.5530597,0.5219351,0.53089213,0.51223296,0.529608,0.5618789,0.54762673,0.5439588,0.5336862,0.5497416,0.5225725,0.5413314,0.5340121,0.52605677,0.5265739,0.5496164,0.5122666,0.55906856,0.54691195,0.52625835,0.54317254,0.5425426,0.5591881,0.5268802,0.5314261,0.5345923,0.54847556,0.5114893,0.55784935,0.5377331,0.5267783,0.52745795,0.55494225,0.53087336,0.5526805,0.4932108,0.5536022,0.5464617,0.5479635,0.560827,0.5318583,0.60453856,0.54188967,0.49875945,0.5445228,0.5247004,0.5428414,0.5422924,0.5282956,0.5275242,0.56264186,0.5591798,0.5213847,0.54765075,0.5148833,0.5724903,0.5397326,0.5246161,0.57884914,0.5308501,0.5240632,0.5504904,0.5593653,0.5085894,0.53675914,0.5168688,0.5370501,0.5465677,0.5449735,0.53315896,0.52633476,0.5791524,0.5683646,0.5403923,0.5473603,0.524084,0.5270461,0.5383196,0.55756545,0.50867647,0.51959264,0.57599944,0.52234375,0.52237487,0.56724876,0.54405516,0.50492543,0.5295519,0.5441382,0.53892547,0.54131705,0.56923765,0.5282766,0.56996095,0.5412835,0.549273,0.5913165,0.5293336,0.50991,0.52824646,0.560369,0.50646013,0.54759556,0.53649944,0.53111714,0.5498527,0.52324474,0.54506946,0.52456766,0.532987,0.5441964,0.54130507,0.54189205,0.54317623,0.56538737,0.5440414,0.5493158,0.54840255,0.53243434,0.52985954,0.5487421,0.5380644,0.57605535,0.5386307,0.54855263,0.5224948,0.53205615,0.53849345,0.53679216,0.5397403,0.53849924,0.5566489,0.5801792,0.54019064,0.53893256,0.54879373,0.5300108,0.53017664,0.51141113,0.53832215,0.53160816,0.5512991,0.5408279,0.55115974,0.5306004,0.54985845,0.5017315,0.5498253,0.55988336,0.5573497,0.5306084,0.5168678,0.53580856,0.5323492,0.5141413,0.579931,0.5331548,0.5275012,0.50600976,0.53392434,0.5299038,0.53506273,0.5426047,0.5543604,0.55208033,0.5398382,0.5725784,0.55599916,0.56258166,0.52659625,0.5379526,0.5501562,0.50469565,0.56218016,0.54017663,0.54526335,0.557591,0.5698116,0.55885696,0.5320584,0.5554316,0.49767095,0.5734424,0.53534925,0.56248736,0.546759,0.5592303,0.5237965,0.54614294,0.5093445,0.5272892,0.52185893,0.52663594,0.5088865,0.57307273,0.53867054,0.5175797,0.50738794,0.53067833,0.54563814,0.4974916,0.57140255,0.53381634,0.5456958,0.54693186,0.5583395,0.55765134,0.53433794,0.54904026,0.53029996,0.5264094,0.5416789,0.5591659,0.55379915,0.565651,0.5079895,0.55699325,0.52312887,0.5347264,0.53481185,0.5091724,0.5154157,0.53272176,0.542189,0.5366834,0.5154073,0.53296214,0.5532427,0.5368057,0.541679,0.52867043,0.54899275,0.5425685,0.54960966,0.5407225,0.5464225,0.5312032,0.54417086,0.5038259,0.49885663,0.5265544,0.4997971,0.5320809,0.5302094,0.5247113,0.5367477,0.5588014,0.5494533,0.5570405,0.55917645,0.5550785,0.54759175,0.5259117,0.53624225,0.5374086,0.55730623,0.53748524,0.5413101,0.51590383,0.538136,0.547676,0.5274631,0.55989677,0.56696963,0.5311095,0.50244653,0.5565139,0.5480222,0.5504887,0.52972627,0.53140205,0.54532844,0.5346004,0.5279993,0.5160389,0.5847952,0.54304624,0.52513206,0.5142649,0.573409,0.5042266,0.5439679,0.53289175,0.5216866,0.5419216,0.5492512,0.55908525,0.4975052,0.5336346,0.5671344,0.5103812,0.54669017,0.5491088,0.5477008,0.5476175,0.5232036,0.48268685,0.53232855,0.5294389,0.5463658,0.5451433,0.53027153,0.5237841,0.56999505,0.5249837,0.54859304,0.5560944,0.54159003,0.526489,0.54566073,0.5284829,0.5173586,0.5362079,0.5476269,0.5478483,0.517928,0.5496111,0.5526314,0.55251247,0.5511711,0.5472909,0.52357614,0.5551825,0.5449332,0.532975,0.55184007,0.54031575,0.5205146,0.54393435,0.5545472,0.56714326,0.5062646,0.54129976,0.5246159,0.5216869,0.5793823,0.522404,0.54030526,0.5586482,0.5424295,0.534713,0.52596277,0.52300245,0.546178,0.5323052,0.523629,0.5693398,0.52054477,0.55459,0.54744387,0.5632222,0.53487396,0.5526302,0.5271912,0.5418958,0.52710587,0.5166477,0.5381232,0.573277,0.5545995,0.56693715,0.548856,0.53825235,0.53708154,0.5665997,0.549339,0.5920549,0.52678895,0.5415651,0.54500175,0.5414908,0.52110416,0.5362917,0.50853896,0.54216826,0.5445357,0.55116767,0.5317833,0.5341714,0.5590871,0.5360803,0.5229585,0.5106128,0.52307165,0.50954723,0.5191305,0.5273737,0.5264512,0.5191132,0.518413,0.54115677,0.5363245,0.5459067,0.5533128,0.5548062,0.5841589,0.55194527,0.55111957,0.57649493,0.58603877,0.5558479,0.5356509,0.5207736,0.53011745,0.5160989,0.56604654,0.54559565,0.51065505,0.53432965,0.53223145,0.5746362,0.5495956,0.5442014,0.5588084,0.57213223,0.56135964,0.54559165,0.53563476,0.57436734,0.52568716,0.49808428,0.5454581,0.53430206,0.547054,0.5495266,0.5390182,0.5277556,0.5268674,0.5684985,0.5572863,0.5318842,0.55683637,0.5608084,0.5481515,0.5779581,0.5232991,0.4885428,0.51497424,0.5384605,0.5243855,0.53571194,0.5191707,0.50335395,0.49416503,0.55624473,0.53954524,0.5597637,0.55179924,0.510797,0.5355021,0.54227126,0.5233487,0.5451406,0.50900114,0.5593975,0.54307026,0.5393553,0.520783,0.55874825,0.52270395,0.54865295,0.54645973,0.5655996,0.49563286,0.5218233,0.55228484,0.5282245,0.5397041,0.53732,0.53279954,0.55654776,0.5499618,0.51548254,0.54260063,0.522556,0.5009935,0.5557296,0.53650707,0.532434,0.55940485,0.507658,0.5435834,0.5176433,0.51548934,0.52992773,0.52150756,0.5456008,0.52859014,0.50452,0.51960564,0.5340944,0.52952474,0.5571133,0.5108312,0.50300026,0.5542043,0.5423398,0.53474516,0.5305728,0.5383141,0.5559103,0.5424746,0.5246672,0.5129407,0.57351303,0.5253383,0.5133065,0.5302221,0.5323096,0.50837374,0.5479059,0.5558766,0.5225525,0.5315487,0.5533299,0.5369077,0.52749574,0.56245875,0.60560596,0.53793234,0.52899516,0.525941,0.5444381,0.51918036,0.5337922,0.5165298,0.53310734,0.5423225,0.5353023,0.54341024,0.5323146,0.5044459,0.5177375,0.52183867,0.52810836,0.52835107,0.5098382,0.5670229,0.5607928,0.542109,0.5604299,0.5206277,0.51576895,0.49925762,0.51949567,0.5628086,0.50163233,0.53271013,0.55441767,0.5541498,0.51301503,0.5680686,0.54504156,0.53826976,0.519145,0.50379324,0.5514084,0.5636485,0.53691876,0.5491886,0.5222556,0.5349181,0.55742586,0.51256293,0.5102329,0.5614148,0.55581325,0.5238189,0.5346644,0.5187904,0.5228535,0.54276335,0.53456736,0.5627957,0.5617615,0.56192136,0.52878755,0.5531852,0.5349936
0.5453707,0.5502443,0.5240035,0.53916967,0.58355683,0.49188244,0.51963377,0.5082255,0.5325804,0.5497341,0.4732497,0.5086756,0.54122853,0.51247036,0.54713273,0.5479005,0.4867954,0.5647019,0.55131495,0.52962005,0.52718,0.52265555,0.5638482,0.5217614,0.5489125,0.5406594,0.49649864,0.5434085,0.5633714,0.5255083,0.5162289,0.5539702,0.5230501,0.5394078,0.51132476,0.5424953,0.49341547,0.5750076,0.5355847,0.53235537,0.52254534,0.5526922,0.54908395,0.5054175,0.5214776,0.5365587,0.5043005,0.4696396,0.55146617,0.5328237,0.5394823,0.5521209,0.5288426,0.5352408,0.53892195,0.54804575,0.5159904,0.51787454,0.5175926,0.5154839,0.5491561,0.5147329,0.5217993,0.5679834,0.53716844,0.54018813,0.5013597,0.52731895,0.5174871,0.4955901,0.56916356,0.55311674,0.527058,0.5434127,0.5109257,0.5579705,0.52480257,0.5228467,0.5418594,0.55790937,0.555902,0.53136843,0.4994076,0.5558023,0.5495466,0.5990204,0.5214134,0.53143734,0.52042234,0.54267764,0.5313395,0.5228425,0.55351883,0.51270527,0.543586,0.5191719,0.49994248,0.55662364,0.5064474,0.5365517,0.5612596,0.52217364,0.55622256,0.55804753,0.5515102,0.51101035,0.53874123,0.5058641,0.50118583,0.52050096,0.50809777,0.5532295,0.49272555,0.5390017,0.5612896,0.51497555,0.5407952,0.4759511,0.52564293,0.5538483,0.5326418,0.5489761,0.519447,0.5351681,0.501005,0.5087657,0.516334,0.4788293,0.5375502,0.60064715,0.51320934,0.52476853,0.5118897,0.5286049,0.55871856,0.53541565,0.4921377,0.47399926,0.56515974,0.54852295,0.53055906,0.5020341,0.5598308,0.5655989,0.5277636,0.53482854,0.56607926,0.5476439,0.5106766,0.5284625,0.50054586,0.50500655,0.52050537,0.57194173,0.52863944,0.589253,0.5179974,0.5235293,0.5794043,0.56735975,0.5110167,0.5621891,0.5567524,0.52927023,0.50189054,0.5234257,0.522373,0.5662157,0.5153398,0.56199,0.51674175,0.51850265,0.5722318,0.5509645,0.4966521,0.5552362,0.54156524,0.52300316,0.5372119,0.5428537,0.5334002,0.5174269,0.52233976,0.55906653,0.55572367,0.52642775,0.52783275,0.5356705,0.53161657,0.54370105,0.54012966,0.57017756,0.5303834,0.52411747,0.5675263,0.52892584,0.5485784,0.5257667,0.50688505,0.5118084,0.53195703,0.5492474,0.5392889,0.550984,0.50794697,0.5393964,0.54042894,0.494879,0.53339714,0.52155364,0.5096453,0.52333224,0.5467514,0.54314,0.51770824,0.53618544,0.5502981,0.5565256,0.53984433,0.52424496,0.50970095,0.55774796,0.5390113,0.5264418,0.5256476,0.52528733,0.5306866,0.47362664,0.57333696,0.5438928,0.5407433,0.5076499,0.52001214,0.51639783,0.5984603,0.4878584,0.49682474,0.54579973,0.5139041,0.53566146,0.5431641,0.5385922,0.47887468,0.55164945,0.5608748,0.5308103,0.5518335,0.5364667,0.5446936,0.551715,0.5080865,0.5302857,0.51412416,0.5135173,0.55547196,0.5733591,0.5283083,0.5492766,0.5511134,0.53563416,0.51911384,0.5240585,0.5302793,0.56300414,0.512882,0.54272795,0.5155745,0.52976567,0.5633852,0.53938854,0.54302907,0.55725235,0.545766,0.5079663,0.52154726,0.5770736,0.52617455,0.53964055,0.54411674,0.51053554,0.521445,0.51199806,0.53290063,0.5291095,0.51117015,0.5396642,0.564003,0.5641676,0.55279124,0.5527158,0.51978946,0.47983572,0.5223068,0.5379329,0.5377959,0.52361745,0.54527277,0.54003006,0.5199478,0.49306673,0.53368515,0.5404897,0.52250546,0.5332195,0.5274807,0.54578406,0.5451093,0.5370635,0.5128316,0.5721661,0.51684487,0.50176567,0.5151536,0.55321443,0.5043026,0.54257727,0.54282176,0.51667565,0.54434025,0.5227994,0.5342678,0.51885486,0.50953937,0.5289159,0.5327742,0.53900635,0.5353458,0.5187365,0.5484216,0.52998596,0.5757953,0.5020711,0.5608496,0.5239443,0.54673725,0.5451559,0.54513615,0.51126873,0.52685827,0.51047367,0.49598265,0.52801466,0.5196589,0.48554128,0.529271,0.510745,0.519516,0.5174043,0.55003625,0.53202343,0.55220056,0.5569542,0.5648319,0.539366,0.5485035,0.5378452,0.54714614,0.5568794,0.5557014,0.49292833,0.5151569,0.55901396,0.54306257,0.52560765,0.52541065,0.4727751,0.52810264,0.51733875,0.52556163,0.5537277,0.5408548,0.5183687,0.5301427,0.531011,0.5317067,0.5368999,0.52526003,0.5598628,0.5536849,0.5484917,0.5337219,0.5388653,0.545544,0.51369405,0.50549567,0.5527158,0.50206465,0.55778176,0.52992845,0.50273263,0.53428155,0.53959,0.54001695,0.5300789,0.541237,0.5425804,0.5435614,0.53921336,0.5188335,0.52162206,0.56792265,0.5242734,0.60776544,0.4948116,0.49885398,0.53515893,0.5076982,0.5204898,0.5278617,0.52393925,0.5174147,0.5222755,0.52851534,0.4977586,0.48028064,0.519065,0.56630087,0.5510376,0.5599326,0.5292449,0.5283325,0.5356392,0.56000215,0.5339674,0.5085161,0.5305115,0.53437775,0.5021795,0.5203669,0.5661718,0.5443637,0.52286446,0.5172529,0.5353742,0.54757404,0.5562518,0.52105457,0.51081103,0.5190719,0.5135013,0.5172341,0.5125451,0.5111784,0.5172823,0.5076291,0.5200024,0.5396996,0.5445786,0.5268785,0.52806574,0.5359007,0.5056325,0.52286416,0.5399129,0.5502952,0.5461974,0.52434826,0.5643954,0.50900555,0.5244846,0.5515291,0.551857,0.58016175,0.53319585,0.49749947,0.5500483,0.51993275,0.5268522,0.53078777,0.5073239,0.5285419,0.55072254,0.5418595,0.51609266,0.5320579,0.48366418,0.5217159,0.54555845,0.51955354,0.5705676,0.56806797,0.5107018,0.52117133,0.5505967,0.53396183,0.5386046,0.53600407,0.55027807,0.53936774,0.5774703,0.53357863,0.5199886,0.59231246,0.5311112,0.52815974,0.56497806,0.51040286,0.5522231,0.5217029,0.5283452,0.5097591,0.5016556,0.5399961,0.52911663,0.51772606,0.5516195,0.5070557,0.5234363,0.5214961,0.5426458,0.53928775,0.55803835,0.5555082,0.53604656,0.56292987,0.52983356,0.53031504,0.55122113,0.4892654,0.4577646,0.48302743,0.53304076,0.49959445,0.49679625,0.5159726,0.50292945,0.49871874,0.56440425,0.5624968,0.52354646,0.5382784,0.524101,0.55328834,0.55944705,0.4973255,0.52441967,0.5416239,0.57314885,0.51999027,0.5163436,0.5322366,0.5078194,0.53956276,0.5562823,0.5198383,0.5382649,0.5119644,0.52418715,0.50791323,0.53837603,0.54568684,0.5497697,0.51873857,0.56879604,0.5124301,0.56480694,0.54642403,0.50763535,0.54894733,0.52914166,0.52025217,0.54947567,0.53327894,0.53176445,0.54449916,0.52392614,0.5578661,0.49973965,0.5373219,0.55400026,0.5706986,0.5294731,0.50485927,0.51183,0.5205019,0.495557,0.5531726,0.50426716,0.5123948,0.52075434,0.53864753,0.5234237,0.5214343,0.5299619,0.57012427,0.54852307,0.51630896,0.5801725,0.5673894,0.5407328,0.5006935,0.5703238,0.5518607,0.5387841,0.54365885,0.5342579,0.4894228,0.53460944,0.5582578,0.54709965,0.51849425,0.53100437,0.5234475,0.57307273,0.5244174,0.5400946,0.5202652,0.5573782,0.52907217,0.5263318,0.51716936,0.5186598,0.52689445,0.54578704,0.51223755,0.5387896,0.54757506,0.5442507,0.46662518,0.5314216,0.5263096,0.5110127,0.60519385,0.5035815,0.54825884,0.5540848,0.54198104,0.5363562,0.53322285,0.52260166,0.52158725,0.53646976,0.53783286,0.5335628,0.53167105,0.5663292,0.50729585,0.54759794,0.5283403,0.55890214,0.5121289,0.51184785,0.47492403,0.5421062,0.51147985,0.544873,0.54693544,0.52393043,0.5120095,0.5164769,0.51469624,0.5182471,0.5485692,0.5402569,0.54584444,0.5165842,0.5177216,0.5326245,0.54495096,0.53381157,0.48903307,0.56245416,0.51972556,0.53257775,0.53012407,0.52721,0.5224388,0.57612854,0.52698576,0.5438811,0.57170427,0.5561633,0.5566154,0.5279959,0.55336666,0.51531726,0.50880426,0.55908245,0.5249232,0.5108928,0.56904745,0.5780131,0.5538825,0.570314,0.5818755,0.5382103,0.51733214,0.54371566,0.54903036,0.5789643,0.5549079,0.512444,0.57162774,0.5490974,0.5472512,0.49674466,0.5494269,0.5332773,0.54497766,0.5246624,0.5580521,0.5107731,0.53310907,0.5221991,0.53946143,0.50659657,0.5158955,0.5695399,0.5003513,0.5126208,0.55650574,0.5491603,0.5217827,0.57079136,0.52939487,0.524132,0.51704395,0.48987675,0.5592389,0.5010806,0.54125696,0.5427276,0.5639125,0.5123375,0.54228646,0.50764054,0.5342398,0.5411204,0.52151287,0.50543666,0.5513398,0.5474656,0.5059857,0.5307967,0.55583066,0.54837406,0.5334319,0.5480132,0.5349978,0.5655723,0.5393716,0.53633654,0.5624302,0.5580628,0.5197904,0.4945761,0.57691735,0.527192,0.53064257,0.5166006,0.5469857,0.5589672,0.5134699,0.5195114,0.54290855,0.4887976,0.5635563,0.52349705,0.5541743,0.51795167,0.5564772,0.49823868,0.5197808,0.5374802,0.5055759,0.49378237,0.52466583,0.53325725,0.530309,0.53347576,0.5540077,0.54325783,0.5257393,0.53920716,0.52552104,0.5103549,0.5179869,0.49519727,0.57198143,0.55596995,0.57079065,0.54605705,0.50245905,0.5086568,0.51229966,0.5800831,0.5202759,0.5915027,0.53833526,0.5087216,0.51227,0.5550065,0.5645028,0.53186584,0.5096158,0.5524889,0.5631286,0.5365558,0.5070956,0.5214609,0.54519045,0.5158818,0.4916044,0.5163971,0.5312279,0.54701346,0.51812595,0.52584594,0.54195654,0.5401838,0.54201055,0.53113794,0.5264834,0.525573,0.5376017,0.52787846,0.5710481,0.53129077,0.53706884,0.5585284,0.5527308,0.5435494,0.5667787,0.5135776,0.52224946,0.49141496,0.55519783,0.54427993,0.514782,0.5451889,0.4980921,0.54888564,0.5330239,0.58149076,0.5645021,0.5292579,0.521295,0.5422769,0.509648,0.56093705,0.5568346,0.46385035,0.51752925,0.5135222,0.5240019,0.5370018,0.5440897,0.5641326,0.49847752,0.54427856,0.5427778,0.52081674,0.553851,0.56056666,0.5143191,0.5700821,0.51982105,0.5242431,0.52097577,0.5271157,0.5170016,0.52953607,0.57100624,0.53425086,0.51378685,0.5660521,0.5135018,0.5487246,0.55031323,0.50547624,0.51335734,0.5267926,0.5431649,0.51092565,0.53842694,0.53689176,0.5563383,0.542727,0.51577365,0.5582154,0.53978884,0.55665463,0.5486403,0.5289085,0.4762579,0.55988896,0.5448196,0.54657435,0.5083009,0.5286237,0.5231854,0.5433465,0.5528571,0.53244394,0.5544173,0.51269925,0.49663886,0.53364015,0.53865355,0.52937925,0.53359956,0.5086372,0.55315363,0.5097744,0.5154434,0.52503115,0.54316485,0.50702876,0.5018425,0.5148928,0.53459567,0.5170194,0.5836926,0.55081165,0.54251856,0.5030413,0.53274333,0.5518907,0.5122231,0.54957104,0.52554876,0.5409276,0.5331285,0.5485647,0.51058376,0.5503897,0.5272864,0.5197668,0.5063302,0.52937627,0.48914838,0.5394884,0.561695,0.51881367,0.52823055,0.546565,0.5631731,0.5234769,0.56335926,0.5959741,0.52419853,0.53243244,0.4982703,0.5270989,0.50544935,0.5006617,0.5125523,0.481032,0.5693859,0.5166112,0.556223,0.4949458,0.50415546,0.53290975,0.49342465,0.53467184,0.5265989,0.51616234,0.5339816,0.5427637,0.5543982,0.54962873,0.50339854,0.52244496,0.49183998,0.47171882,0.5628175,0.5141604,0.5104307,0.54262316,0.53023326,0.5308456,0.57601523,0.5438848,0.5076102,0.49131373,0.5047412,0.5235074,0.537026,0.5370957,0.5902935,0.48208928,0.53600854,0.5167707,0.52962846,0.5355032,0.54131305,0.5401411,0.54767406,0.5288084,0.52687275,0.4861622,0.55881864,0.5413133,0.5725416,0.51415616,0.5425829,0.551295,0.54877186,0.50863683
0.7182958,0.7373782,0.69047,0.6974546,0.7309551,0.6942063,0.67340267,0.6614878,0.70152104,0.69264346,0.6835128,0.69965845,0.7227244,0.67863715,0.66559917,0.7314412,0.69654393,0.7095939,0.6997614,0.7288572,0.66614056,0.702765,0.6838788,0.72781533,0.68809116,0.70271736,0.6942666,0.6946281,0.6912444,0.7094352,0.6958645,0.7206046,0.6569536,0.70983166,0.72999746,0.7135631,0.66291964,0.71307564,0.72096395,0.689408,0.69798917,0.702005,0.6696358,0.68272567,0.7225768,0.6975901,0.6972086,0.6990305,0.68339944,0.6870449,0.67188334,0.70407265,0.6895968,0.6761892,0.71725637,0.70214605,0.69234157,0.72332805,0.70100003,0.69023764,0.6817309,0.70524436,0.71667135,0.6861034,0.6968582,0.6837951,0.6980779,0.6823165,0.67226154,0.6808145,0.7570015,0.7521076,0.68616104,0.7157082,0.67555785,0.6785159,0.68967617,0.68177634,0.71021456,0.7106532,0.70814717,0.7155338,0.69903064,0.6874656,0.7039477,0.67072904,0.70207113,0.6870098,0.6835055,0.7002086,0.73502654,0.72999144,0.685535,0.6747753,0.67854965,0.69665694,0.7148182,0.68576735,0.6657059,0.6758042,0.7403047,0.6935101,0.71478003,0.67892,0.7009397,0.6533848,0.6606556,0.70956594,0.7049259,0.68001515,0.75682443,0.70595914,0.69766855,0.7059309,0.7308081,0.7019908,0.71007663,0.7187459,0.7092863,0.7301944,0.7422851,0.7183361,0.6632308,0.68442017,0.6830933,0.70415443,0.71543014,0.6941082,0.7001852,0.74052596,0.66926223,0.68535507,0.6879254,0.6668328,0.6844325,0.7346918,0.69075054,0.72240376,0.72611713,0.6721568,0.7375813,0.7084284,0.68369114,0.7110536,0.7316005,0.69379765,0.67417526,0.6954336,0.6877549,0.7013173,0.7093495,0.7165939,0.7198419,0.7305163,0.7045872,0.73826647,0.69452053,0.73806113,0.7146597,0.6944372,0.696096,0.7106261,0.70830446,0.7062925,0.71174884,0.7084029,0.70382124,0.70995796,0.7152167,0.72909856,0.70860904,0.70878243,0.71455884,0.7371825,0.7058536,0.6852834,0.71054876,0.7179784,0.71821487,0.68133575,0.6554216,0.69525945,0.70365846,0.6824168,0.68549323,0.68625885,0.6456934,0.69853276,0.72453284,0.7291244,0.6738406,0.6772023,0.65432256,0.6808418,0.6725379,0.7288449,0.6865279,0.6646204,0.670351,0.6747304,0.7102285,0.6801175,0.7382865,0.6817563,0.6736706,0.69898456,0.7167443,0.72784126,0.6963922,0.6987382,0.7264069,0.699419,0.7404177,0.68647957,0.69312364,0.6515249,0.7056136,0.688734,0.6842041,0.6794137,0.6528419,0.7112559,0.7044583,0.70620394,0.7174851,0.6898743,0.6940943,0.7272901,0.70487106,0.7449299,0.6821351,0.71479684,0.7009237,0.6630754,0.7190596,0.6906435,0.69066495,0.7153492,0.71143204,0.66946906,0.67063665,0.70320773,0.71053,0.6561948,0.69025445,0.74197006,0.6617316,0.68564934,0.7273039,0.7424927,0.67314196,0.7035288,0.7287425,0.72744775,0.66532296,0.7321702,0.69188684,0.6973562,0.669447,0.72447056,0.7008708,0.69918644,0.6982704,0.67301494,0.69766223,0.69638056,0.66620106,0.7121474,0.6724895,0.6591337,0.74251354,0.6676204,0.6821257,0.73587096,0.6964288,0.7537321,0.69055593,0.73226047,0.7233594,0.7012358,0.6783557,0.7206156,0.6904167,0.7212272,0.7241053,0.7090522,0.7240927,0.7110726,0.7129386,0.7032497,0.67342854,0.6871789,0.6553947,0.698396,0.64958197,0.7150737,0.68872905,0.69470215,0.68979955,0.6462139,0.7197455,0.675526,0.71451384,0.6858496,0.6980354,0.7194067,0.70681465,0.751089,0.6626734,0.73264176,0.7128482,0.7082546,0.6775547,0.6679354,0.68216664,0.69339734,0.7297835,0.6946104,0.68852836,0.7004364,0.7164686,0.69335103,0.7157071,0.70733887,0.69779813,0.7004497,0.7335906,0.7280017,0.67876166,0.67078793,0.71014833,0.69937336,0.7253556,0.6915076,0.6686497,0.70500135,0.7162324,0.67162955,0.6896802,0.7109872,0.7053847,0.7145471,0.6932384,0.6913591,0.68182254,0.6768398,0.7165311,0.69122934,0.68154114,0.64970577,0.71237916,0.6946042,0.70374775,0.7287435,0.6757364,0.7005742,0.72398853,0.6770725,0.6872091,0.7253161,0.70532715,0.6870775,0.6699859,0.7324834,0.6892083,0.6961962,0.71410674,0.6265429,0.6956591,0.7227615,0.7157358,0.7135569,0.68216217,0.69316816,0.69549453,0.7161885,0.73986876,0.71993303,0.7441438,0.6604847,0.7028953,0.7250059,0.68953806,0.67423165,0.6788167,0.6957697,0.6907931,0.71343255,0.6660715,0.7166391,0.66641617,0.6738087,0.68462,0.7015431,0.65958077,0.6729567,0.7200709,0.7232226,0.71608865,0.718646,0.67373025,0.6539434,0.70458245,0.67070794,0.7028529,0.7056047,0.7164927,0.7326048,0.7120919,0.6772086,0.69821167,0.6933624,0.7096516,0.6704257,0.69656074,0.7142895,0.6996021,0.6482485,0.7084198,0.6779701,0.6655545,0.7256874,0.6871539,0.7033967,0.67836565,0.6834112,0.68469745,0.7006472,0.69087267,0.711744,0.7207286,0.6581367,0.6990562,0.69611275,0.69958895,0.69805145,0.7074057,0.71818584,0.7449939,0.70165604,0.7176137,0.70284504,0.6917758,0.66450703,0.72791487,0.709736,0.6837319,0.7107907,0.70667815,0.7101075,0.67095596,0.6876767,0.6698581,0.67591,0.6992366,0.69780236,0.6663647,0.70031905,0.71259844,0.6860415,0.71867806,0.67533386,0.76384676,0.7195587,0.68867105,0.70767516,0.70845526,0.6863699,0.7027575,0.75326324,0.7405381,0.68582314,0.6793527,0.6893859,0.70589924,0.6485585,0.71290165,0.6855485,0.6655391,0.71914846,0.666495,0.7114686,0.7063249,0.67029,0.67159253,0.7160915,0.6612002,0.6811218,0.6766915,0.740672,0.7052194,0.72307,0.69577885,0.7391577,0.70046204,0.6858521,0.65501714,0.67943287,0.6964591,0.6769625,0.703634,0.7182362,0.75497544,0.67506874,0.7161067,0.72373194,0.71403724,0.7007554,0.70541006,0.72822255,0.68296987,0.68056446,0.7625448,0.6741699,0.69492877,0.6927651,0.6721034,0.75148106,0.68800145,0.6634288,0.691642,0.7073006,0.68860435,0.69701207,0.6998675,0.6887456,0.7262075,0.7120026,0.71301025,0.6766522,0.7070121,0.71737605,0.72502285,0.6756162,0.72184336,0.73124593,0.71508634,0.7141656,0.7062605,0.69647396,0.718421,0.69075245,0.68110657,0.7209041,0.6784356,0.73167616,0.69684756,0.6993454,0.69257206,0.70566565,0.6810506,0.6694041,0.73157823,0.71704835,0.7021598,0.6983461,0.66415334,0.68137974,0.6871548,0.710277,0.6660996,0.71963704,0.7067752,0.7159968,0.6858566,0.71144575,0.7046723,0.67168605,0.71233284,0.70497704,0.713198,0.7150177,0.67935324,0.6711984,0.6994488,0.7133381,0.70778584,0.6784599,0.6846977,0.6823619,0.69819874,0.7276562,0.7032318,0.718938,0.72198224,0.6810783,0.7138998,0.7313881,0.67077756,0.7288163,0.6634386,0.67805356,0.6697557,0.6946056,0.68372697,0.68400955,0.736023,0.71526736,0.7054583,0.7224793,0.69564855,0.7026598,0.6720805,0.6817837,0.7044979,0.7036662,0.6827192,0.7211478,0.6727644,0.7144308,0.68517494,0.7185588,0.6617511,0.7239644,0.70539755,0.6713605,0.7125655,0.675638,0.687704,0.7173093,0.69978976,0.69169015,0.696962,0.70129186,0.685988,0.66303015,0.70157474,0.7027848,0.6786666,0.69307464,0.7004451,0.71596104,0.7015743,0.7077613,0.70192593,0.6951505,0.699324,0.69748825,0.6890012,0.7028424,0.6819229,0.70518696,0.6947241,0.6650901,0.7062604,0.75315994,0.6761708,0.7230771,0.6959319,0.6706269,0.72027355,0.70543903,0.70713806,0.6894182,0.68429494,0.71688807,0.7035771,0.67594683,0.66212827,0.6601512,0.664814,0.702636,0.6872623,0.69281644,0.6704838,0.69224906,0.69870865,0.7083117,0.677683,0.7263849,0.735958,0.67833966,0.7596501,0.687779,0.71378857,0.68893737,0.6947534,0.7204851,0.7053896,0.7069009,0.6605194,0.7032578,0.72869253,0.70164657,0.73257536,0.70264596,0.66532534,0.69728255,0.7008244,0.71216154,0.70933086,0.7066068,0.6801878,0.6969132,0.7165993,0.67198634,0.74687153,0.68276644,0.6564516,0.6831663,0.6530415,0.6809931,0.71946114,0.7137271,0.6951179,0.7465222,0.7251469,0.728098,0.67231226,0.6935017,0.7489029,0.67136526,0.6835466,0.76446164,0.6970399,0.6848418,0.6820062,0.7044657,0.65829575,0.7083366,0.6949453,0.6767037,0.6906736,0.6847723,0.70413035,0.6950114,0.7429835,0.69954956,0.6863212,0.7005598,0.68384147,0.7107892,0.71353894,0.72196496,0.7057384,0.67483735,0.6983315,0.68784136,0.71771455,0.6947746,0.72215605,0.68652195,0.6991116,0.7235782,0.71571004,0.72960407,0.7283253,0.7039096,0.7002559,0.68811053,0.7255743,0.66083324,0.6922236,0.6897019,0.68233615,0.6897365,0.7340186,0.68445367,0.6874391,0.71378505,0.72535545,0.6996084,0.68279487,0.6920437,0.69007754,0.6905241,0.7027091,0.6943699,0.6930115,0.70976245,0.72107,0.7258443,0.69315916,0.6849675,0.7021503,0.7370929,0.6752322,0.698331,0.7200177,0.7208284,0.69442314,0.6900199,0.7275697,0.6773507,0.7130699,0.69764364,0.6959403,0.75766665,0.6761886,0.71484643,0.73468673,0.69061327,0.7150586,0.6990246,0.67466575,0.69512475,0.6977892,0.7322154,0.71739024,0.6842919,0.69852203,0.7175975,0.6605906,0.6432996,0.70428747,0.6710922,0.65569955,0.6897793,0.7239376,0.6731586,0.6689664,0.7130393,0.6914889,0.7532681,0.69582427,0.7499705,0.7065985,0.7082424,0.7121359,0.7397658,0.71617675,0.6991638,0.6908378,0.71144205,0.6742307,0.6716347,0.73755616,0.718497,0.6619809,0.6708481,0.69352746,0.6904508,0.7062607,0.6877118,0.6997752,0.692586,0.73559034,0.70288813,0.6838039,0.6798699,0.69191605,0.6752394,0.6879575,0.718011,0.72813505,0.7243928,0.7127535,0.703752,0.6859309,0.686544,0.74351436,0.67875266,0.71248406,0.71801233,0.6790166,0.6839987,0.6759561,0.67920005,0.644992,0.7025473,0.6706095,0.70339346,0.66384584,0.67357236,0.6759118,0.68448293,0.72714454,0.72716796,0.69502234,0.695661,0.7053368,0.7099659,0.669473,0.72308904,0.66562086,0.69803137,0.70251554,0.6753739,0.71345073,0.7101341,0.7052476,0.655892,0.7040446,0.69567907,0.68757313,0.71139276,0.71477187,0.7237276,0.7062889,0.6853032,0.6979283,0.72255915,0.71490866,0.6979735,0.65390754,0.68070817,0.6601515,0.6731511,0.70276845,0.70455116,0.72058535,0.70350164,0.6905273,0.7033416,0.66009784,0.68177205,0.65394986,0.7067552,0.7025672,0.67691123,0.67271245,0.71266276,0.6918407,0.6972308,0.68448514,0.67747414,0.7213011,0.6550577,0.7031803,0.68503344,0.7321941,0.7485503,0.69890165,0.66697264,0.67336786,0.7300956,0.69717896,0.6749983,0.70730376,0.70629793,0.6680284,0.7186906,0.7524635,0.70419466,0.7077259,0.6807836,0.6866455,0.69369656,0.698249,0.7214241,0.68384206,0.6588665,0.6807122,0.71349096,0.68869716,0.6841724,0.6800409,0.69089204,0.67182165,0.688359,0.6905624,0.7030914,0.67571473,0.6595793,0.706893,0.66785324,0.6891299,0.6666457,0.73960847,0.71977186,0.71791893,0.6939181,0.6799638,0.64672166,0.6888799,0.6914745,0.7042788,0.6950778,0.7082031,0.6968715,0.6706213,0.6467999,0.68916917,0.67859167,0.6834244,0.66389036,0.6759399,0.6888818,0.7661999,0.6785201,0.6853628,0.71231014,0.666331,0.7158674,0.6784765,0.7226266,0.7083944,0.72275066,0.7228121,0.7226571,0.7210213,0.7253587,0.68573904,0.68683547,0.72126836,0.718474,0.6921573,0.7033019,0.71351016,0.6965224
0.0,0.0,0.0,0.0,0.0,0.0,0.0,0.0,0.0,0.0,0.0,0.0,0.0,0.0,0.0,0.0,0.0,0.0,0.0,0.0,0.0,0.0,0.0,0.0,0.0,0.0,0.0,0.0,0.0,0.0,0.0,0.0,0.0,0.0,0.0,0.0,0.023387872,0.0,0.0,0.001653932,0.0,0.0,0.0,0.0,0.0,0.0,0.0,0.0,0.0,0.0,0.0,0.0,0.0,0.0,0.0,0.0,0.0,0.0,0.0,0.0,0.0,0.0,0.0,0.0,0.0,0.0,0.0,0.0,0.0,0.0,0.0,0.0,0.0,0.0,0.0,0.0,0.0,0.0,0.0,0.0,0.0,0.0,0.0,0.0,0.0,0.0,0.0,0.0,0.0,0.0,0.0,0.0,0.0,0.0,0.0,0.0,0.0,0.0,0.0,0.0,0.0,0.0,0.0,0.0,0.0,0.0,0.0,0.0,0.0,0.0,0.0,0.0,0.0,0.0,0.0,0.0,0.0,0.0,0.0,0.0,0.0,0.0,0.012741603,0.0,0.0,0.0,0.0,0.0,0.0,0.0,0.0,0.0,0.0,0.0,0.0,0.0,0.0,0.0,0.0,0.0,0.0,0.0,0.0,0.0,0.0,0.0,0.0,0.0,0.0,0.0,0.0,0.0,0.0,0.0,0.0,0.0,0.0,0.0,0.0,0.0,0.0,0.0,0.0,0.0,0.0,0.0,0.0,0.0,0.0,0.0,0.0,0.0,0.0,0.0,0.0,0.0,0.0,0.0,0.0,0.0,0.0,0.0,0.0,0.0,0.0,0.0,0.0,0.0,0.0,0.0,0.0,0.0,0.0,0.0,0.0,0.0,0.0,0.0,0.0,0.0,0.0,0.0,0.0,0.0,0.0,0.0,0.0,0.0,0.0,0.0,0.0,0.0,0.0,0.0,0.0,0.0,0.0,0.0,0.0,0.0,0.0,0.0,0.0,0.0,0.0,0.0,0.0,0.0,0.0,0.0,0.0,0.0,0.0,0.0,0.0,0.0,0.0,0.0,0.0,0.0,0.0,0.0,0.0,0.0,0.0,0.0,0.0,0.0,0.0,0.0,0.0,0.0,0.0,0.0,0.0,0.0,0.0,0.0,0.0,0.0,0.0,0.0,0.0,0.0,0.0,0.0,0.0,0.0,0.0,0.0,0.0,0.0,0.0,0.0,0.0,0.0,0.0,0.0,0.0,0.0,0.0,0.0,0.0,0.0,0.0,0.0,0.0,0.0,0.0,0.0,0.0,0.0,0.0,0.0,0.0,0.0,0.0,0.0,0.0,0.0,0.0,0.0,0.0,0.0,0.0,0.0,0.0,0.0,0.0,0.0,0.0,0.0,0.0,0.0,0.0,0.0,0.0,0.0,0.0,0.0,0.0,0.0,0.0,0.0,0.0,0.0,0.0,0.0,0.0,0.0,0.0,0.0,0.0,0.0,0.0,0.0,0.0,0.0,0.0,0.0,0.0,0.0,0.0,0.0,0.0,0.0,0.0,0.0,0.0,0.0,0.0,0.0,0.0,0.0,0.0,0.0,0.0,0.0,0.0,0.0,0.0,0.0,0.0,0.0,0.0,0.0,0.0,0.0064579323,0.0,0.0,0.0,0.0,0.0,0.0,0.0,0.0,0.0,0.0,0.0,0.0,0.0,0.0,0.0,0.0,0.0,0.0,0.0,0.0,0.0,0.0,0.0,0.0,0.0,0.0,0.0,0.0,0.0,0.0,0.0,0.0,0.0,0.0,0.0,0.0,0.0,0.0,0.0,0.0,0.0,0.0,0.0,0.0,0.0,0.0,0.0,0.0,0.0,0.0,0.0,0.0,0.0,0.0,0.019883577,0.0,0.0,0.0,0.0,0.0,0.0,0.0,0.0,0.0,0.0,0.0,0.0,0.0,0.0,0.0,0.0,0.0,0.0,0.0,0.0,0.0,0.0,0.0,0.0,0.0,0.0,0.0,0.0,0.0,0.0,0.0,0.0,0.0,0.0,0.0,0.0,0.0,0.0,0.0,0.0,0.0,0.0,0.0,0.0,0.0,0.0,0.0,0.0,0.0,0.0,0.0,0.0,0.0,0.0,0.0,0.0,0.0,0.0,0.0,0.0,0.0,0.0,0.0,0.0,0.0,0.0,0.0,0.0,0.0,0.0,0.0,0.0,0.0,0.0,0.0,0.0,0.0,0.0,0.0,0.0,0.0,0.0,0.0,0.0,0.0,0.0,0.0,0.0,0.0,0.0,0.020016052,0.0,0.0,0.0,0.0,0.0,0.0,0.0,0.0,0.0,0.0,0.0,0.0,0.0,0.0,0.0,0.0,0.0,0.0,0.0,0.0,0.0,0.0,0.0,0.0,0.0,0.0,0.0,0.0,0.0,0.0,0.0,0.0,0.0,0.0,0.0,0.0,0.0,0.0,0.0,0.0,0.0,0.0006031096,0.0,0.0,0.0,0.0,0.0,0.0,0.0,0.0,0.0,0.0,0.0,0.0,0.0,0.0,0.0,0.0,0.0,0.0,0.0,0.0,0.0,0.0,0.0,0.0,0.0,0.0,0.0,0.0,0.0,0.0,0.0,0.0,0.0,0.0,0.0,0.0,0.0,0.0,0.0,0.0,0.0,0.0,0.0,0.0,0.0,0.0,0.0,0.0,0.0,0.0,0.0,0.0,0.0,0.0,0.0,0.0,0.0,0.0,0.0,0.0,0.0,0.0,0.0,0.0,0.0,0.0,0.0,0.0,0.017132394,0.0,0.0,0.0,0.0,0.0,0.0,0.0,0.0,0.0,0.0,0.0,0.0,0.0,0.0,0.0,0.0,0.0,0.0,0.0,0.0,0.0,0.0,0.0,0.0,0.0,0.0,0.0,0.0,0.0,0.0,0.0,0.0,0.0,0.0,0.0,0.0,0.0,0.0,0.0,0.0,0.0,0.0,0.0,0.0,0.0,0.0,0.0,0.0,0.0,0.0,0.0,0.0,0.0,0.0,0.0,0.0,0.0,0.0,0.0,0.0,0.0,0.00077709556,0.0,0.0,0.0,0.0,0.0,0.0,0.0,0.017676383,0.0,0.0,0.0,0.0,0.0,0.0,0.0,0.0,0.0,0.0,0.0,0.0,0.0,0.0,0.0,0.0,0.0,0.0,0.0,0.0,0.0,0.0,0.0,0.0,0.0,0.0,0.0,0.0,0.0,0.0,0.0,0.0,0.0,0.0,0.0,0.0,0.0,0.0,0.0,0.0,0.0,0.0,0.0,0.0,0.0,0.0,0.0,0.0,0.0,0.0,0.0,0.0,0.0,0.0,0.0,0.0,0.0,0.0,0.0,0.0,0.0,0.0,0.0,0.0,0.0,0.0,0.0,0.0,0.0,0.0,0.0,0.0,0.0,0.0,0.0,0.0,0.0,0.0,0.0,0.0,0.0,0.0,0.0,0.0,0.0,0.0,0.0,0.0,0.0,0.0,0.0,0.0,0.0,0.0,0.0,0.0,0.0,0.0,0.0,0.0,0.0,0.0,0.0,0.0,0.0,0.0,0.0,0.0,0.0,0.0,0.0,0.0,0.0,0.0,0.0,0.0,0.0,0.0,0.0,0.0,0.0,0.0,0.0,0.0,0.0,0.0,0.0,0.0,0.0,0.0,0.0,0.0,0.0,0.0,0.0,0.0,0.0,0.0,0.0,0.0,0.0,0.0,0.0,0.0,0.0,0.0,0.0,0.0,0.0,0.0,0.0,0.0,0.0,0.0,0.0,0.0,0.0,0.0,0.0,0.0,0.0,0.0,0.0,0.0,0.0,0.0,0.0,0.0,0.0,0.0,0.0,0.0,0.0,0.0,0.0,0.0,0.0,0.0,0.0,0.0,0.0,0.0,0.0,0.0,0.0,0.0024533905,0.0,0.0,0.0,0.0,0.0,0.0,0.0,0.0,0.0,0.0,0.0,0.0,0.0,0.0,0.0,0.0,0.0,0.0,0.0,0.0,0.0,0.0,0.0,0.0,0.0,0.0,0.0,0.0,0.0,0.0,0.0,0.0,0.0,0.0,0.0,0.0,0.0,0.0,0.0,0.0,0.0,0.0,0.0,0.0,0.0,0.0,0.0,0.0,0.0,0.0,0.0,0.0,0.0,0.0,0.0,0.0,0.0,0.0,0.0,0.0,0.0,0.0,0.0,0.0,0.0,0.0,0.0,0.0,0.0,0.0,0.0,0.0,0.0,0.0,0.0,0.0,0.0,0.0,0.0,0.0,0.0,0.0,0.0,0.0,0.0,0.0,0.0,0.0,0.0,0.0,0.0,0.0,0.0,0.0,0.0,0.0,0.0,0.0,0.0,0.0,0.0,0.0,0.0,0.0,0.0,0.0,0.0,0.0,0.0,0.0,0.0,0.0,0.0,0.0,0.0,0.0,0.0,0.0,0.0
