0.5892164,0.56392443,0.6022902,0.5802961,0.6108976,0.54971987,0.596092,0.5709715,0.5831654,0.5886626,0.5779846,0.59872,0.5752809,0.6025983,0.57753783,0.6023855,0.57932574,0.58060443,0.59598124,0.58902335,0.57191515,0.5942034,0.57760644,0.5787863,0.57288134,0.59784883,0.58219284,0.5730303,0.5972296,0.5862175,0.59160733,0.5664564,0.58326626,0.58290887,0.57451445,0.6076549,0.59093994,0.58111185,0.57098633,0.6198145,0.59163964,0.59872675,0.5877643,0.556962,0.59408367,0.57194054,0.5729474,0.59093064,0.5860043,0.59056556,0.6082843,0.5756676,0.5801749,0.5923829,0.58231616,0.6195947,0.60052836,0.585235,0.5808341,0.60064745,0.57899696,0.6064011,0.57967156,0.5969121,0.58708495,0.6072404,0.5962371,0.60545194,0.5991853,0.5868234,0.5954827,0.57012033,0.5923226,0.5654836,0.6156858,0.61299634,0.6186461,0.5776737,0.58425564,0.5866384,0.56742305,0.583795,0.59312767,0.5971371,0.57315785,0.58530104,0.60675734,0.5890865,0.6088009,0.5713362,0.5795952,0.5931886,0.59174013,0.5908711,0.6132,0.5926776,0.5896645,0.60206753,0.57717055,0.57772416,0.594606,0.5852233,0.58466095,0.60041654,0.58624256,0.5799948,0.5976028,0.5690253,0.5934937,0.5943617,0.58359635,0.5688238,0.58349055,0.6020736,0.6098689,0.5928087,0.59134793,0.5928398,0.59155744,0.58471334,0.5957591,0.58640546,0.5810962,0.5774215,0.6092975,0.583139,0.58452886,0.57258403,0.6005274,0.59105116,0.58163416,0.5775545,0.60614467,0.5861535,0.57792526,0.58034253,0.5939263,0.5779331,0.57867783,0.58622897,0.5842267,0.585505,0.5802958,0.5892661,0.5736013,0.59378326,0.59751856,0.5862142,0.58379394,0.60075027,0.5739389,0.5837585,0.5819929,0.5958783,0.5914033,0.59435415,0.5889479,0.59603184,0.594229,0.58032936,0.5861128,0.57598,0.58335227,0.57915735,0.5797996,0.56515455,0.58333945,0.5803203,0.5955717,0.5939574,0.60330266,0.58227915,0.5871676,0.5708343,0.59123445,0.57665575,0.5820428,0.5591201,0.5804239,0.58390677,0.5778495,0.5827663,0.5846977,0.5868206,0.58057535,0.59652156,0.6056166,0.6089688,0.6231699,0.60385144,0.5882296,0.58754295,0.58487594,0.570604,0.5583812,0.570017,0.5821912,0.5612914,0.5765435,0.5980933,0.58061117,0.6062447,0.58001703,0.5951441,0.58947223,0.5886654,0.57117265,0.5698664,0.5529931,0.57661486,0.6077663,0.5707238,0.59636027,0.5949985,0.59163684,0.5848978,0.56564695,0.57937294,0.58997774,0.59342855,0.57684463,0.59497774,0.59226716,0.56609124,0.5864377,0.5752519,0.58159494,0.6008893,0.6084953,0.5906598,0.56023896,0.56003225,0.57072514,0.5839981,0.5940497,0.5744957,0.5936359,0.5902544,0.59832466,0.5835035,0.575125,0.5855027,0.5946292,0.6069365,0.58667195,0.5915644,0.5642481,0.567559,0.59482193,0.5869868,0.5892421,0.5737616,0.58899015,0.57077116,0.599258,0.59424996,0.5899601,0.5634786,0.5677016,0.5790514,0.583283,0.59293467,0.5820232,0.59264284,0.5728293,0.5825334,0.5953318,0.5766372,0.5794308,0.5906938,0.5784154,0.5941439,0.5830394,0.60077316,0.5650041,0.5905369,0.60198694,0.5657471,0.5790396,0.5734736,0.56411344,0.5965531,0.5841034,0.5796891,0.55826104,0.61386317,0.57776254,0.59866714,0.5964827,0.5614956,0.565058,0.5859508,0.6067858,0.57946616,0.5749372,0.5851165,0.60632306,0.5983508,0.5656722,0.5935163,0.5655938,0.59153754,0.59391654,0.56855077,0.5943922,0.58812773,0.59738874,0.58650875,0.5964611,0.5816768,0.5815056,0.58747613,0.58246386,0.55897164,0.55356973,0.5717942,0.5888537,0.5861592,0.5882635,0.5722281,0.60375875,0.58603615,0.58936167,0.5817961,0.58354187,0.5915426,0.5904822,0.58186454,0.5899067,0.59588367,0.61196715,0.58099765,0.5783197,0.59316605,0.6022863,0.5848593,0.6042685,0.60548663,0.59738976,0.5963734,0.60982275,0.604154,0.59521115,0.59625393,0.59151655,0.58319056,0.590846,0.58147734,0.5651746,0.5840514,0.57679915,0.6001468,0.58381313,0.59995407,0.6019197,0.587231,0.57124543,0.5736675,0.58486223,0.59907573,0.56660956,0.57031053,0.59840494,0.6090536,0.58632505,0.58036095,0.5760913,0.60615575,0.59751415,0.5725543,0.559373,0.5953527,0.5833356,0.5828505,0.591571,0.59715706,0.5903438,0.58115345,0.5834764,0.57279366,0.5745478,0.5847064,0.62363863,0.5843365,0.59349275,0.60182947,0.5803762,0.58857435,0.6036891,0.58631545,0.59348655,0.588678,0.5915655,0.58681285,0.6252605,0.5847468,0.59284914,0.57360005,0.5808543,0.5799874,0.60699856,0.5925725,0.5821901,0.57647836,0.59912086,0.5884611,0.5914565,0.5762702,0.57722855,0.57941884,0.6001893,0.6071026,0.5859749,0.58519673,0.59234804,0.59851384,0.5922696,0.5842768,0.55412734,0.5842011,0.5693428,0.56904835,0.5756927,0.59340596,0.6085346,0.59479713,0.5830157,0.613637,0.5803782,0.5773696,0.5870855,0.5675866,0.5819324,0.58904856,0.6174924,0.56973064,0.57992953,0.57544595,0.62364566,0.5960008,0.597937,0.59763974,0.5713865,0.5935119,0.5918104,0.5709448,0.57716364,0.5784513,0.57227755,0.61585486,0.5761205,0.5955399,0.5716269,0.58265096,0.58801985,0.5796549,0.5862097,0.5911201,0.59706813,0.58442557,0.5869988,0.5821358,0.6009421,0.5748665,0.58232635,0.5954837,0.5777289,0.5728343,0.5894513,0.57896006,0.5854958,0.59513706,0.61077225,0.59387445,0.5769631,0.57494646,0.5736672,0.60345596,0.5976507,0.58411133,0.6029379,0.5922445,0.58535564,0.5697282,0.60532844,0.5872091,0.59548813,0.5837692,0.6042902,0.5771495,0.59324986,0.57731223,0.5826612,0.5967414,0.5727013,0.5770114,0.5927936,0.57051665,0.609235,0.58913577,0.6080835,0.57407856,0.5867374,0.5851685,0.57171243,0.6038033,0.5806183,0.59054816,0.60991824,0.5825576,0.5870903,0.60674405,0.5742927,0.59901255,0.5614699,0.5965621,0.57837,0.58485323,0.5916977,0.57341945,0.59568036,0.59445924,0.60447955,0.57570356,0.59870434,0.5670275,0.5921145,0.5804359,0.5863112,0.5854362,0.6040681,0.5732288,0.57600605,0.5754429,0.6032008,0.5700358,0.5977752,0.59234357,0.5740519,0.5938537,0.5832997,0.59721893,0.57538986,0.5787416,0.5755199,0.5881571,0.58568054,0.5913056,0.57140166,0.5774174,0.58486366,0.5843805,0.57904416,0.59046036,0.5679954,0.5726234,0.5740758,0.58708787,0.5837782,0.5908575,0.5935099,0.57512206,0.6026717,0.59241134,0.5956672,0.55984724,0.5892359,0.5793522,0.5894904,0.58235544,0.5880525,0.5688927,0.5784559,0.57023525,0.58472776,0.59109825,0.5847685,0.58594906,0.5967225,0.56870246,0.5952691,0.5547489,0.58742094,0.5685157,0.60459083,0.5890193,0.57104987,0.58932996,0.5605204,0.5687411,0.5930886,0.6078777,0.5757182,0.5828474,0.58417517,0.58886445,0.57994694,0.5736227,0.5644357,0.5749421,0.57183415,0.58934283,0.5832545,0.6066472,0.56913507,0.6087975,0.5900193,0.57183385,0.597323,0.57746744,0.59187454,0.5887475,0.5824192,0.59210956,0.58682764,0.5836599,0.5950424,0.5635305,0.57140255,0.5903418,0.6025222,0.6035176,0.56774044,0.56866837,0.5660851,0.60183114,0.5883331,0.5662882,0.59943926,0.5661852,0.5699945,0.5705323,0.5946401,0.568834,0.5985536,0.5708036,0.5689081,0.5859399,0.57120067,0.591368,0.5852214,0.5790839,0.59673905,0.5924273,0.5714876,0.5728641,0.583175,0.59961283,0.58638895,0.60086757,0.60599005,0.58398664,0.569761,0.55023855,0.58760095,0.5970082,0.5653777,0.5903422,0.5798436,0.6046527,0.5815418,0.5878784,0.5950097,0.58322877,0.5886979,0.58073336,0.5834006,0.5764556,0.59657294,0.5885585,0.59474367,0.5660391,0.58449435,0.5803704,0.5733341,0.590582,0.58500516,0.5786514,0.5943949,0.5900928,0.59653574,0.5913532,0.5579087,0.5729294,0.5887194,0.5881819,0.5942529,0.5786064,0.5956306,0.56957376,0.58624446,0.5917439,0.58529353,0.5873585,0.57999116,0.5991064,0.5834066,0.59336275,0.57864785,0.5862593,0.5937116,0.57839215,0.5962941,0.5818949,0.5829847,0.5825113,0.6001429,0.56169164,0.5749672,0.6179274,0.57504576,0.58735806,0.58477086,0.57401186,0.58926266,0.5982367,0.5868225,0.5880675,0.5947918,0.58447236,0.573288,0.5927711,0.58020306,0.5892313,0.57075435,0.584079,0.5473564,0.5801377,0.6059513,0.5893716,0.5873365,0.5894598,0.6028961,0.57910776,0.5786352,0.58115846,0.6035737,0.5919231,0.59483045,0.58096075,0.57323146,0.5858121,0.59656066,0.5899196,0.58977455,0.5839065,0.58784294,0.60149676,0.601037,0.57473713,0.58087975,0.57115865,0.59738415,0.5914446,0.57352734,0.5837457,0.5719743,0.5907697,0.57587564,0.5813774,0.5532233,0.58270985,0.5806101,0.5763706,0.57729626,0.57968414,0.58857167,0.5767448,0.57910544,0.5766199,0.59308094,0.57778084,0.5678174,0.589262,0.5947147,0.60092455,0.58098716,0.56135637,0.5989398,0.5780928,0.5840314,0.5835294,0.57605606,0.5789418,0.5923778,0.58455753,0.5744466,0.5812679,0.57101405,0.57994086,0.573141,0.55839103,0.61554235,0.5891804,0.5862531,0.5770361,0.5638457,0.5696873,0.5803081,0.5668351,0.6055192,0.57563627,0.5656524,0.58888966,0.5833934,0.595282,0.59479606,0.5809529,0.6129758,0.5954446,0.5921124,0.60229194,0.5946563,0.5917599,0.5820152,0.5829455,0.58716965,0.5726624,0.5528095,0.5788539,0.5874126,0.572305,0.5646256,0.60730743,0.5723753,0.5829527,0.5910979,0.6007425,0.580985,0.58447117,0.58032703,0.57152474,0.60431254,0.56516576,0.5913665,0.5769703,0.584329,0.5884853,0.5794059,0.5810189,0.59549975,0.60034394,0.5786954,0.5918091,0.5903695,0.59794533,0.5814677,0.5868488,0.60680914,0.58842105,0.60430473,0.5706644,0.58586466,0.59180486,0.5920006,0.5817325,0.5879218,0.5864554,0.5889015,0.60847944,0.58988816,0.5808212,0.5989526,0.57565916,0.5785959,0.58723235,0.5711327,0.5818055,0.58658755,0.57318044,0.58471966,0.59084845,0.58426005,0.5781787,0.5806253,0.5854844,0.5840732,0.575616,0.60388696,0.5893893,0.56257606,0.5685536,0.5816502,0.5847915,0.58638024,0.5776436,0.5677305,0.55986017,0.601799,0.60172737,0.61386776,0.572286,0.58551633,0.5806114,0.60059416,0.5840036,0.58685523,0.58269465,0.58348966,0.6087716,0.58051014,0.59429264,0.57361495,0.5827573,0.58923256,0.58467585,0.6075749,0.5612943,0.5844886,0.58989096,0.61434704,0.5736782,0.57992303,0.61249685,0.56827563,0.5563369,0.585215,0.60010934,0.5894663,0.59602845,0.59750545,0.5799131,0.57824767,0.5841776,0.5854049,0.6007028,0.57832086,0.59023356,0.58367366,0.5972235,0.57753235,0.57234716,0.6015996,0.5698348,0.58527106,0.59162754,0.57223946,0.62726665,0.57673144,0.5756366,0.59767777,0.57581615,0.58503973,0.58494675,0.5952464,0.61157024,0.5638973,0.5663169,0.56487906,0.58804774,0.5854857,0.5983393,0.5814823,0.57140976,0.58024275,0.5928755,0.59718204,0.5764155,0.5845994,0.61734724,0.5548908,0.6020405,0.5950738,0.61524135,0.574425,0.5873101,0.60521513,0.58175105,0.56229675,0.582256,0.574223,0.55971205,0.58172554,0.6042026,0.57967657,0.57399017,0.600898,0.58812875,0.5803545,0.57269126,0.5966771,0.5968228,0.59303355,0.5862323,0.57742506,0.60185874,0.5826901,0.59344923,0.57395303,0.59099275,0.59102064,0.5859859,0.5856043,0.5799022,0.5777028,0.5893286,0.5994991,0.58737445,0.5796978,0.58264524
0.55638117,0.5407587,0.5573664,0.55820286,0.5685482,0.55273336,0.560398,0.5394392,0.5584249,0.56498206,0.5755481,0.57411927,0.56122196,0.5840175,0.55648196,0.56506026,0.5790828,0.5484429,0.56888115,0.5689117,0.5544406,0.56675965,0.5655182,0.5614903,0.56137586,0.5732384,0.55396163,0.5580695,0.55436456,0.5373453,0.5607808,0.5408874,0.57474416,0.55542296,0.5625604,0.5726717,0.54466224,0.55410933,0.56557184,0.5698221,0.54175067,0.55132383,0.5709161,0.56568277,0.55251765,0.56812185,0.5495711,0.56714493,0.5718682,0.5766431,0.5657709,0.5485749,0.56420183,0.55925435,0.5680574,0.5647174,0.57573605,0.55748606,0.5537565,0.54857093,0.55715203,0.56426865,0.55493546,0.5662379,0.5602537,0.58062667,0.5519597,0.54944164,0.56042016,0.5636544,0.57737195,0.55244493,0.5545141,0.5641873,0.5782697,0.5530189,0.5596697,0.573212,0.55519754,0.55094415,0.5378679,0.5547601,0.56613857,0.56333333,0.5450021,0.5636694,0.55225074,0.55102056,0.5398411,0.55639327,0.56292814,0.56059694,0.5615078,0.56936663,0.564764,0.5690119,0.5527351,0.5732694,0.55234534,0.5593074,0.5624115,0.55947423,0.5489592,0.57697064,0.55925286,0.55987316,0.572647,0.55562615,0.5721446,0.5470666,0.56559896,0.5447205,0.55380267,0.5617452,0.56407607,0.56353664,0.57680506,0.55776376,0.56410086,0.5590125,0.55710447,0.5702952,0.5610709,0.53503954,0.5792303,0.5399551,0.57186544,0.56215084,0.56894994,0.5682598,0.5624384,0.5741601,0.55096424,0.5700183,0.5653855,0.5456642,0.57483125,0.5568814,0.5825758,0.56984156,0.54743487,0.57319105,0.5612052,0.5640582,0.5738683,0.5618753,0.5569539,0.57707006,0.55957776,0.57436264,0.5613567,0.5865526,0.55430895,0.56405777,0.56611395,0.5759854,0.56843156,0.566949,0.5566986,0.56673527,0.566639,0.54403216,0.5689994,0.56600815,0.53335065,0.55853194,0.5575464,0.5489094,0.56801337,0.5673381,0.571655,0.5712263,0.5645092,0.57353616,0.5635405,0.56380963,0.54675764,0.54430145,0.5504838,0.5627995,0.55356455,0.5539842,0.55289114,0.5730131,0.565581,0.5477628,0.5543384,0.5694579,0.56157124,0.5901925,0.5610535,0.5721983,0.5625665,0.5396198,0.54237175,0.5630956,0.5552602,0.5269699,0.56346565,0.56282336,0.5417436,0.5792193,0.5667711,0.5636649,0.5717401,0.5537201,0.55350095,0.55626845,0.55276525,0.5516052,0.56539524,0.55046904,0.5742793,0.5631308,0.5788009,0.55364144,0.5701934,0.56818515,0.5742162,0.5704786,0.57523936,0.57016414,0.5548633,0.56147575,0.57970375,0.5506554,0.55672455,0.53960526,0.5740304,0.54972744,0.5473303,0.56187826,0.56643283,0.5396006,0.5577555,0.5370055,0.55768496,0.5747947,0.5768482,0.5671349,0.56074655,0.5633962,0.55505544,0.55715215,0.5706396,0.58084244,0.5672466,0.56453687,0.55684024,0.56555915,0.57472885,0.5675114,0.55300397,0.5655284,0.5585971,0.5929282,0.5528289,0.527024,0.5568115,0.55496335,0.5697948,0.5387244,0.552438,0.5895165,0.550631,0.5573293,0.56184226,0.5508774,0.5679829,0.570465,0.5566652,0.5499074,0.55549675,0.55546445,0.55979246,0.58031636,0.5501186,0.539284,0.5664425,0.54439926,0.5592008,0.568149,0.5676441,0.5667064,0.53981006,0.5691818,0.5611775,0.5555402,0.56065404,0.5611579,0.5408743,0.55810285,0.56412333,0.54558694,0.5349333,0.5560384,0.5480964,0.56455976,0.5496858,0.5758819,0.5552229,0.57730657,0.5687598,0.5662721,0.56399566,0.5626605,0.56038505,0.5665178,0.5573891,0.5470542,0.5558512,0.5695791,0.55384076,0.5547303,0.5456076,0.53713197,0.55253077,0.57317984,0.55405617,0.55159503,0.5433138,0.56493044,0.55248386,0.5489956,0.5689083,0.5723017,0.5593413,0.56800324,0.5699565,0.54583454,0.5937207,0.57594734,0.56672376,0.5675043,0.5582799,0.5646552,0.5680961,0.5769712,0.56600404,0.57061434,0.5722577,0.5779316,0.54996336,0.56996006,0.55566823,0.56138605,0.56232256,0.57616794,0.5712594,0.5512231,0.55918056,0.56337893,0.5547605,0.5679979,0.56884086,0.5807729,0.54457504,0.5428983,0.54481345,0.5627725,0.549081,0.56364334,0.55533373,0.5912265,0.5634159,0.55719703,0.5491659,0.5537833,0.566355,0.5610103,0.56472796,0.56861866,0.5590119,0.56397873,0.5564085,0.5695696,0.5623242,0.55480874,0.55579454,0.5570101,0.56596506,0.58342886,0.580559,0.5722581,0.55066717,0.59003395,0.55929536,0.54948276,0.55974686,0.5751293,0.5561909,0.55311924,0.5648972,0.55966127,0.5790957,0.538431,0.5561824,0.54000646,0.5562012,0.5642215,0.5466707,0.5484692,0.55611914,0.557055,0.57621753,0.5690916,0.55485576,0.5494828,0.5467494,0.55236655,0.56634456,0.5605651,0.558446,0.5633876,0.5720985,0.55014867,0.5573953,0.5588078,0.5657532,0.55734587,0.5464961,0.560813,0.5728954,0.56941664,0.5832872,0.5645433,0.55590105,0.5589087,0.5559102,0.5668799,0.5614389,0.5541649,0.5374074,0.57908326,0.5761327,0.552657,0.57154596,0.5684816,0.5827115,0.5655595,0.5691448,0.5655514,0.56989264,0.56643677,0.55838203,0.55036765,0.5562032,0.5615481,0.55282724,0.5617656,0.5262091,0.5746183,0.55488354,0.55877435,0.5559553,0.5348895,0.55040234,0.55905455,0.56819177,0.5653668,0.57572323,0.5506039,0.5705369,0.57123715,0.56713384,0.55810964,0.5749979,0.56178826,0.5506354,0.57257897,0.54577374,0.5425271,0.5584684,0.5600546,0.5448965,0.581749,0.56201255,0.55432636,0.56724656,0.54641867,0.5576681,0.56294465,0.55094546,0.56466746,0.5954726,0.5506624,0.5720137,0.5588093,0.5657131,0.5508585,0.5471334,0.5586108,0.5483197,0.5791007,0.5460995,0.5450466,0.5641776,0.56043744,0.56051093,0.56112367,0.5626964,0.56002367,0.5606072,0.54981077,0.5578317,0.55963004,0.55683017,0.55435044,0.5660459,0.5716229,0.56115955,0.5702014,0.57503176,0.5748891,0.5552626,0.5901789,0.5582095,0.5645891,0.5710877,0.56264627,0.58203876,0.5409528,0.5817726,0.56543976,0.55243975,0.5467065,0.56190026,0.554665,0.55142367,0.55472094,0.55787003,0.5761941,0.5547399,0.5488161,0.56901807,0.54872715,0.5794377,0.57684857,0.5557352,0.56122696,0.5553019,0.581089,0.5589803,0.55254674,0.5540619,0.5563127,0.56249523,0.55342716,0.54186225,0.55263346,0.5548491,0.5592765,0.5448477,0.565116,0.57398474,0.5648312,0.55810225,0.5737848,0.57326734,0.53489435,0.5627142,0.5553739,0.54852223,0.55265987,0.5722771,0.5467267,0.5618008,0.55465156,0.5775085,0.5539694,0.5739653,0.5501189,0.5484251,0.55827034,0.55376744,0.54986393,0.5681289,0.5541318,0.5698853,0.5509299,0.551723,0.54887646,0.56831646,0.56801236,0.5586935,0.5779301,0.5668576,0.5619826,0.55373204,0.56272393,0.5427968,0.5867662,0.5375537,0.56939024,0.5719912,0.551334,0.5643904,0.5495171,0.53234273,0.55195606,0.56887877,0.5673928,0.5537791,0.5603268,0.5432969,0.5629807,0.56755537,0.55565417,0.5582072,0.5564631,0.5515214,0.5701203,0.5614829,0.5761026,0.57232606,0.54587466,0.55441123,0.5438697,0.5544532,0.58025956,0.57584435,0.55329937,0.55445206,0.5473953,0.5487163,0.5836668,0.5489048,0.572634,0.5803646,0.5705804,0.5634541,0.5563546,0.5542335,0.5603736,0.5832605,0.57226825,0.53171104,0.5574098,0.5559252,0.55222535,0.5796143,0.5508141,0.5639732,0.57560086,0.5608115,0.5553982,0.57007396,0.56600755,0.55510855,0.5775022,0.5811979,0.547699,0.5700629,0.5649189,0.5455988,0.55922234,0.56164664,0.5615718,0.5630928,0.57604766,0.5628346,0.57982963,0.5401434,0.54609513,0.5781948,0.5742042,0.54694784,0.5294337,0.5814508,0.56269306,0.5717169,0.5628782,0.5764821,0.5673951,0.5553504,0.56710285,0.56148297,0.55202216,0.5682568,0.5571512,0.56678843,0.55598056,0.5625526,0.5567233,0.57128185,0.55923516,0.57319957,0.5730793,0.5763102,0.5641787,0.5565832,0.56862164,0.56447893,0.56031245,0.5591605,0.5722154,0.5652335,0.5563366,0.54928285,0.58337814,0.5753204,0.56041145,0.5702994,0.5569576,0.56353396,0.5508342,0.5631609,0.5652238,0.539887,0.5843762,0.5478076,0.57075495,0.5517107,0.5507376,0.5730437,0.56356335,0.5415919,0.56082785,0.5670374,0.5613314,0.54301375,0.56995964,0.5643362,0.5449783,0.5387967,0.5582447,0.54596275,0.56060565,0.5675515,0.5672575,0.55816954,0.5534738,0.58837384,0.567824,0.55716765,0.5592751,0.55410546,0.5673946,0.56733364,0.56031406,0.5462893,0.5683937,0.5674439,0.5427443,0.5711515,0.5629482,0.55799735,0.56656945,0.5643641,0.55068827,0.57186246,0.56136334,0.5583168,0.55843604,0.56966007,0.5660852,0.54436266,0.5649723,0.5541166,0.56837577,0.5711798,0.5643382,0.54813445,0.5571996,0.5464801,0.5657692,0.5442208,0.55089355,0.5911173,0.56526476,0.5604109,0.5550261,0.5598011,0.54173696,0.5655234,0.57471377,0.5520855,0.5650872,0.5516381,0.54683286,0.5695681,0.55216867,0.54057616,0.5522643,0.5660311,0.5570174,0.5767198,0.56032014,0.55132484,0.54583186,0.5586729,0.5549255,0.56788266,0.5561486,0.5620097,0.56269747,0.557291,0.54877794,0.5618309,0.54738915,0.5660363,0.5586207,0.53932905,0.55493754,0.5787662,0.56486183,0.5780877,0.55155283,0.5715636,0.55063456,0.5695685,0.5590149,0.5576786,0.5478995,0.5577462,0.5693992,0.56143934,0.54739565,0.5451107,0.56243247,0.5699611,0.5566099,0.541046,0.56428945,0.5528195,0.5581945,0.56528467,0.56155926,0.5546238,0.55512995,0.56786233,0.5671387,0.57193303,0.5444347,0.53470457,0.57013804,0.5688117,0.55991495,0.5521021,0.5670476,0.5619012,0.567593,0.55223006,0.5443059,0.5672647,0.5761894,0.55950993,0.53996414,0.56928873,0.5607998,0.5731224,0.5656574,0.5592906,0.5684711,0.55122197,0.5486253,0.5684816,0.56614286,0.567555,0.54998964,0.58236665,0.5572263,0.5643544,0.54483384,0.5542223,0.58255,0.55617166,0.5740135,0.5492406,0.56567067,0.57189214,0.54673713,0.54352343,0.54390156,0.5468644,0.55237436,0.581456,0.5566686,0.5710974,0.56698877,0.54533464,0.5689939,0.5428106,0.59379834,0.5659262,0.5592153,0.5584361,0.5423154,0.5579399,0.5791411,0.57337505,0.5590233,0.5569581,0.5565007,0.5663464,0.55607694,0.56227857,0.54790324,0.53675133,0.5584729,0.5610815,0.55677956,0.5791734,0.5595811,0.55969745,0.55464256,0.5880904,0.53648746,0.54898304,0.56836885,0.5660514,0.55069464,0.5579751,0.5541355,0.5525656,0.555927,0.58347356,0.55478704,0.57057184,0.5493141,0.57209486,0.56885725,0.5625738,0.5598957,0.5621376,0.5691112,0.5573983,0.5590572,0.54619575,0.554757,0.5597847,0.5341899,0.5654012,0.5658945,0.5569271,0.54841757,0.54297125,0.57423675,0.5718288,0.5730641,0.57424206,0.54327,0.5601979,0.55310726,0.5583963,0.582211,0.5761232,0.5547513,0.5517375,0.56798065,0.5756891,0.57473904,0.5443377,0.5559304,0.5583264,0.5430225,0.5695042,0.5707815,0.5460134,0.54282004,0.53547823,0.55584073,0.58477044,0.57794887,0.56448144,0.55585796,0.5519756,0.5646754,0.5499171,0.56155664,0.55016017,0.5421144,0.56156796,0.5732801,0.5569831,0.5478148,0.571077,0.5492531,0.5527325,0.5567121,0.5547144,0.5701913,0.57957727,0.56952906,0.5385583,0.55716604,0.5661509,0.55719435,0.55266565,0.55405176,0.54914534,0.5541154,0.5617569,0.55125046,0.5640968,0.5627896,0.569948,0.54275024,0.55162233,0.5675036
0.71561027,0.7113886,0.70160276,0.702998,0.71042895,0.6970844,0.7180334,0.7051024,0.7115458,0.7036318,0.7152228,0.72189045,0.7125899,0.72409844,0.69289863,0.7228761,0.71733814,0.70260686,0.7246765,0.7237593,0.69821674,0.71234584,0.70553756,0.7048256,0.6990361,0.7003744,0.68911374,0.70290005,0.6985161,0.70159554,0.7162181,0.6922613,0.69883376,0.6964795,0.6999186,0.72558486,0.71053946,0.7153441,0.73190737,0.7278901,0.71791166,0.7146437,0.7078396,0.7177221,0.70684564,0.69533557,0.69720554,0.7174813,0.70573306,0.70290244,0.7179559,0.7021534,0.7242114,0.70532024,0.7245045,0.72775984,0.70776457,0.6923767,0.7055538,0.7001112,0.69967884,0.71611375,0.7072264,0.7261261,0.6991198,0.7204311,0.6884004,0.69447476,0.7090134,0.70177794,0.69824666,0.6965157,0.69763404,0.72274095,0.7138407,0.69303006,0.7135709,0.72204304,0.71634585,0.7092771,0.6792863,0.7025445,0.7097834,0.73571205,0.6921546,0.7062012,0.72329265,0.7210216,0.7044859,0.68603766,0.7023003,0.7169874,0.73755366,0.71078485,0.7202104,0.7064135,0.7017028,0.73694384,0.6851453,0.7036779,0.6983398,0.7001644,0.6894165,0.73269963,0.73529464,0.7136494,0.723409,0.6878522,0.7064798,0.6805737,0.7113684,0.70858717,0.7046115,0.7088894,0.7049225,0.69598305,0.72173977,0.6979961,0.7226876,0.7102223,0.7138191,0.6974839,0.71163917,0.68711305,0.71000284,0.71131504,0.722222,0.6957851,0.71170354,0.7027819,0.6978272,0.7140197,0.693853,0.7068181,0.7044028,0.6913245,0.73869634,0.7162916,0.72867316,0.7209657,0.7033949,0.72285324,0.7194473,0.7104084,0.713024,0.70548487,0.7073174,0.71861255,0.6951786,0.7114987,0.7062426,0.72755325,0.7022309,0.698541,0.71706647,0.70751345,0.7180129,0.6967375,0.710571,0.7017262,0.7083441,0.7034201,0.682914,0.711366,0.70761925,0.7053283,0.7082677,0.70845735,0.7082856,0.7054659,0.7197082,0.71488035,0.7002387,0.69064486,0.7198291,0.7222092,0.70450675,0.70148754,0.7115386,0.7140628,0.7021635,0.6995992,0.69815457,0.7068929,0.72120607,0.7161139,0.707358,0.7133944,0.7216451,0.71220696,0.7059737,0.6965933,0.7012814,0.6894639,0.6865926,0.70458055,0.72056043,0.71063864,0.69509894,0.7229459,0.6946698,0.7219352,0.6939489,0.72066885,0.71416026,0.6976349,0.69991165,0.706549,0.67236054,0.695194,0.7119409,0.71385974,0.7086586,0.7060328,0.71618026,0.69183224,0.7240882,0.7131651,0.6966736,0.701142,0.71751046,0.73824006,0.7206756,0.6994049,0.71422714,0.704628,0.69668484,0.6977395,0.71849334,0.7163017,0.69511163,0.71430665,0.6950468,0.6947945,0.70605505,0.6911249,0.6967808,0.71152925,0.72899204,0.6876393,0.7055514,0.7134272,0.70129,0.6977669,0.70285845,0.7106228,0.69330573,0.7164895,0.70398504,0.695118,0.7274226,0.70232695,0.6995908,0.71958905,0.7211566,0.7315959,0.715734,0.70272034,0.6990018,0.7147678,0.70839655,0.70900446,0.7020629,0.70744425,0.7049782,0.68720716,0.71831024,0.70782965,0.70174503,0.6991437,0.7012534,0.71143985,0.7203515,0.72544384,0.7146764,0.71387273,0.7186296,0.71094906,0.7115048,0.68842304,0.6916883,0.7153323,0.7039752,0.715809,0.69688475,0.73756194,0.71651727,0.6991537,0.7195263,0.7200105,0.6938728,0.69197094,0.71334636,0.6891715,0.6905324,0.7093541,0.7188965,0.7258235,0.6909432,0.70699,0.7152015,0.7014894,0.70536125,0.70865816,0.7101368,0.7084403,0.715393,0.7101308,0.7012838,0.7020484,0.6924837,0.71238256,0.7045578,0.7004793,0.680863,0.6840306,0.7134163,0.7162253,0.71998465,0.71577334,0.6970889,0.71016234,0.70049745,0.70267355,0.7207195,0.71095,0.711001,0.7257772,0.6989801,0.70262986,0.74846524,0.70661503,0.7221275,0.7263644,0.7097112,0.69201386,0.7290372,0.7210097,0.71902186,0.7129344,0.7157328,0.7144105,0.721034,0.7220618,0.7047542,0.7122774,0.71345204,0.7140612,0.7186974,0.69823474,0.7215375,0.7099798,0.70635813,0.7317108,0.72276676,0.73407215,0.7057026,0.69349563,0.7045848,0.70053583,0.69475424,0.70265794,0.68527496,0.72021866,0.69883627,0.7111774,0.6957543,0.7098899,0.7205302,0.6995936,0.7150634,0.70581734,0.70433706,0.71784604,0.7082405,0.7160972,0.7035742,0.7069028,0.7137756,0.7079812,0.68855757,0.71861947,0.7236456,0.7053329,0.69978,0.72338927,0.70497525,0.6912749,0.6928816,0.6961396,0.7103109,0.68518853,0.7116579,0.6908533,0.7189284,0.7150464,0.7026947,0.70454156,0.7023304,0.7219106,0.6999088,0.6966948,0.7124875,0.68817997,0.71187645,0.7145704,0.6920771,0.70422983,0.6813419,0.7133277,0.7217921,0.71804917,0.69913965,0.7154497,0.70265925,0.6998715,0.7175064,0.7040501,0.717867,0.6878202,0.6928968,0.70077497,0.7052566,0.70120066,0.7274027,0.71385044,0.7082525,0.7021948,0.7201937,0.6948377,0.7170642,0.68748826,0.7055268,0.7289313,0.7083202,0.6927168,0.71527183,0.6939267,0.72755104,0.7077848,0.71961397,0.6983673,0.70146614,0.6917628,0.70781493,0.6942571,0.689897,0.705122,0.69301164,0.7206997,0.6770746,0.7147777,0.70250076,0.7032173,0.6967669,0.6852512,0.70210445,0.70693773,0.7255985,0.6974421,0.70513463,0.67803496,0.71277076,0.698017,0.7016658,0.7021078,0.7107555,0.70855796,0.7045431,0.71640944,0.6933714,0.69925666,0.72576183,0.71222293,0.6932909,0.71755934,0.7081732,0.7057145,0.7082732,0.7049222,0.6999705,0.70148426,0.7129241,0.6950218,0.7139255,0.70127594,0.69816184,0.69988793,0.7249545,0.69908714,0.69145036,0.7148193,0.703254,0.7246373,0.69670945,0.7031064,0.7251385,0.6895805,0.71042365,0.69322306,0.7167303,0.71718323,0.70998365,0.6894496,0.70861757,0.67846584,0.704815,0.69820523,0.7124745,0.7191397,0.705448,0.71875954,0.7179815,0.7241464,0.6921986,0.7196985,0.7055151,0.6885794,0.72238016,0.6956763,0.7238072,0.70618504,0.71675974,0.7028384,0.69589925,0.71004564,0.7235748,0.715253,0.7153697,0.7139768,0.72473204,0.7012035,0.69859046,0.6922593,0.6992748,0.6826707,0.7072171,0.7141268,0.71164083,0.7030526,0.70123017,0.7254313,0.6909184,0.70085216,0.69816095,0.69491416,0.68701357,0.70899415,0.69984686,0.71453196,0.7109407,0.7215578,0.6937677,0.6938114,0.6880094,0.69445163,0.6950254,0.70482266,0.7034839,0.69135946,0.7143269,0.6912346,0.70881414,0.7088846,0.7126201,0.6872306,0.703939,0.6916602,0.70874614,0.7025055,0.7154507,0.6990491,0.68748105,0.70674706,0.6966755,0.69416475,0.7144863,0.7086008,0.7039676,0.7099576,0.70778036,0.70362526,0.7163105,0.6993295,0.71666044,0.71428037,0.7027276,0.710301,0.70059544,0.70611334,0.69528306,0.72965324,0.7013858,0.71630466,0.70800745,0.6985401,0.7307807,0.6849969,0.68877953,0.6981783,0.71119934,0.69969344,0.71142447,0.7307787,0.6844447,0.72600657,0.7170894,0.71256936,0.72220856,0.7064861,0.7214598,0.716509,0.7074942,0.71787566,0.70902205,0.703613,0.72994167,0.70450914,0.69143957,0.7060326,0.73123425,0.6965047,0.7096138,0.6917821,0.71201944,0.7200169,0.704141,0.6997151,0.7187169,0.7002794,0.69822264,0.67983145,0.70947105,0.7109952,0.73062193,0.7078368,0.7090511,0.71685964,0.6927029,0.70101076,0.7129525,0.70496583,0.71511316,0.7125316,0.69326466,0.69220865,0.7168606,0.709159,0.7228665,0.7205616,0.7036135,0.6985278,0.70138395,0.71668863,0.6973193,0.7079084,0.708127,0.69918215,0.7045597,0.72163993,0.7319702,0.733153,0.70534015,0.70294803,0.7121149,0.72327733,0.6959518,0.6752225,0.71059847,0.7255007,0.7152192,0.7091651,0.70261186,0.6959936,0.7003003,0.70873076,0.70941526,0.68854773,0.7211146,0.69792724,0.71651846,0.7131281,0.7083043,0.71535635,0.70848465,0.6968995,0.7112654,0.7144459,0.7144488,0.69894576,0.7195291,0.71958584,0.7019977,0.71484184,0.71313834,0.71236163,0.7197945,0.7153414,0.6892109,0.7225905,0.7157209,0.6982039,0.70808387,0.70489967,0.717937,0.70658696,0.72297734,0.70119876,0.6992885,0.73431677,0.6881934,0.70192087,0.70704633,0.69145346,0.7102206,0.7221943,0.6982847,0.7217308,0.7176514,0.707293,0.69232965,0.71302795,0.71724933,0.71055317,0.7046546,0.7142773,0.6825366,0.71760285,0.7194061,0.70909786,0.69852006,0.7077122,0.71725583,0.72628355,0.7138798,0.7051545,0.69747317,0.6950137,0.7116246,0.7008607,0.6943745,0.71118814,0.72193265,0.69959,0.7131723,0.7070676,0.67659086,0.69956744,0.71282303,0.7015127,0.69921565,0.6868043,0.69734776,0.6918912,0.7216443,0.7022944,0.68314385,0.6987436,0.70744634,0.71537185,0.6978718,0.70685863,0.6974517,0.7172369,0.7231288,0.7199255,0.69649273,0.6893992,0.7219335,0.70961076,0.7239446,0.69707495,0.72644436,0.7174257,0.7007764,0.72547936,0.7150468,0.68456674,0.7076036,0.7003658,0.70642483,0.68651557,0.6920545,0.7011873,0.7131944,0.7119352,0.7254266,0.7089883,0.7076948,0.6980206,0.7004896,0.70879585,0.71285856,0.71799624,0.71706325,0.706174,0.6732735,0.70517385,0.69107723,0.7051013,0.7251758,0.69402456,0.6837542,0.7041255,0.7076096,0.7045465,0.73076785,0.69910616,0.7107205,0.7040975,0.70067245,0.7326364,0.6987446,0.69227874,0.6996456,0.71619385,0.70796585,0.69678605,0.682781,0.6896547,0.7239882,0.70070994,0.703228,0.707968,0.6895702,0.6970132,0.7076717,0.70299274,0.71763045,0.7197322,0.70323396,0.7187272,0.7042483,0.6980378,0.70114696,0.71236646,0.70662725,0.7071535,0.6850459,0.70261794,0.71163255,0.7234299,0.69530153,0.7175511,0.69397104,0.711989,0.69932604,0.6876907,0.7096495,0.6966672,0.72064596,0.6978651,0.7086717,0.7066127,0.712417,0.68875444,0.70779026,0.7185292,0.7104208,0.69030076,0.7059647,0.69299775,0.7156134,0.679469,0.72625166,0.72319925,0.69302535,0.7147638,0.7022526,0.7037839,0.70814276,0.7151359,0.7049552,0.688292,0.69332814,0.7056722,0.7275634,0.70708877,0.72118,0.73261106,0.6720491,0.7004979,0.69589204,0.73260397,0.70784086,0.7094746,0.70070857,0.689801,0.70801836,0.72550964,0.70710677,0.7060744,0.7098128,0.7014736,0.70925635,0.70850235,0.7139303,0.69579107,0.6977272,0.7139115,0.7005924,0.69994664,0.7188273,0.7109947,0.71306396,0.6997275,0.73435146,0.6673287,0.7032245,0.718489,0.70206887,0.7123599,0.6952786,0.70716083,0.7176663,0.7062206,0.71567845,0.71236086,0.7239381,0.7134258,0.7253096,0.7049535,0.7258246,0.7068342,0.71488225,0.71697927,0.70987046,0.7098475,0.7033559,0.7131242,0.7040018,0.6949582,0.7120344,0.71214235,0.7168862,0.71233076,0.70493734,0.72361624,0.71859634,0.7171178,0.7203312,0.70655715,0.7085921,0.703012,0.7117602,0.70432943,0.69908875,0.698071,0.6883451,0.70875907,0.7017342,0.71439177,0.7036457,0.7103317,0.689827,0.6897086,0.7108921,0.7202605,0.68305516,0.7094976,0.6741347,0.6959071,0.71668214,0.724472,0.7152238,0.7051348,0.7080378,0.70787585,0.7192161,0.7059032,0.69688064,0.6925856,0.6895529,0.70070666,0.7180329,0.68606913,0.7259654,0.69908756,0.6928617,0.7026557,0.6916187,0.71031165,0.7184178,0.71439093,0.69680524,0.70470226,0.70813334,0.70254827,0.7064458,0.69004214,0.7062046,0.70682395,0.7022195,0.68930864,0.7114749,0.713832,0.6995891,0.6987402,0.7150102,0.70452225
0.8324343,0.82015365,0.85482556,0.83124316,0.8404926,0.8190577,0.85546374,0.8299406,0.8477061,0.8325072,0.8317982,0.84052414,0.826083,0.82738656,0.8443343,0.8420143,0.8304236,0.8235791,0.8440146,0.84583485,0.8379626,0.8388895,0.8332634,0.82924986,0.8183127,0.818631,0.8204215,0.8290739,0.83953315,0.84224576,0.8290003,0.8186211,0.8287031,0.8292291,0.8374479,0.84034425,0.84299016,0.84085405,0.83386236,0.8523255,0.8435201,0.84392005,0.84219664,0.81738985,0.8475753,0.82870114,0.8217672,0.83360195,0.8323424,0.8241649,0.8463379,0.8274113,0.8435563,0.85059863,0.8385649,0.85042,0.84036916,0.8147362,0.838321,0.8372726,0.8336902,0.8141526,0.8357585,0.8512801,0.8403344,0.8459269,0.8259992,0.8478017,0.8278725,0.80495065,0.82476723,0.8467818,0.8301525,0.8410881,0.84019655,0.82448983,0.850777,0.82834053,0.83672595,0.8155438,0.833814,0.8444675,0.8269374,0.847907,0.82869756,0.8368928,0.84833395,0.8414179,0.82710457,0.81311405,0.8076011,0.8347057,0.83770555,0.82773674,0.84842926,0.84079915,0.82296014,0.8434536,0.83189255,0.821793,0.8260751,0.8321228,0.8376365,0.8321244,0.8613624,0.8391146,0.84002167,0.8323345,0.81833786,0.832446,0.83448976,0.83109635,0.8396085,0.8365153,0.84719324,0.81606233,0.8523176,0.8399583,0.84117365,0.8249033,0.8213556,0.8221668,0.8272676,0.8347135,0.83342487,0.8391841,0.84267217,0.8319598,0.83907294,0.84407973,0.8285657,0.8310996,0.82409114,0.82311213,0.8246048,0.8223368,0.84260786,0.8534985,0.8320507,0.85223943,0.82093024,0.84558153,0.8406983,0.8333063,0.81875104,0.8316598,0.84310985,0.850304,0.81561804,0.84244186,0.8458004,0.8563898,0.8305471,0.8320683,0.8583814,0.8566433,0.8320598,0.84126365,0.8274436,0.8287231,0.8222725,0.8460246,0.8316093,0.82920426,0.83936733,0.8109599,0.8343233,0.8396487,0.8374367,0.82397795,0.83825773,0.83783656,0.8231011,0.80932057,0.8351075,0.83900243,0.8451811,0.82886684,0.8377778,0.8423712,0.83501375,0.84144026,0.8467129,0.8230385,0.8323737,0.85142523,0.83932936,0.83674145,0.8513744,0.8365497,0.8202936,0.8160488,0.82478595,0.8330332,0.8202374,0.8233448,0.81591,0.84751326,0.82121325,0.86010367,0.84189606,0.82800925,0.8166179,0.8327042,0.84236246,0.8254916,0.8360828,0.8330097,0.8176427,0.80785346,0.83612597,0.82274806,0.8258198,0.8359307,0.8310067,0.84072655,0.8290219,0.83380145,0.8382789,0.8296204,0.8502868,0.8469618,0.83413124,0.82524306,0.8408024,0.8268682,0.8241434,0.84754616,0.8511413,0.8391251,0.8060197,0.8337769,0.828292,0.8275972,0.83942056,0.8394343,0.81728435,0.8453657,0.83295405,0.8288961,0.82453895,0.821669,0.84342575,0.8630032,0.8053622,0.8423507,0.81521636,0.8562684,0.82626104,0.8404943,0.8438647,0.82377946,0.8333476,0.82154256,0.819202,0.8376987,0.84541094,0.8282112,0.8331943,0.8346482,0.8310973,0.8359595,0.83116144,0.82675314,0.8267756,0.8313051,0.8392159,0.83233315,0.81940764,0.8281439,0.82506347,0.8460218,0.8529632,0.84686506,0.8295314,0.8282185,0.84445643,0.8412825,0.8254877,0.82048476,0.82668465,0.82611257,0.82977366,0.8376644,0.83502805,0.8360459,0.83741486,0.84793156,0.8358986,0.8311048,0.8286879,0.8306536,0.84118915,0.84003913,0.8304848,0.841112,0.84751976,0.8444986,0.83624595,0.8588924,0.82500833,0.8330825,0.8349432,0.8138201,0.8460495,0.8331762,0.85023665,0.8333938,0.8336469,0.8407375,0.82833624,0.8414187,0.82950217,0.8043237,0.84120077,0.81852114,0.825027,0.85575414,0.84105957,0.8497688,0.83280575,0.8166523,0.83970284,0.82637346,0.8251978,0.83054423,0.83346456,0.82984513,0.8444046,0.8459074,0.83823866,0.8375246,0.8353908,0.8363562,0.8529643,0.831769,0.8557592,0.8211063,0.83004147,0.84081745,0.8382811,0.8411307,0.8466544,0.83880574,0.8287113,0.83725804,0.8376158,0.8531716,0.8267961,0.8320744,0.83833337,0.83830535,0.83680415,0.8354939,0.8456403,0.8512307,0.85045826,0.826496,0.85664535,0.83160347,0.8197603,0.82695186,0.8355448,0.8566542,0.8256905,0.83348274,0.8295232,0.8504443,0.84872675,0.83250576,0.81934303,0.8469659,0.84834594,0.8466235,0.8331193,0.8376012,0.8210966,0.83755696,0.83251506,0.83116204,0.826554,0.837407,0.8531538,0.8415032,0.8279312,0.8345785,0.8288054,0.81276566,0.8290963,0.8289534,0.8484864,0.8263577,0.8419286,0.8224283,0.84473103,0.8361982,0.84633356,0.8482776,0.8266574,0.8375838,0.828529,0.830324,0.8312471,0.8153817,0.8416505,0.8467159,0.8246438,0.8374767,0.83864695,0.8389187,0.82698375,0.83170366,0.82515854,0.831107,0.8267768,0.83864325,0.83599144,0.8416921,0.826631,0.8291676,0.82697177,0.82570624,0.8256514,0.81824887,0.83209014,0.8462682,0.8359481,0.8383669,0.8385799,0.83856446,0.8506764,0.8182529,0.83512914,0.84741485,0.85358965,0.80840623,0.8280665,0.82262975,0.8372874,0.8420049,0.8400671,0.82976836,0.82507694,0.8166933,0.8344573,0.82572156,0.8292809,0.82875955,0.8026661,0.854196,0.84326804,0.82420933,0.8106216,0.82133687,0.83909494,0.8244012,0.8401549,0.83959293,0.84669137,0.83186793,0.8329838,0.8326997,0.84574527,0.8321397,0.82844436,0.82988113,0.82016087,0.8313781,0.8272158,0.8423718,0.84944403,0.8421438,0.85786134,0.8296821,0.8341763,0.8424972,0.833942,0.84254634,0.8470405,0.82669616,0.85195416,0.8310287,0.84399337,0.8270318,0.8275254,0.8377966,0.81812596,0.835532,0.83837897,0.8252677,0.83485246,0.8424522,0.8455164,0.8296621,0.81352013,0.84587055,0.8406894,0.83993363,0.84619176,0.84086204,0.8381348,0.83379877,0.81665957,0.8461974,0.83236134,0.82643783,0.81962126,0.8243751,0.84241146,0.8412397,0.8284041,0.83946043,0.837585,0.82523084,0.8167533,0.8394982,0.8118597,0.8199875,0.8409728,0.8337837,0.8377887,0.8396305,0.83933926,0.80837816,0.81405324,0.8470094,0.84527373,0.83710164,0.8353537,0.8285866,0.84842485,0.8238289,0.82334006,0.8420531,0.85437477,0.83160704,0.8392982,0.8318868,0.8440934,0.82328176,0.8149501,0.8379996,0.82410926,0.84180194,0.81774426,0.8374081,0.82697225,0.847055,0.8186655,0.8469653,0.8233881,0.82311,0.8542136,0.81236255,0.8135452,0.81956506,0.8215871,0.82664406,0.82264215,0.8287968,0.84409827,0.83769256,0.8353605,0.83195347,0.8215254,0.83627266,0.84911644,0.8421193,0.8275017,0.83686227,0.8362618,0.82973856,0.8480756,0.83934194,0.8459168,0.8288256,0.833735,0.83763266,0.84616363,0.8261031,0.8578043,0.829794,0.8325234,0.8283116,0.8568857,0.83820343,0.83182055,0.85649806,0.844351,0.83266544,0.8208531,0.8538941,0.82665336,0.83381385,0.8227792,0.84194744,0.842124,0.8225849,0.82918024,0.829107,0.8297291,0.83965194,0.82937765,0.84876126,0.8429844,0.8464134,0.82873034,0.84469414,0.8450153,0.81742835,0.84858125,0.8349124,0.8316527,0.84933823,0.82939506,0.8385064,0.8493109,0.834131,0.8392959,0.84557855,0.84756345,0.84107596,0.85895157,0.82579184,0.83311486,0.83475876,0.85223186,0.8186353,0.8467247,0.82188916,0.82951623,0.8252266,0.8212383,0.8359116,0.8337489,0.81938785,0.8475997,0.845657,0.8192902,0.84687686,0.83290917,0.832113,0.83511835,0.84683865,0.838476,0.82606894,0.84545743,0.8380748,0.83248335,0.835034,0.820946,0.833861,0.82177263,0.809247,0.83885753,0.85852903,0.83675396,0.8317316,0.83540183,0.83367425,0.8462565,0.82824874,0.8541966,0.8101532,0.84000355,0.8530511,0.834256,0.8343933,0.8267855,0.84487396,0.8419629,0.8472942,0.8342124,0.85671675,0.8308461,0.8523241,0.8389445,0.8306782,0.8261292,0.82389474,0.8270961,0.84006894,0.82533973,0.85162723,0.8249806,0.82796234,0.83985966,0.83552414,0.8421165,0.8189172,0.8396224,0.8422835,0.82914525,0.83346117,0.83269143,0.8487691,0.8550842,0.83986104,0.83278686,0.835357,0.82857805,0.8313059,0.82851243,0.83395624,0.8423588,0.8422675,0.8394222,0.8447721,0.8470384,0.83984226,0.8270639,0.8485035,0.83134043,0.829618,0.8479681,0.8503601,0.8202009,0.8357863,0.8405167,0.8441693,0.82792705,0.8421524,0.8387184,0.8447505,0.84704286,0.8295124,0.8301517,0.85339314,0.84774303,0.8211876,0.8277357,0.83446515,0.84173304,0.83212036,0.83823264,0.8195802,0.82277036,0.82623804,0.8356838,0.83081686,0.8331709,0.8312313,0.84353745,0.8395523,0.8361751,0.8313215,0.80598015,0.83728087,0.8569238,0.845902,0.8231795,0.8068628,0.8178668,0.841376,0.831458,0.8217624,0.8230055,0.82409465,0.83894694,0.82876277,0.81436783,0.83192146,0.83304465,0.81360537,0.83527607,0.8258082,0.8365285,0.8203361,0.8207031,0.8296442,0.8357805,0.8263916,0.8288851,0.8479515,0.8259576,0.84503365,0.83340514,0.7943207,0.85261554,0.8344794,0.82256246,0.8356935,0.8250895,0.82074535,0.8471288,0.8463108,0.82404596,0.8287926,0.8293726,0.8115603,0.8207667,0.84316367,0.8289519,0.82508814,0.8320809,0.83184934,0.8101331,0.82871056,0.81391495,0.82221746,0.85063094,0.83148974,0.8233562,0.82319176,0.8305581,0.84194076,0.8429592,0.83193415,0.8460318,0.8376766,0.83087415,0.8433357,0.83661056,0.83144736,0.8264434,0.8392081,0.8357391,0.8410441,0.8316834,0.83009577,0.83489215,0.84713554,0.8377935,0.82359153,0.83011025,0.8477781,0.8413916,0.84266955,0.83477896,0.8326754,0.8469814,0.8216935,0.82679504,0.83523035,0.834231,0.8283804,0.82683724,0.82824945,0.8182794,0.8371487,0.83249533,0.85740167,0.8160376,0.84049654,0.8260538,0.8377113,0.831016,0.8258594,0.8345884,0.8385698,0.84116113,0.84131867,0.84920967,0.81977546,0.8330822,0.84130937,0.8269125,0.83649385,0.84778947,0.83258116,0.85534346,0.8476098,0.82238185,0.8314868,0.85394955,0.83634573,0.82101715,0.8412818,0.82068807,0.829271,0.8276535,0.8474508,0.82444584,0.836886,0.83267045,0.81831336,0.84771043,0.8286905,0.85192835,0.82587445,0.8275277,0.81202435,0.8168758,0.8350426,0.8363159,0.82932556,0.8216133,0.83267665,0.82817554,0.82586193,0.8445289,0.8280459,0.83533764,0.85270476,0.8540872,0.84105206,0.8426569,0.8284263,0.8357069,0.84071785,0.83443993,0.8315083,0.82915074,0.8210535,0.8314155,0.8176659,0.8652643,0.8196306,0.8425371,0.83249366,0.8384063,0.84940076,0.83159775,0.8452747,0.8356028,0.8361844,0.85713565,0.83267653,0.8370002,0.8346577,0.84120774,0.8250294,0.8554879,0.8465937,0.8288005,0.83966,0.82572895,0.8438824,0.84829605,0.84482783,0.8176996,0.83928597,0.8409833,0.8196776,0.8184068,0.8517504,0.82722735,0.860945,0.8263673,0.82768524,0.82004046,0.84310114,0.8227686,0.8259682,0.8376331,0.8325286,0.81429386,0.8315804,0.8090362,0.8433911,0.82227695,0.82835954,0.84624237,0.8232675,0.82035285,0.8375478,0.8376188,0.83779174,0.8449576,0.82644284,0.82037383,0.83886826,0.8292619,0.84430516,0.8285807,0.8453468,0.8499741,0.8299862,0.817677,0.82809407,0.8171071,0.8186099,0.8270248,0.83101237,0.84735405,0.8230864,0.8496964,0.8489578,0.8400514,0.8336092,0.83412963,0.836767,0.8304888,0.8396565,0.8502603,0.8422942,0.83143514,0.83143264,0.84050274,0.81619394,0.84335095,0.84054565,0.82695675,0.84155476,0.8307378,0.82493114,0.83774173,0.83375615,0.81805307,0.8423614
0.53238875,0.50670177,0.52496755,0.53208166,0.51848394,0.52309346,0.5443355,0.515586,0.5143234,0.5345634,0.5324506,0.51520276,0.5200717,0.5262022,0.524924,0.5350989,0.5250596,0.5204344,0.5251141,0.5251795,0.5245613,0.5312723,0.5158777,0.5063285,0.51196784,0.5186526,0.5133002,0.5127079,0.50440675,0.52414393,0.5095185,0.5181529,0.509383,0.49735942,0.5334237,0.51082844,0.5156898,0.5210335,0.5274886,0.5234517,0.5198648,0.5247465,0.5159881,0.51090544,0.5302357,0.5311326,0.5229497,0.512127,0.49928865,0.5126251,0.5421687,0.49417514,0.51269394,0.53771025,0.5425641,0.5462828,0.5276534,0.50194925,0.5357869,0.5123204,0.5122712,0.50456285,0.5180199,0.51242596,0.5114831,0.51328653,0.5096946,0.5387688,0.52859616,0.5066245,0.5143212,0.51849675,0.49532187,0.53074205,0.525089,0.5283062,0.5218441,0.53045654,0.52330023,0.5180807,0.5238559,0.5230096,0.5255945,0.5302232,0.51047325,0.5153044,0.53759915,0.51729065,0.5314549,0.5040868,0.5070432,0.511878,0.5423447,0.52859664,0.53612477,0.543937,0.4992944,0.531078,0.5123302,0.5374659,0.52657413,0.52196103,0.53551656,0.52475625,0.5335256,0.51510173,0.5313509,0.52121156,0.49915704,0.5353336,0.5172475,0.51812875,0.5256323,0.506223,0.52930635,0.518755,0.54006374,0.5314485,0.5191362,0.51679903,0.51866674,0.50862885,0.5114733,0.5162672,0.5292699,0.5169331,0.5203172,0.5254246,0.5179964,0.52956414,0.5144614,0.50775564,0.5112453,0.5167246,0.5155314,0.5189421,0.5269773,0.53941375,0.50552016,0.5457948,0.5097305,0.52436364,0.5371668,0.51799643,0.5085117,0.52441496,0.51167446,0.53507805,0.51552325,0.51032037,0.4939983,0.5150975,0.5054805,0.5244977,0.52633274,0.5275551,0.51787674,0.532562,0.5336168,0.51187456,0.5184156,0.52246743,0.5190521,0.5021957,0.524717,0.50812006,0.5356521,0.5156915,0.5207125,0.53565097,0.5365426,0.50911295,0.4979556,0.5106105,0.53501767,0.52023435,0.49591663,0.5225474,0.50301766,0.52973264,0.52114826,0.52215534,0.52108806,0.5361548,0.5086973,0.531143,0.52152586,0.51602817,0.5373004,0.5347779,0.52571154,0.5055528,0.5215078,0.5034007,0.51422954,0.5137434,0.5234212,0.5306704,0.5022727,0.5320198,0.5273018,0.51187366,0.5171899,0.5159918,0.52414006,0.48685163,0.5199996,0.5121909,0.50728667,0.5134674,0.53866893,0.50590026,0.50766444,0.5228182,0.51364815,0.5022461,0.5147456,0.51814425,0.52498245,0.5104068,0.5206191,0.53809524,0.5173512,0.5179295,0.5262347,0.4913551,0.52122563,0.5303224,0.5268678,0.5448417,0.49033856,0.5116391,0.513029,0.53306377,0.5195296,0.5298428,0.49319816,0.5233928,0.52621603,0.51923823,0.5119707,0.5044656,0.52750725,0.52490634,0.5012438,0.5213585,0.50933266,0.5372128,0.51380026,0.5325508,0.5147795,0.5152302,0.5202774,0.51678866,0.51104367,0.49520972,0.5454961,0.51571393,0.49522448,0.5153077,0.5435908,0.5493326,0.52946454,0.50730026,0.510081,0.5069461,0.52733713,0.5210338,0.5203242,0.5001351,0.5219877,0.5246716,0.5215925,0.54151595,0.5294999,0.5169116,0.53289723,0.5141166,0.51042265,0.5428195,0.51003146,0.5236063,0.5242378,0.51324826,0.5211746,0.5254337,0.5226667,0.52570266,0.51453304,0.52536386,0.5219243,0.5070033,0.51515764,0.50755715,0.5162738,0.52055424,0.51738405,0.5434341,0.51258665,0.50378174,0.50779754,0.5172817,0.5137603,0.5025088,0.527587,0.52108115,0.5173469,0.5082334,0.52943087,0.52161306,0.5258694,0.5082601,0.5265353,0.49166167,0.50495136,0.48282242,0.5314639,0.5206895,0.5297325,0.5167159,0.5242514,0.5040281,0.5161702,0.527707,0.5098311,0.51889354,0.5140722,0.5144623,0.52863455,0.54591644,0.52747416,0.5305108,0.52276295,0.54646605,0.5378818,0.5088292,0.5329574,0.52341866,0.5224354,0.5341266,0.5258204,0.52724683,0.5267042,0.52840203,0.517356,0.529945,0.51543665,0.53563285,0.5257118,0.5111328,0.5316968,0.52046067,0.52486604,0.52900136,0.5251423,0.51928926,0.53216916,0.52031684,0.5279814,0.5273067,0.5170135,0.50364417,0.5212981,0.5279696,0.52121466,0.5211669,0.5245844,0.5354257,0.5326145,0.5240571,0.51481074,0.5289801,0.5316655,0.5161725,0.53858685,0.510502,0.49747378,0.5184613,0.5216763,0.5378993,0.5143631,0.49594098,0.5284655,0.51944613,0.5283135,0.5346451,0.5231359,0.50101876,0.53269166,0.5217095,0.50848925,0.52469784,0.53836596,0.5247627,0.50585103,0.5219091,0.50540787,0.5321467,0.51720524,0.52239174,0.5275185,0.5080438,0.524765,0.5109356,0.5293305,0.52977324,0.5150603,0.5113407,0.5175143,0.53495526,0.50420487,0.5187345,0.5057441,0.52388567,0.4966155,0.5373827,0.53591853,0.4989427,0.5086035,0.51164407,0.51006347,0.5092495,0.50709695,0.5231592,0.5309202,0.5335364,0.5081968,0.54385525,0.5129956,0.51211107,0.5231322,0.50510573,0.51178753,0.51607484,0.53361857,0.5160003,0.50052154,0.49830496,0.52712864,0.50750643,0.54388016,0.532032,0.50897616,0.51991093,0.51472855,0.5114192,0.51539433,0.5045487,0.50308007,0.5320482,0.5177177,0.52034515,0.5132152,0.52121735,0.5233393,0.51508963,0.5102249,0.52547306,0.5219908,0.5142741,0.5186089,0.52376467,0.5201428,0.519374,0.5097053,0.5202023,0.5155599,0.5214928,0.52436954,0.5138566,0.5286454,0.5216157,0.5339163,0.52796954,0.5334194,0.5157993,0.5136144,0.5486699,0.52419585,0.5036378,0.5341966,0.5080821,0.5339036,0.5127677,0.50579125,0.5233614,0.5027364,0.50688803,0.53850245,0.5040515,0.527088,0.5320351,0.51513445,0.5286634,0.48826304,0.5305801,0.53895336,0.5382989,0.52523655,0.50982434,0.5216802,0.52179605,0.53001094,0.5232729,0.51261336,0.5291286,0.5177158,0.52211165,0.5420506,0.5130719,0.5423621,0.5195612,0.52669907,0.5107973,0.5253824,0.51789576,0.5161937,0.50172853,0.5469124,0.4983433,0.52874625,0.524444,0.51125693,0.48660356,0.51641995,0.522538,0.52218413,0.48774254,0.5001671,0.513996,0.517795,0.52912116,0.50645876,0.510418,0.5297763,0.49087033,0.5262807,0.518288,0.5203241,0.5231228,0.5012652,0.519536,0.536863,0.5228973,0.49589813,0.51993126,0.51423496,0.5224265,0.5052495,0.5416719,0.5097228,0.5118152,0.5295891,0.5045415,0.49913654,0.5196213,0.5192819,0.50227386,0.5216293,0.5281714,0.53286225,0.50299263,0.544629,0.5063458,0.52534044,0.5265876,0.5252649,0.5360285,0.4999528,0.51899946,0.5314034,0.5272464,0.52393794,0.51894546,0.53465843,0.51793164,0.52492315,0.5120511,0.53093827,0.52314687,0.5051667,0.51569414,0.5075607,0.5124167,0.54018825,0.53087175,0.4994948,0.52553093,0.53931236,0.5080401,0.48803478,0.51169604,0.51288074,0.52485853,0.49478853,0.5121456,0.5111468,0.5249447,0.50697637,0.5194255,0.5055717,0.5351287,0.5223485,0.52455956,0.51287276,0.52002025,0.50869095,0.5322953,0.5386535,0.4992421,0.5379118,0.5160621,0.512101,0.5401939,0.5246414,0.5185411,0.5232771,0.51796466,0.52274275,0.53068393,0.51490384,0.51793504,0.52818704,0.5159978,0.52491105,0.5359192,0.52253985,0.49469662,0.52302843,0.5141002,0.51519763,0.5098918,0.51936454,0.50889164,0.538405,0.5149015,0.51112527,0.52182394,0.5060244,0.52856934,0.5237653,0.5223118,0.5138512,0.5232589,0.5286172,0.52440554,0.5384071,0.5042679,0.5257039,0.5185038,0.5247548,0.5162839,0.51037467,0.51259655,0.5237986,0.5094318,0.5181115,0.52291757,0.5094661,0.52350855,0.5113816,0.5104097,0.51599246,0.5016817,0.5252339,0.5329037,0.51081187,0.51823884,0.515116,0.52861017,0.5226348,0.5238004,0.5130339,0.52108556,0.5277418,0.5250027,0.5172974,0.5181166,0.5188697,0.5163936,0.5209275,0.53165144,0.5028209,0.52493525,0.5281141,0.5146509,0.527834,0.49460092,0.52723575,0.51626176,0.5242335,0.5089931,0.5239166,0.5101237,0.5030075,0.5268576,0.54159653,0.51351064,0.503842,0.5271451,0.5087601,0.50057435,0.5284212,0.5197283,0.5295052,0.50691825,0.52884305,0.5296767,0.5289551,0.5441367,0.5045481,0.52056676,0.52476984,0.49224123,0.5268687,0.55243874,0.51617634,0.50162715,0.50791085,0.506521,0.5286563,0.5192754,0.5271124,0.5281906,0.51569533,0.524127,0.5182369,0.5255132,0.5301624,0.5105628,0.5223726,0.51108855,0.5101136,0.5428102,0.5299079,0.5224571,0.5132539,0.51075023,0.5317719,0.5173421,0.51001805,0.5286852,0.52746105,0.5087507,0.51411897,0.51157427,0.5123689,0.5390488,0.53978395,0.51360184,0.5314745,0.50494874,0.52348447,0.51445365,0.52344036,0.52451885,0.50816476,0.5168014,0.5144749,0.5123384,0.5088542,0.5070846,0.5197062,0.5084176,0.5194832,0.5212588,0.52209103,0.5185012,0.49451905,0.5207802,0.4973515,0.51022,0.50360894,0.54025906,0.5317527,0.5190044,0.524756,0.5035609,0.5456547,0.51644975,0.5109251,0.5045763,0.5059466,0.50373435,0.51686627,0.51258796,0.4925589,0.5088272,0.5193185,0.50482845,0.5064851,0.521826,0.5128999,0.5094501,0.5257619,0.5212571,0.5126725,0.513352,0.51067066,0.5245033,0.54172516,0.5123962,0.50117177,0.51416415,0.51737267,0.5038241,0.51235366,0.5239321,0.5248912,0.55254793,0.52492076,0.5168078,0.5144216,0.5286399,0.50660604,0.5276715,0.5228225,0.526173,0.52435625,0.5212455,0.5224873,0.51859224,0.51690316,0.5138795,0.51137066,0.5281086,0.51844025,0.5015122,0.5199122,0.5118613,0.5239796,0.50590634,0.51886773,0.50604594,0.5171574,0.5297079,0.5205867,0.5240472,0.50327677,0.52685267,0.5270188,0.5260457,0.49791685,0.52503467,0.500386,0.51884997,0.5274352,0.51639897,0.516106,0.51249933,0.5171082,0.52508694,0.51204455,0.5096687,0.51913565,0.51846814,0.52206314,0.5544672,0.53256804,0.5095033,0.52394664,0.51489204,0.5298483,0.51487285,0.5252248,0.5076061,0.515317,0.5145602,0.5059032,0.5138032,0.5021981,0.52767843,0.5304425,0.5149574,0.5124673,0.50696397,0.5218915,0.5298729,0.5393382,0.5202008,0.5168788,0.5062301,0.5216995,0.5147859,0.5153061,0.5319976,0.50586903,0.53032327,0.50923634,0.52100927,0.5300756,0.50291675,0.5181625,0.5133624,0.5343758,0.5185407,0.5242748,0.51191866,0.5200246,0.54746497,0.5148617,0.50414145,0.5194889,0.5075847,0.5190772,0.5220212,0.5286712,0.51306874,0.5394586,0.5218519,0.5130177,0.5070175,0.509085,0.50442785,0.52586037,0.5085578,0.5364885,0.5290525,0.5297202,0.51448786,0.5221696,0.4982867,0.5222104,0.52286196,0.51383805,0.5236729,0.5175888,0.53068316,0.51167214,0.5279658,0.5207881,0.51979524,0.5172568,0.508193,0.5193546,0.5174354,0.50650275,0.5245796,0.5228358,0.5261185,0.5283323,0.5221523,0.5078609,0.5193079,0.5133065,0.5266705,0.51158756,0.50764745,0.4905314,0.5117543,0.5153241,0.51696557,0.54737544,0.5148176,0.4956936,0.5282409,0.5355247,0.51881975,0.5114199,0.51496065,0.5066879,0.50335807,0.5122084,0.51645255,0.5134591,0.5180482,0.52667904,0.50233185,0.49831203,0.5297038,0.49629027,0.49472338,0.52563614,0.50960594,0.5278582,0.510321,0.5177066,0.5165364,0.5228065,0.51196516,0.51178175,0.52538073,0.51026505,0.50797457,0.52952135,0.5282014,0.5016285,0.5123473,0.52641845,0.51590395,0.51541454,0.5237872,0.5027606,0.5194966,0.52193296,0.5293328,0.51872396,0.525648,0.5219042,0.5050155
0.0,0.0,0.0,0.0,0.0,0.0,0.0,0.0,0.0,0.0,0.0,0.0,0.0,0.0,0.0,0.0,0.0,0.0,0.0,0.0,0.0,0.0,0.0,0.0,0.0,0.0,0.0,0.0,0.0,0.0,0.0,0.0,0.0,0.0,0.0,0.0,0.0,0.0,0.0,0.0,0.0,0.0,0.0,0.0,0.0,0.0,0.0,0.0,0.0,0.0,0.0,0.0,0.0,0.0,0.0,0.0,0.0,0.0,0.0,0.0,0.0,0.0,0.0,0.0,0.0,0.0,0.0,0.0,0.0,0.0,0.0,0.0,0.0,0.0,0.0,0.0,0.0,0.0,0.0,0.0,0.0,0.0,0.0,0.0,0.0,0.0,0.0,0.0,0.0,0.0,0.0,0.0,0.0,0.0,0.0,0.0,0.0,0.0,0.0,0.0,0.0,0.0,0.0,0.0,0.0,0.0,0.0,0.0,0.0,0.0,0.0,0.0,0.0,0.0,0.0,0.0,0.0,0.0,0.0,0.0,0.0,0.0,0.0,0.0,0.0,0.0,0.0,0.0,0.0,0.0,0.0,0.0,0.0,0.0,0.0,0.0,0.0,0.0,0.0,0.0,0.0,0.0,0.0,0.0,0.0,0.0,0.0,0.0,0.0,0.0,0.0,0.0,0.0,0.0,0.0,0.0,0.0,0.0,0.0,0.0,0.0,0.0,0.0,0.0,0.0,0.0,0.0,0.0,0.0,0.0,0.0,0.0,0.0,0.0,0.0,0.0,0.0,0.0,0.0,0.0,0.0,0.0,0.0,0.0,0.0,0.0,0.0,0.0,0.0,0.0,0.0,0.0,0.0,0.0,0.0,0.0,0.0,0.0,0.0,0.0,0.0,0.0,0.0,0.0,0.0,0.0,0.0,0.0,0.0,0.0,0.0,0.0,0.0,0.0,0.0,0.0,0.0,0.0,0.0,0.0,0.0,0.0,0.0,0.0,0.0,0.0,0.0,0.0,0.0,0.0,0.0,0.0,0.0,0.0,0.0,0.0,0.0,0.0,0.0,0.0,0.0,0.0,0.0,0.0,0.0,0.0,0.0,0.0,0.0,0.0,0.0,0.0,0.0,0.0,0.0,0.0,0.0,0.0,0.0,0.0,0.0,0.0,0.0,0.0,0.0,0.0,0.0,0.0,0.0,0.0,0.0,0.0,0.0,0.0,0.0,0.0,0.0,0.0,0.0,0.0,0.0,0.0,0.0,0.0,0.0,0.0,0.0,0.0,0.0,0.0,0.0,0.0,0.0,0.0,0.0,0.0,0.0,0.0,0.0,0.0,0.0,0.0,0.0,0.0,0.0,0.0,0.0,0.0,0.0,0.0,0.0,0.0,0.0,0.0,0.0,0.0,0.0,0.0,0.0,0.0,0.0,0.0,0.0,0.0,0.0,0.0,0.0,0.0,0.0,0.0,0.0,0.0,0.0,0.0,0.0,0.0,0.0,0.0,0.0,0.0,0.0,0.0,0.0,0.0,0.0,0.0,0.0,0.0,0.0,0.0,0.0,0.0,0.0,0.0,0.0,0.0,0.0,0.0,0.0,0.0,0.0,0.0,0.0,0.0,0.0,0.0,0.0,0.0,0.0,0.0,0.0,0.0,0.0,0.0,0.0,0.0,0.0,0.0,0.0,0.0,0.0,0.0,0.0,0.0,0.0,0.0,0.0,0.0,0.0,0.0,0.0,0.0,0.0,0.0,0.0,0.0,0.0,0.0,0.0,0.0,0.0,0.0,0.0,0.0,0.0,0.0,0.0,0.0,0.0,0.0,0.0,0.0,0.0,0.0,0.0,0.0,0.0,0.0,0.0,0.0,0.0,0.0,0.0,0.0,0.0,0.0,0.0,0.0,0.0,0.0,0.0,0.0,0.0,0.0,0.0,0.0,0.0,0.0,0.0,0.0,0.0,0.0,0.0,0.0,0.0,0.0,0.0,0.0,0.0,0.0,0.0,0.0,0.0,0.0,0.0,0.0,0.0,0.0,0.0,0.0,0.0,0.0,0.0,0.0,0.0,0.0,0.0,0.0,0.0,0.0,0.0,0.0,0.0,0.0,0.0,0.0,0.0,0.0,0.0,0.0,0.0,0.0,0.0,0.0,0.0,0.0,0.0,0.0,0.0,0.0,0.0,0.0,0.0,0.0,0.0,0.0,0.0,0.0,0.0,0.0,0.0,0.0,0.0,0.0,0.0,0.0,0.0,0.0,0.0,0.0,0.0,0.0,0.0,0.0,0.0,0.0,0.0,0.0,0.0,0.0,0.0,0.0,0.0,0.0,0.0,0.0,0.0,0.0,0.0,0.0,0.0,0.0,0.0,0.0,0.0,0.0,0.0,0.0,0.0,0.0,0.0,0.0,0.0,0.0,0.0,0.0,0.0,0.0,0.0,0.0,0.0,0.0,0.0,0.0,0.0,0.0,0.0,0.0,0.0,0.0,0.0,0.0,0.0,0.0,0.0,0.0,0.0,0.0,0.0,0.0,0.0,0.0,0.0,0.0,0.0,0.0,0.0,0.0,0.0,0.0,0.0,0.0,0.0,0.0,0.0,0.0,0.0,0.0,0.0,0.0,0.0,0.0,0.0,0.0,0.0,0.0,0.0,0.0,0.0,0.0,0.0,0.0,0.0,0.0,0.0,0.0,0.0,0.0,0.0,0.0,0.0,0.0,0.0,0.0,0.0,0.0,0.0,0.0,0.0,0.0,0.0,0.0,0.0,0.0,0.0,0.0,0.0,0.0,0.0,0.0,0.0,0.0,0.0,0.0,0.0,0.0,0.0,0.0,0.0,0.0,0.0,0.0,0.0,0.0,0.0,0.0,0.0,0.0,0.0,0.0,0.0,0.0,0.0,0.0,0.0,0.0,0.0,0.0,0.0,0.0,0.0,0.0,0.0,0.0,0.0,0.0,0.0,0.0,0.0,0.0,0.0,0.0,0.0,0.0,0.0,0.0,0.0,0.0,0.0,0.0,0.0,0.0,0.0,0.0,0.0,0.0,0.0,0.0,0.0,0.0,0.0,0.0,0.0,0.0,0.0,0.0,0.0,0.0,0.0,0.0,0.0,0.0,0.0,0.0,0.0,0.0,0.0,0.0,0.0,0.0,0.0,0.0,0.0,0.0,0.0,0.0,0.0,0.0,0.0,0.0,0.0,0.0,0.0,0.0,0.0,0.0,0.0,0.0,0.0,0.0,0.0,0.0,0.0,0.0,0.0,0.0,0.0,0.0,0.0,0.0,0.0,0.0,0.0,0.0,0.0,0.0,0.0,0.0,0.0,0.0,0.0,0.0,0.0,0.0,0.0,0.0,0.0,0.0,0.0,0.0,0.0,0.0,0.0,0.0,0.0,0.0,0.0,0.0,0.0,0.0,0.0,0.0,0.0,0.0,0.0,0.0,0.0,0.0,0.0,0.0,0.0,0.0,0.0,0.0,0.0,0.0,0.0,0.0,0.0,0.0,0.0,0.0,0.0,0.0,0.0,0.0,0.0,0.0,0.0,0.0,0.0,0.0,0.0,0.0,0.0,0.0,0.0,0.0,0.0,0.0,0.0,0.0,0.0,0.0,0.0,0.0,0.0,0.0,0.0,0.0,0.0,0.0,0.0,0.0,0.0,0.0,0.0,0.0,0.0,0.0,0.0,0.0,0.0,0.0,0.0,0.0,0.0,0.0,0.0,0.0,0.0,0.0,0.0,0.0,0.0,0.0,0.0,0.0,0.0,0.0,0.0,0.0,0.0,0.0,0.0,0.0,0.0,0.0,0.0,0.0,0.0,0.0,0.0,0.0,0.0,0.0,0.0,0.0,0.0,0.0,0.0,0.0,0.0,0.0,0.0,0.0,0.0,0.0,0.0,0.0,0.0,0.0,0.0,0.0,0.0,0.0,0.0,0.0,0.0,0.0,0.0,0.0,0.0,0.0,0.0,0.0,0.0,0.0,0.0,0.0,0.0,0.0,0.0,0.0,0.0,0.0,0.0,0.0,0.0,0.0,0.0,0.0,0.0,0.0,0.0,0.0,0.0,0.0,0.0,0.0,0.0,0.0,0.0,0.0,0.0,0.0,0.0,0.0,0.0,0.0,0.0,0.0,0.0,0.0,0.0,0.0,0.0,0.0,0.0,0.0,0.0,0.0,0.0,0.0,0.0,0.0,0.0,0.0,0.0,0.0,0.0,0.0,0.0,0.0,0.0,0.0,0.0,0.0,0.0,0.0,0.0,0.0,0.0,0.0,0.0,0.0,0.0,0.0,0.0,0.0,0.0,0.0,0.0,0.0,0.0,0.0,0.0,0.0,0.0,0.0,0.0,0.0,0.0,0.0,0.0,0.0,0.0,0.0,0.0,0.0,0.0,0.0,0.0,0.0,0.0,0.0,0.0,0.0,0.0,0.0
1.0267631,1.0262189,1.0396342,1.0416555,1.0316559,1.0180765,1.0611836,1.0299268,1.0401623,1.0296628,1.026551,1.0375408,1.0314709,1.0479281,1.0338324,1.0481107,1.0312898,1.0159724,1.0518849,1.0218825,1.0349282,1.0447938,1.013951,1.0228342,1.0208813,1.0147611,1.0155246,1.0236318,1.0098428,1.0448232,1.0187063,1.0337591,1.0310823,1.0255431,1.0200832,1.0286496,1.024603,1.01952,1.0563537,1.0458804,1.0338863,1.0311375,1.0289531,1.0315621,1.0437843,1.0257015,1.0191962,1.0272775,1.0207849,1.029285,1.0678346,1.0114641,1.040798,1.0422477,1.0441029,1.0417504,1.0563369,1.0171367,1.0389206,1.0371284,1.0223882,1.020727,1.0243053,1.0293208,1.0322393,1.0423025,1.0283954,1.0280813,1.0308456,1.0230625,1.0172503,1.0340947,1.0133694,1.0350112,1.0388631,1.043381,1.0531875,1.0150589,1.0351684,1.0254275,1.0210733,1.0484532,1.0315974,1.037026,1.0311961,1.0249592,1.0462289,1.0290035,1.0404038,1.0395166,1.0138602,1.039739,1.0365455,1.0324503,1.0495983,1.044029,1.0270026,1.0307156,1.035104,1.0528903,1.0372528,1.018402,1.045371,1.0402465,1.044302,1.0285985,1.0374846,1.0378728,1.0253564,1.0441592,1.0299057,1.041011,1.0243615,1.0431421,1.0480354,1.0187138,1.0431983,1.0181284,1.0226095,1.0280056,1.0306418,1.0216198,1.0256203,1.0283785,1.0350643,1.0323871,1.0281149,1.0159923,1.0446044,1.0268315,1.0381625,1.0112069,1.0194647,1.0401713,1.0349259,1.0381278,1.0515168,1.0420537,1.026421,1.0424217,1.0318019,1.038829,1.0379272,1.0337586,1.003355,1.0254089,1.0299366,1.0461397,1.0239362,1.0259451,1.0265086,1.0440296,1.0125136,1.0249381,1.0385981,1.0358648,1.0291498,1.0369573,1.0337965,1.0420923,1.0397723,1.0438533,1.027187,1.0200889,1.0482423,1.0179989,1.0233886,1.0335048,1.0371126,1.0386173,1.0546167,1.0299608,1.028578,1.0081949,1.0426534,1.017884,1.0331712,1.0348618,1.0200933,1.0187439,1.0269889,1.0412265,1.0347034,1.0458716,1.0295204,1.0338763,1.0277649,1.0243872,1.0553668,1.0388969,1.0203383,1.0181211,1.0286274,1.0314205,1.0189097,1.0351199,1.0380702,1.0376489,1.0090916,1.0410811,1.0410802,1.025495,1.0392725,1.0330794,1.0327647,1.0093359,1.0275962,1.0411404,1.013611,1.0133914,1.0310868,1.025476,1.0199003,1.0444523,1.032293,1.0472965,1.0250242,1.0314959,1.0247993,1.0203379,1.0407346,1.0610988,1.020957,1.0454597,1.0328567,1.0173879,1.0315405,1.0455948,1.0345483,1.0431389,1.000433,1.0262977,1.0318985,1.036927,1.020567,1.0409892,1.0084063,1.0348891,1.0276158,1.0260923,1.0145562,1.0298787,1.0335388,1.0453204,1.0269723,1.031701,1.0311953,1.0272045,1.0327194,1.037033,1.0302147,1.022828,1.0426441,1.0311496,1.0155293,1.0113192,1.0467275,1.0272428,1.0174855,1.0366615,1.0352978,1.0589768,1.0466621,1.0297554,1.0356888,1.0277803,1.0310376,1.0348959,1.0239536,1.0142621,1.0307261,1.0355818,1.0525464,1.0290594,1.0363551,1.0319545,1.054262,1.0346564,1.0294997,1.0236413,1.0274504,1.033139,1.028121,1.0274446,1.0146357,1.0412163,1.0359974,1.0389795,1.0278157,1.0217428,1.0225223,1.0165579,1.0352985,1.0171057,1.0273124,1.0457424,1.0445918,1.0370909,1.0127449,1.0431898,1.025898,1.033167,1.0462588,0.99701494,1.0491946,1.0225947,1.0293585,1.0337976,1.0341518,1.0284655,1.0473775,1.0470144,1.0442538,1.0114908,1.0054351,1.0039104,1.0280496,1.0253413,1.0496397,1.0355406,1.0438725,1.0101305,1.0144831,1.0440965,1.0409907,1.0285465,1.0207872,1.0294564,1.0261463,1.040515,1.0414166,1.0273134,1.045291,1.0422468,1.0388116,1.0327886,1.0454333,1.0571438,1.0364673,1.0316532,1.0337219,1.0386475,1.0379912,1.0336211,1.0334874,1.0352671,1.0290785,1.0387092,1.0328908,1.0369278,1.0285615,1.0225179,1.0274224,1.0479944,1.0247116,1.0439231,1.037443,1.0296773,1.0334339,1.0424947,1.0229604,1.0212058,1.0201046,1.0386229,1.0360355,1.0352229,1.0311359,1.0620078,1.0438466,1.0149006,1.0232677,1.0423783,1.0431416,1.0407605,1.0453823,1.039016,1.0223038,1.0282409,1.0388447,1.0370449,1.0237054,1.0335914,1.0404006,1.021032,1.0378939,1.0300404,1.0279421,1.0113547,1.0409064,1.0212616,1.0277216,1.0339559,1.0343097,1.028125,1.0189384,1.0344702,1.0283487,1.0472813,1.0259142,1.0184448,1.0353553,1.0362914,1.0292518,1.0349855,1.0455668,1.028716,1.0262148,1.0352008,1.0335553,1.0450109,1.0230048,1.0243065,1.0260046,1.0168543,1.01761,1.0405667,1.0408261,1.0238179,1.0146003,1.0278907,1.0266508,1.018795,1.0077504,1.0378354,1.0427514,1.0506793,1.0304459,1.0387225,1.0416873,1.0198745,1.0372559,1.0195633,1.0259739,1.0318794,1.0559413,1.0210235,1.0119408,1.0099158,1.0384973,1.0310001,1.0414642,1.0306985,1.0207896,1.0275745,1.037815,1.0271959,1.0328276,1.0168121,1.0090427,1.0302559,1.0285376,1.0290188,1.0157833,1.030181,1.0399945,1.0221795,1.0385283,1.0399984,1.0397938,1.0281812,1.0325686,1.0275055,1.0399882,1.0110148,1.0373281,1.0201129,1.0216544,1.0452793,1.0224489,1.029965,1.0296705,1.045374,1.0413517,1.0477446,1.0160564,1.0371279,1.0411454,1.0458162,1.027453,1.0208359,1.0492584,1.0343344,1.0435911,1.0407497,1.0447292,1.0345483,1.0168616,1.0308634,1.0435505,1.0211151,1.0469977,1.0353014,1.0363542,1.0509787,1.0048801,1.0191246,1.030629,1.0405903,1.0389173,1.0445257,1.0256681,1.04496,1.009547,1.0396155,1.0215883,1.0355169,1.0367734,1.0396373,1.0470837,1.0380272,1.0412784,1.0362252,1.0394381,1.0295064,1.0182908,1.0263758,1.023684,1.0245664,1.0518587,1.0340903,1.0289654,1.0338753,1.0437299,1.0135095,1.0377856,1.0253379,1.0580492,1.0327226,1.028409,1.0158957,1.0394963,1.0323944,1.0428903,1.0377333,1.0446655,1.0073882,1.0337776,1.0282811,1.034594,1.0191181,1.0046101,1.0313007,1.0272784,1.0246396,1.0348929,1.0254617,1.009787,1.0451752,1.0242745,1.0482776,1.0085229,1.0295166,1.039846,1.0243486,1.0163071,1.0336385,1.029757,1.006346,1.0371319,1.0341859,1.0254841,1.0130082,1.0447261,1.0432197,1.0289804,1.0246651,1.0332911,1.0238347,1.018363,1.0292697,1.0413874,1.0307882,1.0241063,1.0330672,1.036645,1.0429475,1.0310899,1.0245736,1.0249004,1.0222844,1.0363684,1.0273384,1.0310324,1.019553,1.0371599,1.0210373,1.0132457,1.0450414,1.0426621,1.038158,1.0111759,1.035703,1.0241736,1.0380433,1.0202413,1.0266469,1.0321397,1.0283442,1.0180444,1.0309081,1.0295817,1.0176774,1.035819,1.0258533,1.0313168,1.0284243,1.0320051,1.0383269,1.0463434,1.0141549,1.0514697,1.0320294,1.0410763,1.0435834,1.0355473,1.030038,1.0448761,1.0349247,1.0317429,1.0350053,1.0356379,1.0136445,1.036775,1.0232549,1.0386384,1.039447,1.0363065,1.0115342,1.0306809,1.0261366,1.015218,1.0207324,1.0176599,1.0295088,1.0439892,1.0203518,1.0415078,1.0471231,1.0308977,1.0416964,1.0292817,1.0364063,1.0355783,1.0325074,1.0347823,1.02061,1.0409868,1.0176513,1.039748,1.0262403,1.0361948,1.026026,1.0213987,1.0333843,1.0312991,1.0491225,1.029734,1.0334427,1.033719,1.0314581,1.0323273,1.0280983,1.0496031,1.0230894,1.0376697,1.0452173,1.0210001,1.0313703,1.0162344,1.0323728,1.0268425,1.0478382,1.0286336,1.0418391,1.029776,1.0256426,1.0323553,1.0261538,1.0279202,1.0294415,1.0247363,1.041478,1.0181137,1.0399874,1.031154,1.0389404,1.0488281,1.0272944,1.0495241,1.012066,1.028261,1.0411382,1.0396171,1.0205579,1.0312842,1.0404049,1.0338315,1.0188067,1.0351679,1.0314137,1.0370117,1.027208,1.03723,1.0208828,1.0380119,1.020414,1.0335021,1.0317717,1.0281047,1.0537049,1.0260832,1.0421231,1.0189413,1.0235837,1.0435537,1.0463225,1.0343833,1.0355351,1.04624,1.039449,1.0198088,1.0315131,1.0495937,1.0355723,1.0366892,1.0555171,1.0179974,1.0407219,1.0406898,1.0132664,1.0285102,1.0330716,1.024544,1.0458175,1.0456501,1.0322608,1.0222538,1.0259584,1.0425962,1.0371318,1.0307643,1.0240904,1.0491229,1.0289537,1.0345082,1.0283754,1.0224732,1.038356,1.0271629,1.0403279,1.0330104,1.021548,1.0237657,1.0334878,1.0202451,1.0366626,1.0289985,1.0273409,1.0156461,1.0278513,1.0153437,1.0288633,1.0369014,1.0238358,1.0448146,1.0337598,1.0377927,1.0138892,1.0223356,1.024937,1.0223085,1.0319076,1.0328996,1.0671719,1.0407144,1.0317751,1.0302681,1.0122912,1.0375384,1.0206912,1.0150741,1.0245172,1.0231559,1.0146002,1.0294755,1.0335046,1.0296636,1.0092413,1.0230685,1.00449,1.0317141,1.0288827,1.0197175,1.0286012,1.037896,1.0308529,1.0193787,1.0216293,1.0159543,1.0338534,1.0558622,1.0292494,1.0225024,1.042205,1.0225083,1.0267305,1.0480599,1.0278425,1.0281045,1.0427628,1.0270324,1.0401841,1.027101,1.0325439,1.0332173,1.0493171,1.0245426,1.0426531,1.0310066,1.0296506,1.0220803,1.0357001,1.0347385,1.017737,1.0266466,1.0414466,1.0511794,1.0263934,1.0181937,1.0419134,1.037767,1.0172509,1.0289168,1.0265015,1.0379469,1.0439852,1.0262699,1.0326132,1.0366111,1.0398225,1.0493693,1.0372142,1.0203245,1.031593,1.0433056,1.0307163,1.0232589,1.0339553,1.0318604,1.0263855,1.0373697,1.0351806,1.0499362,1.0141879,1.0269613,1.0229045,1.0371245,1.0350863,1.0334731,1.0367019,1.0334463,1.0278138,1.0316334,1.0175155,1.0428414,1.0303863,1.0240797,1.0322802,1.0302761,1.0323519,1.008618,1.0421399,1.0374905,1.0271645,1.0354986,1.0131556,1.0401673,1.0382475,1.0494434,1.0428975,1.0115767,1.0165807,1.022124,1.0256941,1.0275803,1.0316725,1.0102068,1.0211711,1.0310926,1.0288535,1.037848,1.0242308,1.0323488,1.0392973,1.0421371,1.0412197,1.0464725,1.0153763,1.0460552,1.0510715,1.0358356,1.0333453,1.0220891,1.0163655,1.0368679,1.0200444,1.0354155,1.0160661,1.0368978,1.0226573,1.0292501,1.0259581,1.0146656,1.0330904,1.0228846,1.0366207,1.0497547,1.0462677,1.0216204,1.0336865,1.0405959,1.0088054,1.0386369,1.019822,1.0240221,1.0302255,1.0264535,1.0423561,1.0286484,1.0395931,1.0187249,1.0307229,1.0239006,1.0138206,1.0246725,1.0379608,1.0144968,1.0524207,1.0281969,1.0392791,1.0341632,1.0154964,1.0392355,1.0191596,1.0296658,1.0468918,1.0214162,1.0266703,1.0024817,1.0497078,1.0181925,1.0269556,1.0505366,1.0319904,1.0248221,1.0332869,1.0396346,1.0373774,1.0132173,1.02591,1.0372177,1.0320221,1.0358934,1.0434341,1.0355211,1.0217758,1.0532748,1.019511,1.0274868,1.0384873,1.0123527,1.0274447,1.0260223,1.0410155,1.0358701,1.0173582,1.0459696,1.0434395,1.0305443,1.0414406,1.0506992,1.0376489,1.0310395,1.0337669,1.0399823,1.0402249,1.0379386,1.0329788,1.0382702,1.0182515,1.0435853,1.0450112,1.0209018,1.0315058,1.0281067,1.0280279,1.0301032,1.032135,1.0297475,1.0081017
0.9877863,0.98002017,0.9867102,0.9876849,0.9905236,0.9909616,1.0127507,0.9664375,0.99137694,0.99346864,0.9719377,0.9862076,0.97404635,0.977165,0.9921369,1.0030295,0.9774615,0.9829342,1.0057068,0.9748564,0.9807859,1.0038749,0.9894576,0.9971699,0.9789357,0.985227,0.9672652,0.9793246,0.9742914,0.99184716,0.96927685,0.97227734,1.0061809,0.97789466,0.97086143,0.9910602,0.991704,0.9870282,0.98847914,1.007931,0.98388976,0.9824358,1.0041921,0.96826684,1.0073245,0.9866789,0.981057,0.98380244,0.9724735,0.9944046,0.98213625,0.97651607,0.9898022,1.0022285,0.9931312,0.9912078,0.9922252,0.97311115,0.9926969,0.98927087,0.9874795,0.97940964,0.9867773,0.98709047,0.9796046,0.9903773,0.99017525,1.008725,0.99040484,0.97925454,0.9597165,0.9962589,1.0022602,0.97635084,0.9764058,0.9856845,1.001865,0.97463113,0.9906311,0.989872,0.9920345,1.0072554,0.98728335,0.9811024,0.96980166,0.9787837,1.0074893,0.99027544,0.97886336,0.9613993,0.9797048,0.9879672,0.99592,0.9793219,1.007884,0.9871696,0.989289,0.98422456,0.9768373,0.99280626,1.0016474,0.98858804,0.99689716,0.9941058,1.0088515,0.9975644,0.97966546,0.9793545,0.98438805,0.9971045,0.9957153,0.9736471,1.0071303,0.98513556,0.9987991,0.9847461,1.0125169,0.99022555,0.9848976,0.9832056,0.9871053,0.9732905,0.9717394,0.99330634,0.9935431,0.9756153,0.9857452,0.98537415,1.0063243,1.0023714,0.98556894,0.967954,0.9825658,0.98638093,0.9949714,0.963767,0.9899235,1.0037731,0.9882682,1.0006622,0.9841731,0.9804878,1.005638,0.98789823,0.97527826,0.9653991,0.9874568,0.9937742,0.9895362,0.98996955,0.98348206,0.9869861,0.97631484,0.99174595,0.9952521,0.997321,0.99543935,0.9819257,1.001419,0.98872775,0.9922599,0.9939213,0.99135447,0.98001814,1.0066255,0.9692892,0.97718054,0.98422265,0.99562305,0.9729528,0.98610276,0.98959833,0.9841252,0.96398175,0.98870754,0.9823322,0.99427843,0.9832535,0.9722621,0.9872011,0.982278,1.0131754,0.98760426,0.9989752,0.977304,0.99306774,0.96993107,0.9791865,1.0141551,0.97033656,0.9922161,0.9799558,0.97073126,0.9903914,0.98162735,0.99124044,0.98626214,0.9891091,0.9833729,0.9890598,0.9987982,0.9674404,0.9899676,0.9962841,0.9872212,0.97882897,1.004953,0.9871566,0.99113035,0.97822094,1.0060477,0.98356855,0.98924565,0.99205583,0.98240554,0.97346014,0.991103,0.97709274,0.98152715,0.97209245,0.9838954,0.99906397,0.98781246,0.9826234,0.99402404,0.98520076,0.9864906,1.0049245,1.0053461,0.99233466,0.9603141,0.9920064,0.9698164,0.9886645,0.967267,1.0184897,0.9766859,0.9904746,0.9920978,0.98495996,0.9910534,0.9687398,0.9887767,1.0221366,0.98081577,0.9964385,0.97716576,0.98963547,0.97868866,0.9910516,0.9479399,0.9849336,0.9845604,0.99008864,0.9830739,0.97020245,0.9912228,0.9742119,0.97133845,0.9822806,0.9868396,1.0100703,0.9920956,0.9931223,0.98246896,0.9658702,0.9903802,0.9920476,0.98294044,0.9850332,0.98115903,0.98177177,0.9830925,0.99078655,0.9625405,0.9839425,0.98666495,1.005278,0.9822307,0.99283737,0.9662874,0.98479545,1.0091399,1.0004773,0.99295336,0.9985455,1.0044897,1.018621,0.9770565,0.97304606,0.97772676,0.98348755,0.99437994,0.98055565,0.99691904,0.9848032,0.99878365,0.97997916,0.98645115,0.9923441,0.9891182,0.97366685,0.9823266,0.9716706,0.99154365,0.97540116,0.97908777,0.97752136,0.9946598,0.9723668,0.98113036,0.9803469,0.9990973,0.9589455,0.99018157,0.9597698,0.96407104,0.98454916,1.0026423,0.9930227,0.99978566,0.98161507,0.96190095,0.97995454,0.9947784,0.9735136,0.967962,0.98958695,0.9814065,0.996839,0.97894955,0.9798293,0.99169797,0.97657496,1.0003053,0.978134,0.9953444,0.98201823,0.9764498,0.98026145,0.9831747,0.9763376,0.9929092,0.98464936,0.99074167,0.9740025,0.9754491,1.0182983,0.97945225,0.9925195,0.9886932,1.0019512,0.98826045,0.9924956,0.99141026,1.0068306,1.0027461,0.9993212,0.98140997,1.0005641,0.9880652,0.9851469,0.9731397,0.9921833,0.9778868,0.9898826,0.979912,1.0052745,0.9971783,0.9784653,0.9844928,1.0023217,0.9882728,0.99394125,0.98156196,0.98708045,0.97875977,0.9823237,0.97976726,0.9872669,0.9627763,0.99317825,1.0028517,0.98524,0.98735183,1.0052028,0.97792965,0.9894982,0.99208534,0.98675907,0.9894798,0.98363185,0.9844495,0.97613007,0.9978771,0.9892087,0.98556477,1.0058035,0.9690957,0.9926705,0.9967271,0.9909057,1.000738,0.9862729,0.97330105,0.98796564,0.9862858,0.9834543,0.9982953,0.9790103,0.97493196,0.9860034,0.9829347,0.98929054,0.98456556,0.98901546,0.98618,0.99739754,0.9540912,0.99328387,0.98016304,0.9882528,0.981318,0.9834137,0.9767804,0.9748586,0.9823422,0.9974008,0.99782586,0.9749008,0.98856837,0.96709806,1.0053009,0.99170196,1.0133474,0.9700327,0.9765427,0.96342534,0.9861938,0.9969969,0.9802681,0.9759507,0.97788125,0.98795444,0.97540843,0.98239744,0.99597216,0.97739,0.96077937,1.0006056,1.000172,0.9745672,0.9630837,0.96316797,0.9821639,0.99012935,0.9969057,0.9837673,0.9868954,0.9933244,0.9680016,0.9750647,0.98495144,0.98197323,0.9766708,1.0000572,0.99196315,0.9877585,0.9938569,0.97725934,0.9809777,0.9843756,0.98960596,1.0079459,0.9958627,1.0046291,0.9880816,1.0096778,0.99034077,0.97798455,1.0063192,0.9959292,0.98513466,0.9951563,0.9837281,0.9787337,0.96460897,0.9923602,1.0023775,0.9545234,0.985387,0.98654044,0.983818,0.9963378,0.975612,0.9898248,0.98495364,1.0041505,0.98468053,0.9946744,0.97698385,0.9905164,0.982342,0.99248093,0.9989867,0.9737943,0.9836962,0.97549,0.9811282,0.97016543,0.96624,0.99008596,1.0007443,0.9926974,0.9696028,0.98142856,0.9748864,0.9749756,0.9934964,0.9895518,0.9937982,0.98052114,0.9868739,0.97770137,0.9839764,0.9675558,1.01293,0.9821324,0.9898432,0.96445394,0.9785567,0.99005544,0.9806719,1.016362,0.97959685,0.98141044,0.99343747,0.97560847,1.0082592,0.9587351,0.97321355,0.9787291,0.9879056,0.98268026,0.99297357,0.9859182,0.9949176,0.99841523,0.98050797,0.987867,0.964598,0.9796584,0.9831828,0.98086923,0.95851165,0.9868925,0.98798513,0.99094933,0.98572797,0.986623,1.0003288,0.9735324,0.9871347,0.9836854,0.96464473,0.97839946,0.9837657,0.99764985,0.9686781,0.9866095,1.0004857,0.97586894,0.9891047,0.98503095,1.0062219,0.98158145,0.9772866,0.9746666,0.98855215,0.9767499,0.9862401,0.9907729,1.0014107,0.98493236,0.9945563,1.0035722,0.9889767,1.0135211,0.9765379,0.98466194,0.96476114,0.9948282,0.9696038,0.9948375,0.9870809,0.97848815,0.9721177,0.984463,0.9935885,0.98847294,0.9651417,0.9654363,0.99035996,0.9908703,0.9951024,1.0029802,0.9773656,0.9871859,0.9927979,0.9669077,0.99645406,0.9715042,0.99255633,1.0028231,0.977426,0.9879433,0.98780924,0.9944514,0.9815761,0.9930889,0.98799413,0.9935142,0.99785566,0.9942175,0.9946297,0.9830834,1.0062032,0.97774386,0.98084193,1.0005212,0.9745684,0.9744434,0.96552694,0.9899648,1.0212605,0.9664872,0.9998727,0.9982368,0.9928459,1.0028776,0.9777584,0.9844439,0.99332356,0.98017776,0.9890678,0.98370135,1.0084456,0.98036116,0.9747745,0.971897,0.97646004,0.97232145,0.97087616,0.98211896,0.98608845,1.0152997,0.97757417,0.9914671,0.9835156,0.981813,0.9802374,0.9807781,1.0090871,0.99515975,0.97703725,1.0112512,0.98767185,0.9906055,1.0084339,0.98368365,0.97478807,0.9980415,0.9852174,0.9921363,1.0087328,0.98922044,1.0091373,0.9918344,0.9794817,0.989542,0.9814021,1.0081308,0.97672606,0.9878868,0.9739425,0.9828859,0.9835839,0.98139393,0.9848068,0.96644926,0.9882882,0.989637,0.9976424,0.966432,0.9736011,1.0073838,0.9823541,0.9862303,0.97788537,0.99448144,0.9836068,0.9933015,0.97619855,0.9634283,0.97423697,0.98852867,0.99283946,0.99002254,0.98374814,0.9890461,0.99066824,0.99727523,0.98088443,0.97121274,0.9942529,0.9877768,0.98306936,0.9884765,0.98054814,0.9809595,0.9741938,0.96916246,0.9728177,0.98423225,0.97800386,1.0032402,0.99777055,0.98531157,0.9977456,0.97386515,0.96963286,0.98865205,0.9712695,0.99767953,0.9831012,0.972458,0.97597367,0.97580147,0.9910117,0.97460747,0.9844391,0.9946479,0.9969875,0.97887814,0.9999147,0.99218273,0.9759237,0.9900572,1.0001696,0.99975455,0.9650456,0.97572285,0.98318833,1.000208,0.97808033,0.9867075,0.98315185,0.9926294,0.98395276,0.99665487,0.98895806,0.98289466,0.9707138,0.9645801,0.990206,0.9829079,0.991447,0.97283036,0.98573375,0.9782957,0.9967792,0.9812413,0.97717094,0.9995433,0.97618026,0.96307087,0.98170394,0.98244727,0.9905289,0.97264105,0.9747539,0.9717343,0.9675903,0.9908573,0.98953116,1.001768,0.9785803,0.97315127,0.9642543,0.96688765,0.97958565,0.9967016,0.97465485,0.98227245,0.97336334,0.9793493,0.9601306,0.9926786,0.96949965,1.0029515,0.9983667,1.0081799,0.98083335,0.97431546,0.98066956,0.9796849,1.0002366,0.9827289,1.0027733,0.9969426,0.98199344,0.98471856,0.97969073,0.97690845,0.9753363,0.9870244,0.9867546,0.99658704,0.9785134,0.9860958,0.9837183,1.0117624,0.96552163,0.9856451,0.97082597,1.0044959,1.0222083,0.97746354,0.99246645,0.9790334,0.9854469,0.9796482,0.9654126,0.99466926,0.9754659,0.9816997,0.9822288,1.0089555,0.9751304,0.98229676,1.0024693,0.98633957,0.9849897,0.98919153,0.9812543,0.9751336,0.9812795,0.9882161,0.9694778,0.9824135,0.9849619,0.9943226,0.9979832,0.97016245,0.9763557,0.969683,0.9873148,1.0191702,0.9833735,0.98410517,1.0042859,0.9923004,0.97879744,0.97382957,0.99375653,0.9740514,0.9861588,0.9989021,0.9899614,0.9894507,0.9797487,0.9852196,0.9702463,0.99217355,0.99211884,0.96822155,0.9711425,0.99458236,0.9936728,0.99115396,0.9770902,0.9709132,0.9823126,0.97831595,0.9975108,0.9913042,0.98093116,0.955264,0.98850054,0.9886159,0.9918693,0.9785353,0.9885378,0.9926731,0.99379843,0.96645415,0.9832762,0.9750668,1.000279,1.0003898,0.9714169,0.98554397,0.9838784,0.979564,0.9950588,0.97083145,0.9959226,0.99048346,0.9969413,0.97888124,0.9865639,0.9779447,0.9822388,0.9883292,0.9826151,0.9716038,1.013509,0.9914783,0.9915231,0.9791157,0.993512,0.96326435,1.0100404,0.97834355,0.9606744,0.98609674,0.9996501,1.0016297,0.98864985,0.98347235,0.97548807,0.98169345,0.9916164,0.9564285,0.97756773,1.0002699,0.972111,0.995982,0.9856835,1.0022478,0.98511434,0.98106706,0.96931,0.98719037,0.98439497,0.97056115,0.963773,0.9883895,0.9603066,0.99657696,0.9765694,0.9980312,0.9841491,0.97546184,0.97621626,0.9903232,0.9845811,0.9941856,0.98626864,0.9880007,0.9776316,0.9741444,0.9752495,0.96917504,0.9789442,0.9785176,0.99729854,0.96009177,0.9681188,0.97203624,0.9660299,0.99153966,0.9936565,0.9724155,0.99390674,0.96970266,0.99221295,0.9773036,0.9880632,0.98863375,0.98481804,0.96901417,0.9837043,1.010121,0.9938269,0.98881435,0.9736297,0.9804801,0.98958373,0.9684651,1.0011415,0.9978688,0.97650295,0.9909559,1.0000895,0.98416173,0.9811222,0.972022,0.9858365,0.9689258
1.1986734,1.1828929,1.208385,1.2176386,1.1971358,1.1969547,1.2031261,1.2026267,1.1823673,1.2083553,1.2124429,1.2036687,1.2007413,1.2098396,1.184094,1.2070749,1.2063612,1.2114905,1.1967165,1.2058734,1.2148445,1.1970466,1.2030749,1.1998401,1.1836702,1.1933668,1.1915054,1.2068064,1.195793,1.1741867,1.2080401,1.1765825,1.2135288,1.1739924,1.2055907,1.2073407,1.200526,1.21386,1.2010293,1.1927159,1.2093599,1.208417,1.1988336,1.182493,1.2080343,1.208613,1.2033353,1.1917989,1.2060128,1.2098964,1.1993103,1.1759764,1.1942651,1.1769681,1.2044224,1.195632,1.2084239,1.1910613,1.196641,1.1882362,1.204423,1.1939366,1.2011722,1.1915413,1.1950274,1.1967653,1.197557,1.1859092,1.2142763,1.1761165,1.204674,1.1728983,1.1953274,1.2057866,1.1964653,1.21559,1.2101704,1.2041472,1.2112658,1.179349,1.1838477,1.1939218,1.2055459,1.1905999,1.1902187,1.1769985,1.2052803,1.201498,1.2032664,1.195585,1.2127662,1.2011501,1.1890813,1.2027737,1.218982,1.2209799,1.1983422,1.2141925,1.1895918,1.2168102,1.2127426,1.1944147,1.2007551,1.1945463,1.1842357,1.1893748,1.19959,1.1843003,1.1827931,1.1975474,1.1975721,1.1714033,1.1933563,1.2001655,1.204416,1.1982379,1.2250823,1.2083493,1.1719409,1.185551,1.1955659,1.2039665,1.1962532,1.1907703,1.189871,1.1846733,1.2125357,1.1854645,1.2093699,1.2002256,1.2027882,1.1816661,1.1858263,1.1878198,1.2081103,1.2041589,1.207735,1.1874,1.2131401,1.2265714,1.183569,1.1978179,1.1941322,1.2175732,1.1943672,1.2040769,1.1952362,1.1866986,1.1851814,1.1939712,1.1888472,1.1957519,1.1785138,1.2030971,1.2022653,1.2072269,1.2083932,1.1930414,1.2106782,1.1917486,1.197668,1.1921602,1.2024258,1.2086116,1.1858479,1.1853687,1.2175943,1.1932746,1.2077686,1.2041261,1.2035198,1.196241,1.1778579,1.1928514,1.1974802,1.224352,1.2068173,1.1786982,1.1826591,1.201427,1.2030476,1.1830565,1.1900212,1.1980968,1.1874117,1.2137105,1.1923236,1.2071742,1.2099998,1.2262975,1.1977221,1.182554,1.2073414,1.1795418,1.179628,1.199239,1.1832883,1.200108,1.1992784,1.2163422,1.2161593,1.210108,1.1955056,1.1993014,1.211893,1.1699852,1.181346,1.1758014,1.1842474,1.1946821,1.224325,1.1896521,1.2168114,1.2128477,1.1992179,1.1946641,1.1845752,1.1790279,1.2101353,1.1882353,1.1790619,1.2254096,1.2044024,1.198522,1.2076985,1.186768,1.1684763,1.1940482,1.2099603,1.1946281,1.1971946,1.2067153,1.1893889,1.2029505,1.1936934,1.1831056,1.2153718,1.2071934,1.2036986,1.20514,1.1847739,1.179651,1.2108237,1.2066741,1.1914421,1.197534,1.2012631,1.1971284,1.1991353,1.18445,1.1947503,1.2138387,1.1931874,1.2117755,1.1963643,1.2027053,1.2087116,1.1888498,1.1863518,1.2071257,1.2212845,1.1861167,1.197497,1.204742,1.2042692,1.2034245,1.2007408,1.1865853,1.1997954,1.1868591,1.2146938,1.1913161,1.213127,1.1993673,1.189613,1.2062838,1.2128195,1.1956944,1.1850913,1.208441,1.1823438,1.186989,1.1981611,1.2009629,1.1943752,1.1960993,1.2080945,1.2213142,1.2034546,1.1996152,1.1948985,1.1898351,1.1914505,1.1896706,1.2085164,1.204017,1.2078484,1.2016535,1.186182,1.1857134,1.1888801,1.2211171,1.2212714,1.195795,1.2082704,1.1953946,1.2040819,1.1964316,1.212032,1.2146671,1.1817718,1.1882524,1.1968489,1.2003224,1.2025018,1.1689008,1.1960648,1.1893556,1.2068341,1.1921915,1.2049282,1.2081916,1.190945,1.1806046,1.2089041,1.1984197,1.1994169,1.1985996,1.1978312,1.2065475,1.2017791,1.2042814,1.200734,1.2048105,1.1819298,1.1912423,1.2036316,1.2323316,1.2101572,1.2180209,1.2087272,1.2093109,1.2003185,1.1937872,1.1870329,1.1915568,1.2002026,1.1946948,1.1883442,1.1998223,1.2035838,1.2037851,1.1757995,1.2049956,1.1969594,1.198255,1.1950662,1.2049445,1.1975942,1.1945597,1.2017123,1.1824628,1.2157482,1.2231135,1.2030442,1.2069604,1.1990966,1.2185534,1.2077346,1.2127488,1.1918596,1.2077875,1.2026209,1.1944393,1.1826532,1.2214189,1.1918256,1.2079898,1.2035182,1.1715531,1.189806,1.1987909,1.2047048,1.19385,1.1841319,1.2175559,1.1816053,1.2017081,1.2049843,1.2060952,1.1900003,1.2122798,1.1761768,1.1938043,1.2107258,1.1773778,1.1953385,1.2134794,1.1874149,1.2124169,1.1990067,1.191231,1.2100486,1.1892949,1.2160869,1.197232,1.2023183,1.1923916,1.1962397,1.2092631,1.2061211,1.2035182,1.200132,1.2075974,1.2105238,1.1905861,1.2050118,1.1903626,1.163503,1.1985824,1.1758333,1.2011493,1.2092948,1.1962574,1.2091972,1.1940972,1.1867335,1.2018176,1.1826476,1.1906228,1.199189,1.1901271,1.1935458,1.1918241,1.200866,1.1995474,1.1958904,1.1948421,1.2117983,1.1943079,1.2025366,1.2089996,1.1864331,1.2090158,1.1872469,1.193018,1.2172571,1.2077603,1.1997567,1.2096398,1.1992911,1.1975313,1.1895113,1.201088,1.1967689,1.1946101,1.191816,1.1985812,1.1880528,1.1913311,1.201691,1.208731,1.1981984,1.1892256,1.2003231,1.2066588,1.176556,1.1941851,1.205866,1.192529,1.1981568,1.1915201,1.2159017,1.2189204,1.1959802,1.1957285,1.186075,1.1754265,1.2062715,1.1925757,1.2022384,1.2168416,1.1885138,1.1925372,1.1937621,1.1839361,1.1896107,1.2051365,1.2055202,1.1808362,1.1969013,1.2030585,1.1899098,1.1910135,1.1916956,1.2006601,1.1870654,1.2064826,1.2084403,1.1994797,1.1877303,1.2055985,1.2008014,1.1863511,1.1801884,1.2089297,1.2090869,1.2035655,1.2105128,1.1872265,1.1856257,1.2137917,1.2028018,1.183845,1.188904,1.20204,1.1916494,1.1848215,1.2177354,1.1754773,1.2220402,1.1901343,1.2121462,1.1879642,1.1935031,1.1965376,1.1859735,1.1739951,1.1787643,1.2033826,1.1977451,1.2057427,1.2053059,1.1920435,1.195064,1.2094586,1.1898339,1.2084962,1.1905077,1.2075819,1.1743038,1.2087749,1.1976204,1.1790967,1.1999342,1.2091303,1.1928034,1.1990612,1.1926606,1.1899984,1.2256246,1.1922112,1.1915592,1.1948978,1.1947547,1.1909825,1.211527,1.2037965,1.1860819,1.1994985,1.2184358,1.1900322,1.1904205,1.1996039,1.1835502,1.2166917,1.1870649,1.2113743,1.2008277,1.2042031,1.210167,1.2079837,1.189296,1.2162639,1.188051,1.1971514,1.213271,1.2044053,1.2136699,1.2210225,1.1866102,1.1957983,1.193325,1.1983421,1.2125752,1.2078718,1.1952168,1.1808996,1.1978723,1.1922381,1.1841105,1.2221799,1.191606,1.1821282,1.1770073,1.2055715,1.170095,1.198772,1.1978117,1.2083459,1.1975126,1.2013315,1.1978904,1.2086219,1.1798202,1.195983,1.1998729,1.1873901,1.2006574,1.1801238,1.2323235,1.1862061,1.1866401,1.1985375,1.2141047,1.1745307,1.206094,1.1972818,1.1963555,1.2005535,1.205599,1.2271596,1.1943979,1.1797836,1.1960332,1.1999991,1.2005914,1.1777853,1.2185847,1.1954296,1.183202,1.1954852,1.2007104,1.2027613,1.2140832,1.1968693,1.1928005,1.1884959,1.206426,1.1977144,1.2217141,1.2015404,1.1906223,1.1829588,1.1976478,1.1895467,1.2158301,1.1798749,1.1886516,1.1941094,1.2129904,1.1744848,1.1810343,1.1747034,1.2082833,1.1972522,1.2011049,1.2258061,1.1958965,1.202202,1.2133353,1.2071644,1.1927296,1.2044657,1.1958858,1.2013593,1.1998514,1.210024,1.1959943,1.2011368,1.1985508,1.1932825,1.2020811,1.2074776,1.2073812,1.2148577,1.2063131,1.1950179,1.1838425,1.2043753,1.182514,1.1807936,1.1657737,1.1816995,1.1821841,1.1916138,1.2056648,1.1807947,1.2139288,1.1874009,1.1983752,1.198606,1.2038819,1.20434,1.1933712,1.2078506,1.1845794,1.1831206,1.1624486,1.2093284,1.2064514,1.198425,1.2018892,1.1949086,1.2182107,1.1936641,1.2031856,1.1883677,1.2037809,1.2115891,1.1810067,1.1970202,1.2011875,1.2043008,1.2027442,1.192978,1.1742284,1.2099826,1.1954701,1.213746,1.1854433,1.2087504,1.1957045,1.2059783,1.1723834,1.1954746,1.188232,1.194268,1.1966399,1.193646,1.2028044,1.1890302,1.2061607,1.199691,1.1906794,1.2036302,1.1933569,1.1968728,1.2006613,1.2241701,1.1781867,1.19741,1.2028159,1.2225194,1.2031631,1.2107751,1.1914166,1.2109187,1.1934319,1.1858685,1.2049744,1.1934695,1.1894722,1.1989747,1.1982658,1.2033662,1.2092376,1.1974323,1.1900804,1.1938217,1.2101706,1.173408,1.1884571,1.1874663,1.1827309,1.199963,1.1834521,1.1935089,1.1846758,1.2167703,1.1880614,1.1826785,1.1848162,1.188412,1.195994,1.203436,1.2057335,1.1945012,1.2200241,1.1799467,1.1897717,1.2060806,1.1844512,1.1882274,1.2106614,1.1993815,1.1974686,1.2063664,1.2105443,1.1773635,1.1889062,1.1963419,1.202352,1.2104089,1.1834079,1.1884843,1.1934146,1.1810709,1.2030504,1.1940039,1.2023679,1.2024385,1.1583977,1.1915028,1.2198747,1.1914568,1.2158842,1.171843,1.2106905,1.20771,1.1996905,1.2118199,1.2003953,1.1822578,1.2176207,1.2111968,1.2101711,1.1989996,1.1886048,1.2183897,1.1909982,1.2042034,1.2083998,1.178282,1.1939516,1.1904029,1.1860498,1.192696,1.2014755,1.1971086,1.2106245,1.1860163,1.2090417,1.1926439,1.2013183,1.1977566,1.1963035,1.1974797,1.1912353,1.2002946,1.2153964,1.2017075,1.1849976,1.1970934,1.191112,1.2040973,1.2072613,1.2189009,1.1972458,1.193212,1.1868374,1.2026923,1.2008791,1.2041665,1.1815014,1.1850364,1.2087206,1.2227819,1.2033415,1.1964384,1.2060652,1.207909,1.2098639,1.1939688,1.1996676,1.1999075,1.1927335,1.19697,1.1966558,1.2071782,1.215579,1.2136787,1.1927563,1.1961198,1.192937,1.1824173,1.2059736,1.1898826,1.2050892,1.1997799,1.185229,1.1853105,1.2017399,1.1860747,1.2125751,1.1951841,1.1903987,1.2008622,1.1883559,1.1970485,1.2155963,1.1940184,1.2024342,1.1920593,1.2026428,1.205069,1.2035055,1.1923562,1.1909387,1.2041959,1.2191298,1.1984457,1.2067586,1.195822,1.2079442,1.1949296,1.2011197,1.1823562,1.1934463,1.2136784,1.2134594,1.1852472,1.2010508,1.183904,1.2042254,1.1841936,1.196235,1.1903572,1.2016041,1.1821966,1.2135439,1.2001287,1.1949061,1.2068732,1.2084123,1.1902297,1.1803712,1.1892959,1.2101481,1.2064499,1.1754999,1.1997234,1.1902262,1.2008852,1.1822495,1.1957211,1.1940682,1.2113538,1.1976115,1.20922,1.1974133,1.1714996,1.2074223,1.1997598,1.2078519,1.2152389,1.2081876,1.1836904,1.2087252,1.1911013,1.1926278,1.2089466,1.1894501,1.1890677,1.1986744,1.1979169,1.2128865,1.2100863,1.1693655,1.198671,1.2044104,1.2128313,1.2033184,1.1897962,1.1966608,1.2016231,1.2082129,1.1975443,1.1952474,1.191982,1.169236,1.1818961,1.2265517,1.1997479,1.2169181,1.1921918,1.2030224,1.2144783,1.1904607,1.1830033,1.1915637,1.1943475,1.2031267,1.180946,1.1926409,1.2051662,1.2044042,1.1985137,1.196511,1.2123662,1.1853944,1.2129111,1.203741,1.187679,1.1921177,1.2200052,1.204505,1.1987262,1.1776364,1.1897879
0.075472504,0.07612213,0.04694301,0.057072137,0.060955185,0.060626216,0.07080253,0.05664319,0.055417363,0.06247851,0.049704958,0.052637123,0.05742315,0.03208092,0.044628806,0.052840598,0.06052497,0.0766239,0.06823005,0.072414465,0.047870535,0.058174998,0.049346626,0.05596394,0.057786588,0.063388586,0.056245673,0.043295115,0.060635783,0.067435,0.060129356,0.045007974,0.07446915,0.028886281,0.061214227,0.061245244,0.057472307,0.06931027,0.039687183,0.07817499,0.069976695,0.060506996,0.05121234,0.05806955,0.051980168,0.0628499,0.072820395,0.035450235,0.05421749,0.05589,0.051976494,0.03897685,0.06161373,0.06405884,0.058355622,0.056785803,0.043898627,0.06648134,0.05663698,0.053716734,0.06435616,0.06438182,0.059507363,0.05739769,0.06364829,0.022210572,0.053259846,0.068046354,0.07454246,0.048676405,0.03949226,0.07950038,0.055992495,0.06437264,0.059667632,0.03430109,0.041451182,0.07166782,0.060005944,0.07261771,0.04259828,0.06812069,0.059594583,0.065047525,0.064211965,0.045193564,0.05013407,0.04825514,0.07145229,0.03911813,0.055421907,0.06529579,0.06360193,0.05299334,0.06352012,0.046911232,0.051265303,0.063786596,0.04860264,0.0478029,0.045795057,0.054765277,0.05860663,0.06835671,0.05989203,0.06934299,0.043316472,0.05072161,0.028938275,0.060162816,0.054060005,0.055952884,0.06594367,0.0508931,0.0646549,0.05504412,0.03537023,0.060123354,0.06131853,0.06350449,0.07216826,0.045660734,0.046954885,0.063743144,0.046983898,0.055284813,0.07161151,0.065302975,0.04486735,0.052408457,0.05609014,0.055281896,0.06574278,0.060314335,0.0637626,0.056595307,0.040566474,0.066988155,0.041947864,0.06671958,0.0562975,0.048440594,0.061334968,0.05961494,0.06875655,0.057850182,0.051268924,0.04671671,0.06822499,0.08183117,0.068748415,0.054390624,0.039178085,0.06950883,0.043106176,0.04663795,0.061765138,0.03581451,0.06103465,0.058017965,0.052748825,0.04181211,0.050529346,0.06374046,0.06558527,0.05830346,0.045938462,0.04952915,0.05993657,0.04374113,0.061165594,0.046531115,0.057202786,0.05614021,0.073457465,0.051357236,0.058595758,0.07207338,0.06439272,0.04746026,0.047962166,0.062603995,0.0530487,0.061575435,0.06491846,0.07202351,0.044642463,0.04754759,0.06014509,0.056817714,0.07171105,0.04037588,0.050938506,0.045157745,0.048703805,0.065446846,0.07245849,0.058416348,0.050131258,0.060231574,0.047838468,0.0639357,0.06139213,0.053805772,0.04845407,0.048692737,0.06825079,0.057820708,0.03988181,0.056441415,0.05757153,0.062190708,0.061719097,0.056159295,0.057832427,0.04241629,0.05744514,0.04050709,0.064531386,0.05499813,0.062343895,0.07523892,0.06265813,0.03725741,0.052633327,0.06352781,0.05232254,0.06780179,0.0638503,0.056923866,0.06341083,0.045283753,0.049839757,0.03781154,0.060167745,0.07774361,0.07321066,0.052659575,0.059272386,0.05583402,0.061644103,0.059904136,0.049471144,0.041460335,0.07849279,0.056407906,0.05055371,0.041114587,0.04698073,0.041798096,0.059679955,0.054855585,0.052988473,0.061382726,0.05236706,0.04243558,0.071207225,0.06756194,0.081744835,0.051542196,0.05301915,0.07363725,0.068462625,0.046893425,0.058344938,0.048262697,0.038294397,0.047571354,0.03738479,0.04998037,0.043821827,0.061240565,0.035591803,0.07326873,0.05970743,0.04467498,0.044914782,0.03557921,0.043010566,0.05787469,0.05031841,0.072624885,0.07085039,0.047369458,0.06850092,0.05148797,0.0644567,0.05700426,0.052991297,0.060874697,0.06019924,0.06325386,0.057008516,0.057051186,0.049092524,0.058428057,0.06380075,0.06077619,0.055586588,0.06253813,0.057736307,0.06755027,0.053091057,0.056030925,0.049912058,0.056118537,0.048849124,0.059525013,0.048872642,0.027404193,0.048887614,0.04526404,0.04758663,0.042134926,0.0387002,0.04516417,0.063844524,0.04730248,0.07398263,0.047003727,0.06962717,0.045916203,0.06077404,0.050914966,0.048764195,0.04630698,0.04526908,0.060214724,0.05915102,0.060496643,0.042665653,0.059662756,0.055863596,0.048452113,0.05567155,0.039312366,0.059087876,0.049152043,0.049540993,0.038804986,0.06331784,0.053634364,0.07097982,0.058677223,0.056547996,0.05021237,0.060509715,0.052089337,0.04336634,0.054576978,0.06611501,0.05438486,0.059437256,0.07479356,0.06577879,0.04788945,0.06950946,0.062223896,0.05595511,0.05940664,0.06066153,0.04872627,0.041864786,0.057355125,0.057633366,0.06263182,0.05272809,0.059724603,0.036654636,0.042912025,0.060163334,0.049831912,0.05607753,0.048326194,0.049568117,0.064118564,0.06612238,0.051398724,0.06777614,0.055885527,0.039793584,0.06995741,0.07178618,0.038155403,0.06303832,0.054820433,0.06406515,0.07100232,0.035224468,0.056097783,0.059327345,0.053829577,0.05103835,0.04199657,0.061995175,0.05922806,0.04927106,0.06232767,0.035400268,0.056425724,0.053542327,0.074908294,0.051894758,0.058282495,0.074708745,0.049639586,0.0721163,0.056164756,0.058888827,0.044921696,0.046851195,0.07099348,0.036034405,0.055331856,0.053298473,0.063703015,0.064466596,0.06659798,0.07293199,0.03861542,0.060769126,0.06137493,0.070595615,0.0636921,0.052328758,0.07289067,0.0511838,0.069537565,0.053911816,0.037181523,0.042230565,0.06260317,0.08569905,0.057288628,0.063212246,0.057238877,0.05545404,0.057356887,0.055411614,0.046799786,0.056683827,0.035444107,0.05963528,0.065126374,0.053592995,0.058744572,0.042148214,0.056007665,0.069642946,0.054214895,0.04798997,0.071133,0.049208526,0.059484508,0.041278545,0.05965028,0.04671337,0.057137292,0.05909822,0.03892639,0.034792792,0.04761194,0.05004649,0.06223479,0.031381078,0.06835255,0.063147515,0.07087089,0.057266824,0.051963862,0.06664091,0.07046813,0.060391016,0.07638309,0.07021612,0.05271206,0.060871236,0.06185902,0.056345616,0.05876005,0.062690556,0.05011206,0.058210567,0.071992084,0.064961635,0.057330858,0.047275443,0.0439828,0.06725015,0.050571587,0.05785248,0.050790396,0.07342079,0.06405775,0.06415585,0.046649624,0.055944923,0.03787719,0.06110803,0.04192699,0.07177575,0.037279475,0.0789439,0.048697177,0.07778087,0.03588843,0.06899494,0.047830015,0.056394033,0.04351855,0.04892229,0.057588436,0.055805612,0.053886067,0.037969775,0.051400214,0.03807464,0.039033514,0.0550642,0.07875556,0.051016293,0.057405934,0.06939292,0.050487757,0.04428503,0.05262608,0.04852634,0.060059343,0.07575819,0.04877869,0.061002705,0.042105347,0.04470338,0.06473855,0.025154583,0.07049121,0.06040414,0.06306615,0.053444244,0.052224074,0.042410385,0.05699787,0.04964961,0.050070845,0.05790539,0.06873855,0.048067074,0.043956768,0.05916662,0.05322095,0.053921998,0.068446144,0.045665644,0.0737513,0.034013957,0.03836452,0.03807105,0.057853032,0.04584103,0.0774008,0.052672375,0.056238625,0.07132025,0.035011306,0.04275399,0.042853966,0.02959264,0.0512071,0.06648756,0.062496316,0.066404015,0.0602281,0.052687924,0.05571635,0.052899648,0.06630018,0.0487764,0.045310207,0.048905585,0.051811174,0.05255465,0.052143995,0.040937856,0.03717919,0.06762262,0.068492584,0.061178174,0.057470452,0.041003313,0.03681029,0.05690686,0.054694373,0.06400467,0.05960235,0.046505805,0.06302702,0.066082954,0.06603661,0.06087626,0.05370648,0.059278432,0.042381216,0.06437812,0.063641906,0.05755118,0.077523805,0.06286711,0.06850333,0.07151226,0.058633186,0.054386847,0.05504105,0.062658444,0.055096608,0.051397018,0.046026774,0.06041846,0.05875538,0.06630008,0.050907243,0.043890677,0.07640831,0.04961434,0.05785395,0.067563266,0.060230386,0.0678192,0.058479495,0.054912645,0.048543505,0.06268181,0.043800842,0.068658434,0.056830984,0.061973173,0.044619687,0.05396827,0.0753217,0.07874185,0.047537155,0.04540367,0.053022128,0.04882806,0.05543336,0.035679787,0.048898723,0.047123604,0.058277708,0.06235716,0.05946767,0.03564069,0.043791793,0.056314707,0.067137696,0.047269687,0.048216794,0.038786713,0.05360704,0.042572197,0.06201566,0.090716854,0.08362988,0.05641435,0.055564575,0.054188643,0.057019144,0.04925514,0.039711054,0.040867593,0.06268394,0.03414487,0.05835166,0.05563302,0.051159974,0.050542995,0.049337637,0.040260244,0.05926717,0.06302038,0.069710165,0.05828174,0.053421024,0.046705358,0.071615696,0.060517848,0.05883475,0.054878965,0.06680726,0.053109065,0.044475686,0.06560476,0.053381182,0.057611737,0.053895377,0.056124747,0.054832246,0.040234018,0.07208402,0.048362054,0.056612004,0.06049684,0.04938121,0.060152814,0.061586376,0.037193075,0.06716141,0.06951637,0.049004003,0.07318274,0.06618652,0.058348067,0.0500786,0.07543911,0.06578831,0.060735267,0.051115654,0.067381024,0.060885955,0.04481038,0.05465883,0.062239822,0.054778457,0.052050997,0.05240305,0.062022094,0.0755163,0.057410177,0.056118663,0.066136464,0.04815709,0.062071152,0.053774968,0.059751175,0.051227067,0.07532354,0.045392666,0.05999114,0.052489955,0.060110442,0.040143654,0.06776312,0.0733412,0.06117406,0.059347346,0.06526031,0.06850414,0.056086294,0.057615664,0.061081577,0.061229788,0.041648716,0.048389122,0.052698255,0.05127121,0.051631313,0.050661568,0.04427658,0.04718019,0.059616808,0.041897412,0.045871187,0.07476893,0.03918526,0.07393345,0.055347513,0.046750985,0.06756477,0.06945192,0.033569258,0.05653019,0.069365464,0.070186384,0.041140825,0.049174834,0.03876486,0.045060303,0.049393374,0.05435412,0.059433483,0.0523859,0.0628109,0.07444608,0.052279186,0.06407529,0.06308484,0.06043866,0.023007944,0.06447607,0.068850785,0.04916597,0.030977778,0.058643058,0.0636681,0.065349266,0.06059225,0.06907656,0.04170646,0.06091394,0.057494737,0.08376353,0.066091545,0.064099476,0.06469168,0.056118775,0.06733244,0.064979196,0.055301204,0.06435178,0.07061382,0.07344967,0.03403198,0.057682645,0.052896082,0.050278917,0.07722801,0.030429833,0.07291742,0.04720558,0.047565695,0.054610416,0.06691654,0.06477408,0.057341564,0.07207452,0.045939945,0.039112303,0.07163328,0.056647204,0.08021587,0.047041,0.057549134,0.06283264,0.045408417,0.059368495,0.058918722,0.053728063,0.0538189,0.064982146,0.046101894,0.057874497,0.065879285,0.06627147,0.03863801,0.065344796,0.069596335,0.069064975,0.048843753,0.040412463,0.06805417,0.0637633,0.058220115,0.05468362,0.054427695,0.04504737,0.06875086,0.04454925,0.053752735,0.06353444,0.03710706,0.05666701,0.071231365,0.058883816,0.059737276,0.065308414,0.063787654,0.035451278,0.0479972,0.07277322,0.05643935,0.048299804,0.040280264,0.079743356,0.062174704,0.05721991,0.06704176,0.046241894,0.064711586,0.052727308,0.0527715,0.07040864,0.048136845,0.054267853,0.050703973,0.042299207,0.05066627,0.0570757,0.050636627,0.041710265,0.07168267,0.038153686,0.050377246,0.061379604,0.059318215,0.090372555,0.06818735,0.0715682,0.042999435,0.058439657,0.06316815,0.065689236,0.05786462,0.05999792,0.05095485,0.06826027,0.040841736,0.055946946,0.064657405,0.06893631,0.067812555,0.07009734,0.05797378,0.06378196,0.052634016,0.068793714,0.06868791,0.034973335,0.05472854,0.051755253,0.061341118,0.06755978,0.06458839,0.036873948,0.06974405,0.022254001,0.05145659,0.065016404,0.06588681,0.05579611,0.04051048,0.048471928,0.047640625,0.050016005,0.06710069,0.063871995,0.06700734,0.052340932,0.04851925,0.06435469,0.05728226,0.031432495,0.032453254,0.03790024,0.054681145,0.054589868,0.057568647,0.043543953,0.039274856,0.045469142,0.04118826,0.050285004,0.07085481,0.05405072,0.034069918,0.058087792,0.056326795,0.0587727,0.05393187,0.04746359,0.059848137,0.073468596,0.047910143,0.036625367,0.051595293,0.048569787,0.044530217,0.03327083,0.06619279,0.048532344,0.056903847,0.047293823,0.048907008,0.05866771,0.061847948,0.043142658,0.06375249,0.05810201,0.06813416,0.06927916,0.050587136,0.049645904,0.030420974,0.05187592,0.046792552,0.071940035,0.057011247,0.0604689,0.054909077,0.065147184,0.07294032,0.0361412,0.044873253,0.05777179,0.050955024,0.0531562,0.03956651,0.06108908,0.055008348,0.056647416,0.06293745,0.07051577
