0.40886712,0.41095966,0.42615217,0.4288215,0.42776322,0.40530464,0.41791844,0.4039731,0.4245894,0.41487187,0.42204368,0.41668883,0.3893182,0.41193822,0.4099242,0.41528168,0.3995995,0.41503367,0.40593466,0.40019074,0.41551113,0.4034077,0.40201166,0.42191842,0.3952098,0.40969083,0.41314405,0.42478123,0.4069416,0.4160568,0.39781785,0.4013634,0.41215768,0.4104974,0.40195447,0.40010893,0.4199528,0.40384442,0.39647934,0.42319387,0.4116054,0.40860382,0.4192141,0.40443712,0.4152533,0.41819143,0.41757107,0.4365333,0.40890366,0.41107318,0.42435327,0.4101816,0.4037747,0.40393442,0.41073257,0.4248696,0.4035666,0.4330859,0.4214551,0.39986956,0.40820587,0.40652373,0.40450266,0.4124403,0.40941945,0.39877787,0.39613923,0.41711774,0.42790204,0.4261672,0.42094457,0.4055055,0.41201663,0.41913468,0.4098883,0.40129083,0.40762556,0.3920427,0.41564783,0.3900744,0.41174144,0.41914713,0.42483163,0.4249726,0.42541325,0.3957942,0.38611037,0.40312225,0.41008833,0.39767453,0.41266268,0.43314335,0.40650997,0.4232681,0.41379437,0.43003902,0.43759912,0.43073428,0.41354328,0.41545042,0.42074874,0.4185315,0.40234783,0.4153814,0.40312934,0.40073243,0.40656114,0.4157999,0.4188451,0.40749684,0.39617425,0.414081,0.4048441,0.40926933,0.4058768,0.39970803,0.4129566,0.396058,0.38866878,0.4089351,0.40515834,0.41146448,0.40967602,0.41450727,0.42310372,0.41773963,0.40181306,0.41003034,0.41497368,0.4191181,0.39371234,0.4004718,0.413549,0.40277612,0.40107828,0.40061656,0.4250368,0.4332408,0.418943,0.40085706,0.39923924,0.41285005,0.41691488,0.41811198,0.40857998,0.4223523,0.4206511,0.41980562,0.38624308,0.4190788,0.39920554,0.3993128,0.416953,0.39654112,0.40417376,0.42289808,0.4020239,0.41391128,0.4055879,0.39710423,0.4119117,0.41929197,0.40616035,0.41857362,0.4270026,0.40653092,0.4248785,0.40491384,0.41515157,0.3985905,0.4140329,0.40912518,0.4206116,0.4072176,0.4124459,0.4254174,0.40197968,0.40923852,0.41460192,0.41249973,0.42588773,0.416104,0.4020937,0.41246656,0.4094407,0.39731085,0.40443036,0.41374716,0.41453752,0.39680734,0.41912985,0.40998673,0.41335693,0.41006613,0.415926,0.4390691,0.41215348,0.41478774,0.40651652,0.39174485,0.41295362,0.41558313,0.4012255,0.40788892,0.41797194,0.42336276,0.42147282,0.4050775,0.39673966,0.39729282,0.41486087,0.4151468,0.42734054,0.4228039,0.40494466,0.41354114,0.40640318,0.3997584,0.40891874,0.425726,0.40968516,0.42056498,0.43069947,0.40207523,0.40943837,0.41799968,0.40718362,0.42158973,0.41268322,0.4071084,0.40013373,0.41290998,0.40878063,0.41202295,0.3928569,0.42691463,0.3998267,0.42803192,0.40760297,0.42949712,0.39716792,0.42801046,0.4071552,0.39922035,0.41226733,0.40658683,0.41231486,0.41991815,0.40387332,0.4057322,0.42924696,0.4067453,0.42664984,0.42202806,0.4186424,0.42454988,0.39621758,0.41697934,0.39989895,0.42599693,0.42285645,0.41851026,0.4124323,0.41128087,0.41270438,0.41164902,0.40974712,0.41445333,0.41907036,0.40637657,0.41009146,0.40009734,0.4063162,0.42474648,0.41730884,0.40444124,0.41068065,0.39325824,0.40554783,0.41796058,0.41185352,0.4183696,0.41149592,0.40234298,0.4015118,0.4163418,0.41827285,0.4234478,0.41007572,0.41664693,0.39811397,0.4154388,0.41307834,0.41848454,0.42118382,0.41994956,0.41534224,0.40908822,0.40675387,0.42418408,0.41260737,0.3978156,0.4079907,0.42554668,0.39823943,0.41132966,0.42802486,0.41241288,0.41628653,0.40401086,0.39548624,0.40357494,0.39889368,0.41589898,0.4081472,0.41082302,0.4271888,0.40495685,0.41624418,0.41331205,0.4017925,0.40420377,0.40482378,0.4264806,0.41531184,0.4196632,0.4269055,0.40576458,0.41343886,0.4180004,0.39177534,0.41414052,0.41733673,0.41462424,0.41107142,0.40373608,0.42524865,0.39810857,0.40495175,0.42399454,0.41893035,0.42083484,0.41791496,0.41109642,0.4206881,0.4174516,0.42036712,0.4174018,0.41480342,0.40839633,0.42215922,0.39813852,0.41456407,0.4047112,0.41312984,0.4245011,0.4075356,0.4191763,0.39517966,0.40505686,0.40438855,0.42590132,0.4164417,0.42413387,0.41954473,0.43313432,0.40577233,0.41860396,0.40656847,0.41466165,0.3957359,0.4187908,0.41187832,0.41477212,0.41250518,0.4039094,0.39454627,0.42422083,0.41568485,0.41392705,0.39538825,0.42337364,0.4076576,0.4116151,0.42325637,0.41467017,0.40804666,0.40423483,0.4138605,0.408385,0.39521444,0.40965453,0.41624367,0.41887382,0.4016056,0.40097365,0.39955193,0.41702962,0.41073948,0.42346188,0.41895875,0.40776145,0.41449845,0.41548753,0.4101693,0.41115028,0.4116126,0.4057759,0.40500474,0.4215628,0.40616494,0.4022901,0.40394685,0.4205781,0.4117946,0.42013636,0.4061377,0.40293407,0.40789843,0.4068836,0.427983,0.4242789,0.39905706,0.41180366,0.41021487,0.4045162,0.39857015,0.4082741,0.41088948,0.42733845,0.41994086,0.39852285,0.39924642,0.41259247,0.4231293,0.40588498,0.4129785,0.40121287,0.3966384,0.41341478,0.40848458,0.4006673,0.41188967,0.41255224,0.41102675,0.41491598,0.4101003,0.40993026,0.40438038,0.41306013,0.41297126,0.41327143,0.41390145,0.4184746,0.41927862,0.41520956,0.41640124,0.4163548,0.4102255,0.4016315,0.39881313,0.4137952,0.40803632,0.3958006,0.41230965,0.40408447,0.40163866,0.40793696,0.41353932,0.41206083,0.4033411,0.40460283,0.40682185,0.41361204,0.4250134,0.42376292,0.40003276,0.41662413,0.40684164,0.404669,0.40754348,0.41151807,0.41669726,0.4098102,0.40033177,0.41276246,0.4173085,0.41465572,0.41920006,0.42054534,0.40157583,0.39651585,0.41860068,0.41984516,0.42419958,0.4094321,0.42575467,0.4115418,0.42420524,0.39965084,0.4291383,0.40821058,0.41351712,0.40999076,0.4142908,0.41562268,0.4290124,0.4186953,0.404139,0.409285,0.41325042,0.40387595,0.39317474,0.4269329,0.4307794,0.40588054,0.40457073,0.42054763,0.40314698,0.43549067,0.4157448,0.40580657,0.40923205,0.41895345,0.4075794,0.41645718,0.42450938,0.40397027,0.41573516,0.41925243,0.42084688,0.39953604,0.41699404,0.41685596,0.4276401,0.39650744,0.4031422,0.39746225,0.42060885,0.42287868,0.4135173,0.41751084,0.40310478,0.40831405,0.40734798,0.41329905,0.38055444,0.42532054,0.41162297,0.42843938,0.4124509,0.4158522,0.38709915,0.4030867,0.40599445,0.40605706,0.42219624,0.40500188,0.41081506,0.40712994,0.39625147,0.4145725,0.41310668,0.4097529,0.402678,0.40948996,0.40136597,0.40998107,0.40493715,0.4051685,0.42455307,0.40480202,0.41018417,0.40387002,0.40826297,0.40239295,0.40298918,0.41724652,0.4055166,0.41582528,0.41247568,0.39832738,0.41535372,0.40441236,0.40980345,0.41249406,0.42848435,0.4131743,0.41388828,0.40779522,0.41233292,0.40572786,0.4317038,0.4203051,0.40886128,0.40282935,0.4035194,0.40597656,0.40512478,0.40826827,0.39929485,0.40134776,0.40543014,0.41727066,0.4132422,0.4185248,0.41351596,0.42030674,0.42923367,0.4178913,0.418135,0.40296218,0.40855107,0.41376716,0.4231528,0.41735125,0.4000144,0.3975488,0.40807617,0.4177628,0.40418473,0.39530966,0.401871,0.40740162,0.4164167,0.40739945,0.40975362,0.40315446,0.41890147,0.42406183,0.40840107,0.42457345,0.42664394,0.4144395,0.43006104,0.40583313,0.40980247,0.4229285,0.42130324,0.4191819,0.40244964,0.40571314,0.40984392,0.42086992,0.41297024,0.4162988,0.42202857,0.42077702,0.4055416,0.43747714,0.41507563,0.419722,0.41090137,0.41232774,0.3975164,0.41313934,0.41512135,0.40711674,0.39939666,0.42318654,0.41322768,0.4045624,0.40135202,0.4140695,0.41485003,0.41347143,0.40488157,0.41054958,0.42648613,0.40850177,0.4041858,0.41713744,0.40380067,0.4026408,0.40309548,0.42154384,0.41814238,0.4271563,0.41459078,0.40841672,0.40440014,0.4067009,0.40151006,0.41776976,0.41166434,0.42819247,0.40682557,0.39677334,0.41162524,0.41338187,0.4082163,0.42360073,0.40655214,0.3987634,0.40679482,0.41993958,0.41114587,0.4036135,0.41761765,0.4064723,0.3972208,0.40287495,0.39655292,0.4214821,0.4073578,0.40620285,0.40075564,0.41292793,0.4127474,0.39483607,0.4181339,0.40881816,0.41505218,0.40921792,0.3904287,0.4169588,0.42514905,0.426402,0.41826716,0.39376214,0.4165636,0.41093102,0.41720802,0.4111765,0.39793253,0.4017512,0.40489873,0.41693816,0.42748883,0.4280519,0.39630118,0.4091546,0.40837348,0.38588375,0.39959782,0.40861878,0.41199732,0.3942295,0.40718043,0.41745016,0.4108965,0.40660352,0.4102581,0.41198808,0.40554407,0.412529,0.4030925,0.40112317,0.3966651,0.41221282,0.42042983,0.40633494,0.413322,0.41333818,0.42322493,0.4104252,0.41441828,0.4032627,0.41538674,0.41150182,0.403251,0.4199286,0.4057675,0.4059086,0.40833417,0.40238816,0.40199676,0.39194474,0.40265304,0.41409346,0.41914657,0.3964915,0.40802416,0.42402267,0.41565627,0.40376556,0.40927428,0.40852046,0.42687413,0.40378278,0.41051912,0.4071228,0.4153434,0.40547383,0.41396093,0.40631795,0.41630128,0.4066576,0.40701368,0.40935063,0.4129985,0.42216766,0.41818213,0.40727195,0.40624398,0.40916193,0.40567267,0.39792046,0.41798878,0.39441672,0.41438892,0.3952341,0.40261006,0.42100534,0.3962706,0.419548,0.41781405,0.40700358,0.3998615,0.3919015,0.40872595,0.41982663,0.40112126,0.42858154,0.41730654,0.41277283,0.4130105,0.4096459,0.3973306,0.40119857,0.41176254,0.40940765,0.4155072,0.41016915,0.407438,0.41858038,0.4229856,0.419015,0.4111758,0.42073423,0.4119851,0.40526837,0.40917924,0.42164287,0.42498094,0.39938918,0.4023414,0.40257496,0.40597618,0.40704006,0.39992595,0.42891046,0.4207605,0.40647656,0.41824427,0.42077312,0.41726226,0.4115072,0.4096177,0.42074507,0.42193222,0.4101954,0.40713888,0.4103838,0.4248324,0.42355168,0.41562238,0.4150772,0.41530702,0.40912127,0.42433158,0.41118732,0.42639652,0.4097801,0.4129022,0.4019564,0.41249812,0.42886502,0.40583935,0.41114873,0.3965591,0.40140054,0.42365202,0.4292857,0.41087526,0.40600717,0.40836617,0.40532076,0.40242246,0.41188148,0.40895632,0.40966043,0.40173045,0.38638628,0.40700692,0.38864315,0.40343377,0.4161668,0.40552014,0.41975728,0.41090703,0.41360864,0.41916212,0.40200546,0.40215316,0.41802478,0.4109848,0.38777348,0.41525343,0.41108143,0.4035656,0.39759243,0.40868995,0.40368766,0.4122828,0.41134086,0.41959903,0.4102073,0.40165475,0.42306733,0.4044346,0.4107568,0.4236845,0.4067698,0.41705644,0.3931772,0.40094948,0.4196614,0.4008631,0.40140715,0.4108141,0.42980042,0.4173885,0.39760256,0.42617282,0.398373,0.40812823,0.41792166,0.40870303,0.41621584,0.40814754,0.38479382,0.420227,0.4238062,0.403446,0.41921026,0.42971486,0.41266426,0.38913077,0.3995195,0.42713574,0.42316964,0.40567955,0.40567583,0.4225898,0.41405037,0.4059313,0.4078099,0.40525654,0.3959188,0.42178908,0.41602516,0.42260307,0.4217433,0.4141222,0.4044708,0.42394632,0.41072497,0.40829498,0.39537632,0.41353035,0.41700462,0.42519522,0.42885965,0.41594008,0.41309416,0.3991719,0.4009045,0.4043368,0.4040872,0.43249476,0.40920693,0.41565403,0.41927072,0.42071456,0.4275868,0.42404914,0.40864468,0.4196167,0.41710952,0.40429154,0.41528615,0.41961098,0.41010582,0.3977197,0.40950197,0.42176634,0.3931641,0.41041124,0.4060844,0.39701477,0.40274438,0.39342836,0.42167163,0.40669918,0.42778912,0.41516224,0.4158663,0.41203287,0.41875166
0.47317547,0.48427814,0.46626619,0.47457188,0.4810866,0.45457056,0.48441768,0.45942017,0.48602426,0.47304615,0.47581223,0.4736457,0.4739047,0.4730131,0.47580272,0.47980097,0.45681694,0.4801609,0.46662638,0.4609474,0.46640328,0.4563105,0.46271744,0.47393802,0.4693186,0.46850824,0.4689335,0.4841452,0.47694927,0.468959,0.46854958,0.47894374,0.4703879,0.49039128,0.4705727,0.4667778,0.47245088,0.4696384,0.472992,0.47023344,0.46534294,0.48058102,0.47619253,0.47810617,0.48642293,0.4845896,0.48099485,0.4669185,0.4714316,0.47627512,0.47498935,0.47774252,0.47008917,0.47900835,0.4687242,0.48032632,0.46922418,0.47104025,0.4697834,0.47430423,0.4710849,0.47664964,0.467356,0.47708026,0.48924798,0.47289458,0.48756287,0.48848757,0.48016044,0.46943012,0.45758793,0.48270586,0.46646854,0.4622922,0.4846063,0.45781836,0.47875932,0.46241668,0.47827038,0.4652214,0.47301483,0.46684438,0.48438147,0.47688287,0.47910097,0.45648688,0.46771654,0.46049175,0.48203367,0.4572612,0.48137364,0.47393298,0.4659565,0.46327457,0.48049837,0.46680227,0.469887,0.46317053,0.47464502,0.46780762,0.47112793,0.46127713,0.46082988,0.4613511,0.46424532,0.46157408,0.47193506,0.47729975,0.47465503,0.47906244,0.4647215,0.46817896,0.45705858,0.47987145,0.47186863,0.46758196,0.470762,0.47615874,0.47394064,0.46563762,0.4776752,0.47546977,0.4730474,0.4849382,0.469003,0.45712537,0.47393703,0.46927842,0.47792965,0.46303844,0.4686661,0.48210528,0.47238025,0.47317457,0.4694688,0.4646139,0.47941697,0.48429888,0.46921077,0.46052012,0.45351166,0.46838418,0.47333056,0.47311628,0.44777772,0.4762265,0.46156597,0.47025505,0.47167745,0.48094898,0.47855014,0.4792052,0.4610572,0.47350866,0.4702246,0.4732623,0.46083146,0.47401732,0.4903339,0.4598712,0.46845073,0.4749895,0.4690349,0.46519735,0.47820142,0.45930913,0.47087336,0.45337942,0.47302973,0.48196644,0.48794016,0.4669835,0.47048596,0.47284454,0.4696408,0.4819977,0.45851994,0.46527737,0.48158664,0.48420227,0.46504566,0.46420234,0.46119857,0.47146747,0.4727595,0.4595028,0.4598374,0.46936524,0.4799609,0.45194983,0.47769818,0.48282954,0.47378576,0.46617544,0.46234092,0.47478247,0.461711,0.47047934,0.46285686,0.46828753,0.4715475,0.47982755,0.46371517,0.47802684,0.4807949,0.47169045,0.4807708,0.4655996,0.48384622,0.47372952,0.47706765,0.46444133,0.4825129,0.4672528,0.4652323,0.47240973,0.47201073,0.4877992,0.47823036,0.47752407,0.4808469,0.4830616,0.48739702,0.4752447,0.47641128,0.4920146,0.47253585,0.46843183,0.46901977,0.4784701,0.47446078,0.47217765,0.47940448,0.47091058,0.47395873,0.47307116,0.47395578,0.4898344,0.48630998,0.4854156,0.4646656,0.47876453,0.47486386,0.46590552,0.46487698,0.46944904,0.48445123,0.46094587,0.47415152,0.46728468,0.47590464,0.46870142,0.47504145,0.47342443,0.47930598,0.48075485,0.47010165,0.4850601,0.4708097,0.47672507,0.47603172,0.47317544,0.4709483,0.45703068,0.46628264,0.46624163,0.4720954,0.49300873,0.4713776,0.4731084,0.47173578,0.46428162,0.48914218,0.46697608,0.4810176,0.46176925,0.47554445,0.4738611,0.46177858,0.47022754,0.4638865,0.4725211,0.47101945,0.46266294,0.47398818,0.46997705,0.4790855,0.48203874,0.47673544,0.47601613,0.45954257,0.46891242,0.4738651,0.47747087,0.47555095,0.4770028,0.4769977,0.4580336,0.46959883,0.47976092,0.46815664,0.47934005,0.47402364,0.47150326,0.45586887,0.48509744,0.47947526,0.47258696,0.46246815,0.45852745,0.48281196,0.46564296,0.4622026,0.47022527,0.46323183,0.47611687,0.47638327,0.46968082,0.47778353,0.4766659,0.4848928,0.46037626,0.46848896,0.46908346,0.46468332,0.46718618,0.47446036,0.45487702,0.4740351,0.46040437,0.4523683,0.46427712,0.47212133,0.46714827,0.4703876,0.47345546,0.46928054,0.47198585,0.47316876,0.48012543,0.47473642,0.4775089,0.4735687,0.47957245,0.47830462,0.47239742,0.47368252,0.47396654,0.47754136,0.46859416,0.46541986,0.46552294,0.47694114,0.47974992,0.4775973,0.46918118,0.47093663,0.4862411,0.46500608,0.47812974,0.46621346,0.47753972,0.46907234,0.463858,0.46837428,0.46044692,0.45893997,0.4750928,0.4644817,0.4586946,0.4625213,0.47480926,0.46634164,0.47221303,0.47945675,0.4823182,0.47602236,0.47692022,0.47425207,0.47765434,0.4810699,0.46180552,0.46396953,0.46120703,0.4626795,0.47961748,0.46212858,0.46304774,0.4741469,0.46196672,0.46218836,0.46861482,0.47324803,0.458475,0.49515417,0.45264512,0.47155043,0.46874753,0.45541626,0.45791468,0.4670174,0.46589208,0.46666119,0.48059255,0.47862986,0.45839953,0.4777412,0.4762886,0.4814396,0.47883266,0.4711797,0.46594155,0.4634224,0.4675308,0.47084603,0.45261645,0.474266,0.46551535,0.46402052,0.4747034,0.48782083,0.4795373,0.4832934,0.47514516,0.479697,0.46343598,0.4565782,0.46787328,0.48255345,0.47103494,0.48495463,0.47336686,0.48007318,0.46773955,0.46481502,0.47941846,0.48447248,0.48249424,0.4667735,0.46927643,0.47348207,0.48112094,0.46426415,0.48387498,0.4746747,0.46788493,0.46788073,0.47085035,0.4779423,0.47565237,0.4822442,0.47710982,0.47762197,0.48359057,0.4820658,0.4859742,0.46878296,0.45702133,0.46693975,0.48490787,0.46683598,0.4764815,0.45716754,0.47689646,0.4685905,0.45154977,0.46749693,0.4553058,0.48127854,0.45919716,0.4725017,0.46039006,0.46029022,0.4705314,0.46839327,0.47587794,0.46654785,0.46128076,0.46294612,0.46964914,0.46470037,0.47076565,0.45979768,0.48342857,0.47327104,0.46988124,0.4675349,0.46174824,0.47217393,0.46489358,0.46379396,0.47832218,0.4699402,0.47085464,0.4696912,0.47662005,0.4711742,0.46975642,0.45806623,0.46613306,0.48182178,0.47290668,0.4628765,0.46286538,0.47406244,0.46944118,0.4803836,0.47146764,0.45677498,0.4917244,0.466614,0.48449925,0.4592596,0.46683186,0.4763045,0.45952615,0.47852644,0.4636202,0.4777854,0.47856355,0.47404245,0.46545884,0.47860876,0.46270847,0.4736601,0.4596419,0.47537887,0.47466502,0.4831328,0.46868792,0.4675224,0.4639547,0.47208574,0.4877782,0.47258508,0.4831445,0.47189718,0.47141296,0.4653843,0.45818374,0.4668328,0.4651319,0.4574262,0.46040818,0.45822853,0.47746605,0.4764634,0.47326556,0.45274362,0.49113274,0.4547474,0.46066532,0.45093077,0.47298992,0.45524275,0.45676202,0.48503914,0.48327345,0.47591645,0.47453725,0.48382613,0.47092783,0.46895382,0.4835463,0.4767638,0.47189853,0.48456696,0.47351766,0.46125308,0.46829814,0.4689725,0.48623818,0.46935245,0.45084733,0.46874458,0.46335572,0.48552102,0.47869542,0.47055328,0.46681398,0.462137,0.46754763,0.47627565,0.46600065,0.46761864,0.47331595,0.48450363,0.47349164,0.4715984,0.46745157,0.46726882,0.46085638,0.48436716,0.45734203,0.47283262,0.45957026,0.4551285,0.46184844,0.47721475,0.48015767,0.47413412,0.46638697,0.46043158,0.48532462,0.47851118,0.46680444,0.4677336,0.48107263,0.4656579,0.48543197,0.4729814,0.47357064,0.47910705,0.4887246,0.47795987,0.48120397,0.46387422,0.46269768,0.47141287,0.45405734,0.45817515,0.4699663,0.458875,0.46928617,0.49422684,0.47480866,0.477344,0.4789591,0.46299785,0.4819519,0.4728496,0.45548296,0.48382387,0.4770794,0.482961,0.4676885,0.46452802,0.4757917,0.4712315,0.48356354,0.45849228,0.4700613,0.48100597,0.47971487,0.46322095,0.46102402,0.46866187,0.48765528,0.47812337,0.48284373,0.48078638,0.48274723,0.47041902,0.47735775,0.47313038,0.4621126,0.47501346,0.48124662,0.45877576,0.4686232,0.46314356,0.48118347,0.47128046,0.46929336,0.464319,0.46823737,0.4738008,0.4653943,0.4719555,0.46841577,0.47358727,0.47628403,0.47112474,0.46140128,0.47317317,0.4699374,0.47625628,0.46784675,0.46275422,0.46514267,0.47190857,0.4762279,0.45927095,0.48071355,0.4762866,0.48456952,0.46982738,0.46765238,0.46850592,0.4733264,0.4677441,0.46724236,0.46254936,0.45410863,0.47945827,0.47157183,0.48176232,0.4707129,0.4578572,0.4740868,0.4751048,0.47457528,0.45956832,0.47896603,0.4575169,0.483258,0.47348326,0.45187572,0.46028036,0.46819246,0.48647854,0.47409248,0.4686287,0.45939115,0.4586677,0.4748876,0.4666022,0.45712414,0.47587717,0.45503536,0.47164425,0.47775096,0.4756561,0.47891507,0.4738235,0.47341815,0.4766819,0.46127355,0.45523417,0.47964773,0.4527878,0.46320438,0.48973477,0.47910264,0.46524823,0.45648384,0.47962978,0.47338158,0.47385192,0.4843526,0.47185966,0.479811,0.47095525,0.46546996,0.48050296,0.46777356,0.46683645,0.4795116,0.4591634,0.475046,0.47514182,0.46158832,0.48322752,0.47965047,0.46300685,0.47147316,0.47396964,0.46716523,0.46966925,0.47610858,0.46272328,0.47045976,0.47387317,0.47118676,0.47560117,0.47069892,0.46709195,0.4707345,0.46288505,0.47536823,0.4736958,0.47451568,0.46326455,0.48051375,0.47634774,0.46359524,0.47749647,0.47123796,0.4600122,0.4658128,0.47962406,0.46720892,0.47679567,0.4665995,0.47246337,0.47210708,0.4704357,0.46378466,0.49190953,0.44647017,0.47102633,0.48491403,0.4782912,0.47263068,0.4557832,0.4670845,0.4486091,0.4648501,0.47048068,0.46524218,0.4586343,0.45618126,0.447251,0.45945144,0.46633136,0.4840663,0.45795786,0.45331454,0.47698212,0.46177447,0.47406003,0.47436374,0.46436352,0.4820909,0.46767482,0.458538,0.4640368,0.47856334,0.45930567,0.45646837,0.47041795,0.46579522,0.469077,0.47003642,0.45993567,0.48040512,0.4864737,0.4701505,0.47826725,0.47193474,0.46838403,0.47638482,0.45833147,0.485254,0.4679523,0.47271279,0.48063993,0.46293342,0.45485026,0.46674484,0.46545365,0.47339576,0.4584655,0.47332624,0.45714077,0.48125237,0.47387978,0.4715448,0.48229685,0.4782249,0.4590211,0.46746746,0.47880107,0.45707363,0.47284675,0.48096982,0.4677652,0.47526863,0.4486342,0.48186013,0.48159176,0.46990854,0.4824275,0.46814597,0.4677864,0.47160593,0.46792802,0.46530646,0.4793215,0.45674255,0.46531144,0.47395617,0.46927413,0.4835542,0.466348,0.48120558,0.47346303,0.47666928,0.45771232,0.48036003,0.48590147,0.47565657,0.4496964,0.4723756,0.47713047,0.4460961,0.47266185,0.47525185,0.46760374,0.4826094,0.45978907,0.47460014,0.46645355,0.45808598,0.4684741,0.46258932,0.4723026,0.46020293,0.47020042,0.47343802,0.4605648,0.47184294,0.47403282,0.45950404,0.47210297,0.46690467,0.47055435,0.47124258,0.476214,0.49425274,0.45620242,0.45802575,0.46028063,0.46802017,0.4623897,0.46725282,0.4827027,0.47276753,0.4558495,0.45584798,0.4761758,0.47395664,0.47722125,0.46414796,0.47789228,0.46658048,0.4674401,0.47477415,0.46983677,0.4705968,0.4748227,0.47259462,0.46966487,0.47350913,0.47551504,0.46579897,0.48139188,0.48598978,0.46144742,0.4690541,0.47640046,0.47226134,0.4846596,0.46567726,0.48949483,0.46441722,0.4735065,0.4617082,0.4495335,0.4665971,0.48485345,0.47034824,0.47960913,0.4727221,0.47568908,0.4754101,0.48190847,0.4691875,0.47920206,0.45141777,0.45978433,0.47432426,0.48149434,0.48144928,0.4655473,0.47629312,0.47207576,0.48832035,0.45700616,0.46815762,0.4701528,0.47624633,0.4771747,0.46777192,0.48933265,0.47777894,0.4787961,0.44802138,0.46730822,0.46552658,0.4538562,0.46310532,0.46051452,0.45930573,0.4686657,0.48716432,0.47192222,0.46736065,0.47515383,0.47306755,0.4535181,0.4775359,0.45293,0.4722306,0.47791475,0.4895347,0.45782036,0.48658928,0.4688689,0.46752396
0.5620749,0.55907995,0.5465371,0.55452424,0.57043755,0.5554279,0.56068236,0.5452693,0.54465985,0.55587316,0.55315953,0.55409265,0.5501033,0.5751287,0.56991386,0.5496792,0.5465656,0.5678056,0.56351304,0.5494966,0.56418025,0.5442051,0.5568922,0.5746557,0.55346245,0.5566938,0.5481931,0.56230354,0.55272996,0.5602674,0.5676993,0.5697638,0.563233,0.5597236,0.5459358,0.5495575,0.55801195,0.56142867,0.5548,0.5634243,0.55479497,0.5514766,0.56146675,0.560088,0.55945337,0.5618561,0.5697469,0.56672424,0.5442795,0.5616287,0.55758774,0.55748266,0.55719554,0.554326,0.5632068,0.5563176,0.5433233,0.5569695,0.5527759,0.5467854,0.54224974,0.535238,0.5709164,0.5549731,0.55097204,0.5629272,0.5532848,0.55100787,0.5635419,0.5720186,0.55849266,0.56074494,0.55151105,0.55938154,0.5685815,0.5378209,0.5597064,0.5660763,0.55760694,0.5565222,0.5638449,0.56336987,0.5644845,0.56486183,0.56656325,0.5473587,0.5366737,0.5487037,0.5577197,0.5436246,0.56938756,0.57382,0.5446761,0.54898685,0.56436086,0.56449336,0.55426204,0.55571103,0.5465354,0.54854596,0.5577815,0.55799294,0.5528727,0.55456436,0.548181,0.55622673,0.57155186,0.5521857,0.5637748,0.5646641,0.5401212,0.55869216,0.54868424,0.5563016,0.5592482,0.55692357,0.57047176,0.5466954,0.53461045,0.54286045,0.54920685,0.5706292,0.5559522,0.56022507,0.5612746,0.55286455,0.55125177,0.5571077,0.5538284,0.5430384,0.54590154,0.5581509,0.5564368,0.56350136,0.55714035,0.5587033,0.5725273,0.56061655,0.57093805,0.54667646,0.5402111,0.54570997,0.5445225,0.56044567,0.54516613,0.56982154,0.5711808,0.54808193,0.55522424,0.55857617,0.5565731,0.5504127,0.55636513,0.5495874,0.5621393,0.5565247,0.5461229,0.56004834,0.5507828,0.55926377,0.5636877,0.56492025,0.561369,0.56937486,0.55090994,0.56159973,0.57920426,0.5539048,0.56075346,0.55901104,0.5662797,0.5629353,0.54940295,0.5526724,0.5507429,0.55856293,0.5465488,0.5553643,0.5508601,0.5733811,0.5664858,0.5550311,0.557073,0.5573331,0.5530967,0.5488306,0.55284464,0.54520017,0.560296,0.5362554,0.55352014,0.57091695,0.55283624,0.5575527,0.5487618,0.55884933,0.5634319,0.56413674,0.5552211,0.5383664,0.5551939,0.55619293,0.5448068,0.5625625,0.5477863,0.5666299,0.5553104,0.5568558,0.564286,0.55304843,0.5368272,0.55951804,0.5522806,0.5595911,0.55342066,0.5658292,0.5588916,0.55573624,0.5618141,0.566461,0.54721785,0.56396866,0.5671354,0.5492132,0.5482724,0.5531019,0.5529696,0.55810773,0.5498764,0.5502636,0.5528635,0.5606317,0.56637347,0.5475541,0.5365266,0.5701921,0.55337584,0.55556047,0.555402,0.5738397,0.5459173,0.57107913,0.550803,0.55151117,0.56013167,0.5679005,0.5669384,0.5606026,0.5544488,0.5477729,0.5580271,0.5553034,0.56230795,0.5560922,0.57235706,0.5540554,0.5525284,0.5525686,0.56000555,0.56195855,0.55329615,0.55600005,0.5620751,0.55643845,0.56959695,0.5514429,0.55532545,0.5656347,0.5632363,0.5533185,0.55620223,0.5525497,0.56081134,0.56147295,0.5492877,0.53744596,0.55713147,0.55742824,0.57072663,0.5614135,0.5578406,0.5550293,0.5573707,0.5496813,0.5440593,0.56175435,0.55027854,0.56409705,0.54647213,0.5527902,0.55925834,0.55608374,0.5541006,0.56657535,0.56666034,0.55501974,0.5655397,0.5416372,0.5590594,0.57304287,0.55104005,0.54674554,0.55445087,0.5512309,0.5449653,0.5613327,0.55876815,0.5636841,0.54182404,0.5535168,0.56174135,0.5441669,0.5441463,0.5715355,0.5514352,0.55612564,0.56156474,0.5547041,0.5498966,0.5402467,0.5587123,0.54845583,0.56210166,0.5626691,0.55963033,0.5704674,0.56745905,0.5590796,0.5548895,0.55539584,0.54419845,0.545845,0.5612124,0.5586391,0.5584141,0.5538326,0.56050146,0.5443687,0.5653201,0.5508245,0.56256646,0.55927694,0.5622629,0.5500464,0.5671258,0.5591149,0.5485603,0.568768,0.555804,0.5576644,0.55194986,0.55400306,0.56729996,0.556007,0.5532638,0.56122404,0.5518133,0.5646198,0.55031306,0.55812716,0.55183977,0.5488764,0.5687584,0.5610735,0.55524296,0.5739073,0.5486622,0.56450003,0.5559113,0.5523564,0.5489919,0.5599037,0.54155976,0.5631253,0.55481297,0.5535587,0.5536198,0.5603403,0.55954266,0.5738015,0.5644869,0.5588492,0.54496336,0.5491648,0.5611571,0.5561679,0.57692873,0.5530599,0.56129134,0.5543197,0.54732895,0.54830986,0.55484796,0.55853754,0.5494867,0.5548821,0.56489563,0.56688714,0.5656411,0.5609505,0.55216867,0.5539455,0.5584725,0.56107426,0.566746,0.55435055,0.56230915,0.55650973,0.5500109,0.5601817,0.5551256,0.55026156,0.5635714,0.5540154,0.5655173,0.53754854,0.5609442,0.56253463,0.54030323,0.5572193,0.56880236,0.5577126,0.55784786,0.5661156,0.5514085,0.54660445,0.5609363,0.54578024,0.5559284,0.5532919,0.5566389,0.556902,0.55439276,0.54780596,0.55781543,0.5628786,0.5607464,0.5598772,0.5423599,0.5546366,0.5643448,0.5617652,0.5509513,0.56089675,0.56529707,0.5681221,0.5380285,0.5592641,0.55176896,0.55517983,0.54380107,0.55859214,0.56320536,0.57250726,0.566707,0.5558376,0.5522642,0.56506157,0.54678756,0.55789834,0.55881,0.5553078,0.5637287,0.55744046,0.5542621,0.55038685,0.5558829,0.54363316,0.56503713,0.5511517,0.54857683,0.54477036,0.5521016,0.5591466,0.5565941,0.5784374,0.559374,0.57349026,0.5656957,0.54498035,0.55026585,0.5600345,0.55175143,0.55517125,0.5604604,0.55419356,0.55143315,0.5597092,0.5583745,0.5671042,0.5539772,0.5478863,0.55834603,0.56926185,0.55801487,0.5602436,0.5642554,0.5577413,0.5473926,0.5511063,0.57067764,0.5572308,0.5479244,0.55795217,0.56305045,0.5677019,0.5579147,0.5411726,0.5482148,0.5672772,0.54741067,0.5681659,0.5418077,0.5616579,0.55236167,0.54489315,0.5573717,0.56689304,0.5680295,0.58042866,0.56302035,0.55545175,0.56772715,0.5557231,0.55357355,0.55823016,0.57096076,0.5526241,0.56071603,0.5617188,0.551848,0.55696285,0.5612426,0.5661724,0.5655342,0.5476173,0.55579114,0.56407285,0.55285805,0.5397446,0.550126,0.554256,0.5466372,0.5552359,0.55210745,0.559911,0.5512194,0.56911075,0.5531463,0.57755333,0.54448295,0.5556226,0.5358697,0.5553699,0.5452285,0.5669961,0.5585277,0.55523896,0.5648405,0.55893403,0.5447358,0.56253844,0.55840594,0.5496445,0.55696,0.56140965,0.56219375,0.5600853,0.55766493,0.5614292,0.5668969,0.55756724,0.55298007,0.5429028,0.5473346,0.5494061,0.5519963,0.56438607,0.5625349,0.5608866,0.55270505,0.5434301,0.56370515,0.54908854,0.56625175,0.5590567,0.57566255,0.5475301,0.5668578,0.5446833,0.54648346,0.5425272,0.566372,0.5568323,0.5544795,0.54190874,0.54847306,0.55731195,0.54963297,0.57150334,0.54994416,0.55233026,0.53427297,0.5608247,0.5673599,0.5695272,0.54660803,0.5633042,0.55421245,0.5589104,0.5525927,0.55169636,0.5469327,0.5693431,0.5684356,0.5774239,0.5493805,0.54341906,0.5612281,0.5573174,0.56412446,0.55211675,0.5504969,0.5464301,0.5681059,0.5536664,0.5563782,0.56821615,0.5556762,0.5673182,0.5416082,0.5595737,0.5799384,0.56384975,0.57190204,0.55483824,0.5510742,0.5729765,0.55976844,0.57552016,0.54690135,0.54569846,0.5548245,0.5773144,0.54935384,0.552954,0.55798113,0.5675076,0.56234235,0.5655252,0.5586418,0.5615583,0.53718215,0.574503,0.5555374,0.56070006,0.5592165,0.55225986,0.5692394,0.5625657,0.5495088,0.5630966,0.5464018,0.5530895,0.55035967,0.55901325,0.5620926,0.54893357,0.5563538,0.5486259,0.5572971,0.5557546,0.54748124,0.5604719,0.55758655,0.5555235,0.54977727,0.56976455,0.5541213,0.54969233,0.5507053,0.5642518,0.55739236,0.56394184,0.55940473,0.57782304,0.5542777,0.55647886,0.5531767,0.56027454,0.55310297,0.5512414,0.5540339,0.53992033,0.55596966,0.5585,0.5568281,0.5395549,0.56954074,0.55651486,0.55475,0.5550938,0.54951894,0.5589819,0.56100035,0.5658463,0.5584865,0.5451167,0.53861004,0.54072237,0.57308024,0.54992884,0.5584406,0.55352783,0.5416191,0.5592359,0.56768525,0.57484984,0.56345564,0.5496455,0.55258524,0.5656466,0.5580221,0.55072546,0.5476419,0.5715401,0.55200016,0.55311185,0.5669524,0.5621089,0.55433124,0.54645914,0.5628148,0.55541694,0.55517185,0.5665665,0.57176375,0.5609497,0.551624,0.5625506,0.5606185,0.549041,0.5533574,0.55322677,0.5655422,0.5643325,0.568068,0.5591671,0.5363794,0.55733454,0.564799,0.5435223,0.5605287,0.55404526,0.55871814,0.54558015,0.55562973,0.5569949,0.55527294,0.55147046,0.5517199,0.5767863,0.55821806,0.55255765,0.5534491,0.561136,0.5557989,0.5572346,0.5473833,0.56553954,0.5570764,0.5636412,0.54916567,0.57342696,0.5794422,0.5549043,0.5666556,0.5435317,0.5665895,0.5700558,0.5604783,0.5511773,0.562843,0.55852664,0.56875646,0.5614904,0.55082387,0.55809504,0.55143315,0.54238576,0.5529205,0.57756937,0.5572934,0.5545954,0.56274223,0.55071723,0.54449856,0.55034274,0.56495845,0.54207224,0.5606005,0.5533247,0.54342085,0.5502019,0.5566812,0.55833274,0.5594448,0.54665,0.56162393,0.5450979,0.55179065,0.55953836,0.5448401,0.5554034,0.55623215,0.541089,0.569745,0.55038327,0.5525365,0.55300325,0.5603637,0.5461758,0.5531766,0.5522399,0.5443306,0.5509773,0.5687815,0.5642641,0.5589595,0.5633631,0.5602768,0.5593201,0.54956055,0.56617004,0.555083,0.5477448,0.55587345,0.5577457,0.5465221,0.55367756,0.5681421,0.5465981,0.55592173,0.5550685,0.5534179,0.5515392,0.5609782,0.56176823,0.55650467,0.5614841,0.5530583,0.557053,0.5493932,0.5455322,0.56340337,0.55294114,0.56507325,0.5709222,0.5644154,0.56730974,0.5472856,0.54859746,0.5712136,0.5661614,0.5525488,0.54316777,0.5653914,0.57052505,0.5641819,0.56019014,0.5605379,0.56793696,0.56368214,0.56288534,0.5524085,0.55575687,0.5604314,0.55793285,0.54201216,0.55636376,0.5669749,0.5552316,0.5464164,0.56081265,0.5576695,0.5318987,0.5466658,0.5647666,0.54642165,0.5732286,0.56547946,0.5539593,0.5619273,0.54207087,0.55652404,0.55414796,0.56395745,0.5647984,0.54601896,0.5580164,0.56935847,0.5357896,0.56881934,0.5481397,0.556038,0.5545009,0.5564214,0.5567613,0.55524063,0.5580571,0.5431297,0.5640599,0.5636064,0.54945016,0.55528563,0.55436456,0.5512914,0.55321985,0.5497605,0.55841863,0.5517255,0.5614208,0.55453503,0.5473594,0.56922495,0.5509145,0.55462146,0.55598605,0.54923046,0.5493062,0.56384206,0.5483356,0.5452496,0.558492,0.5531973,0.56978303,0.5650857,0.5503383,0.5426849,0.55599594,0.5649679,0.5503273,0.55265003,0.56297326,0.55526054,0.55706656,0.54885876,0.5404192,0.5461328,0.5456791,0.5633716,0.5623741,0.56352055,0.56185514,0.55297714,0.5520471,0.55821866,0.55367213,0.56375724,0.5536213,0.5506864,0.5574446,0.5588293,0.5501273,0.5587126,0.5528875,0.54190534,0.56061494,0.5476289,0.5620462,0.57216394,0.56090164,0.56324387,0.5595451,0.5501155,0.56514066,0.5628764,0.538461,0.55881333,0.5640677,0.5511283,0.55566543,0.5589763,0.5443098,0.56191,0.5515179,0.5617514,0.5569003,0.5483887,0.557513,0.55787694,0.56184494,0.55466706,0.5592812,0.5535084,0.562645,0.5503468,0.5660105,0.5542637,0.56099224
0.71711797,0.72352797,0.7051231,0.71798813,0.7347924,0.7301526,0.72722363,0.7162565,0.7252637,0.7215337,0.7127492,0.72874695,0.7276994,0.7244992,0.7341044,0.7238083,0.7313435,0.7298341,0.72241956,0.7216183,0.7206289,0.7198281,0.71281457,0.7171787,0.72393614,0.71871203,0.7332395,0.7238283,0.7275957,0.7256909,0.7240802,0.73246276,0.72067684,0.73022765,0.7320637,0.72541493,0.72645885,0.7144841,0.7230529,0.7273652,0.7309235,0.7049739,0.7442059,0.7278355,0.7255994,0.71781147,0.7345874,0.7131054,0.7198812,0.7186356,0.72105974,0.73668027,0.7286607,0.71988934,0.7395358,0.7377607,0.7375741,0.7326374,0.72227174,0.72195303,0.7153182,0.70912206,0.73053133,0.726791,0.7167392,0.73568445,0.71289605,0.72578764,0.7155856,0.7278869,0.7181832,0.7253109,0.7162695,0.7207756,0.70856243,0.72525483,0.7402001,0.72995603,0.7244679,0.720332,0.71243745,0.7350695,0.72631276,0.71775866,0.72818345,0.7147469,0.7175284,0.7203099,0.72342706,0.7208875,0.7162182,0.7301187,0.7255055,0.7153669,0.72028893,0.7228844,0.72549564,0.7227468,0.7157419,0.7401002,0.72728974,0.74041206,0.72346824,0.7191596,0.72527134,0.7122849,0.7231706,0.7361395,0.7320457,0.71644664,0.71333534,0.7263268,0.723523,0.7180524,0.72330225,0.7345987,0.72859925,0.7232132,0.711286,0.7136616,0.70457894,0.7378877,0.72571295,0.71862495,0.72345746,0.7443313,0.70904946,0.72953063,0.7213841,0.7410867,0.72044003,0.71222186,0.7329475,0.7369693,0.7146364,0.7383948,0.72195804,0.7217467,0.7174606,0.73295367,0.7360641,0.71626496,0.7121039,0.72703075,0.7235981,0.7344181,0.7240575,0.7339658,0.724637,0.73678064,0.72048104,0.7250259,0.71846646,0.7223204,0.7159377,0.7264309,0.7250599,0.7240384,0.72294563,0.7307642,0.7269356,0.73366994,0.72613,0.7307281,0.71895117,0.7175511,0.7349408,0.7260502,0.7196033,0.7248621,0.72260815,0.73522174,0.7156766,0.7397265,0.7240635,0.7205914,0.71326715,0.7205742,0.7203388,0.7245525,0.73016435,0.7191198,0.7223424,0.7190727,0.71588683,0.7198539,0.7221403,0.723957,0.72348136,0.7245458,0.72095335,0.7168715,0.72182757,0.72762525,0.72230345,0.725254,0.7252776,0.72806025,0.7330371,0.7241716,0.7254259,0.71546775,0.7303673,0.715783,0.71864486,0.7363719,0.7166943,0.7247433,0.7256347,0.7147709,0.7267496,0.71869564,0.7391045,0.7386183,0.71153474,0.72618884,0.7320654,0.7328222,0.7200199,0.7141837,0.71943796,0.73260176,0.72683716,0.7404664,0.72187394,0.7322342,0.7212892,0.711858,0.70591867,0.7094826,0.7275192,0.73248225,0.7301778,0.7092255,0.7135503,0.73036647,0.7184804,0.7271885,0.71868575,0.72082454,0.7261209,0.72895277,0.7213018,0.71530426,0.7220311,0.7329967,0.7108416,0.7264529,0.71517205,0.7246334,0.719034,0.716712,0.739821,0.71848035,0.72812796,0.7125581,0.7383091,0.71881574,0.72199625,0.7252424,0.72182107,0.73331594,0.7277261,0.72909546,0.7253908,0.73362833,0.7226058,0.7398815,0.72749156,0.72778344,0.7377157,0.7240128,0.720451,0.72354746,0.7205556,0.7213974,0.7204238,0.7211604,0.71918297,0.7219024,0.7199806,0.71395236,0.7342472,0.7260718,0.72662205,0.7223029,0.72057366,0.7381995,0.7357613,0.72370356,0.7210891,0.73180634,0.7462311,0.7341466,0.71465117,0.72280467,0.7300485,0.71076626,0.72398126,0.72014064,0.72077304,0.72109187,0.7245693,0.7252357,0.72460145,0.7269955,0.73207545,0.7327449,0.73047996,0.7235708,0.7274937,0.7250397,0.71463054,0.73731047,0.73512596,0.73099566,0.7210109,0.7255999,0.7251528,0.72826505,0.72027194,0.7156248,0.7492448,0.72566074,0.7291048,0.7350549,0.729114,0.72098255,0.7196684,0.7240186,0.70795137,0.7224797,0.729748,0.7212886,0.727892,0.71499145,0.7303262,0.715834,0.728193,0.7266183,0.73172987,0.7212514,0.71656656,0.7325116,0.72528005,0.7255322,0.7213991,0.7236838,0.7264248,0.7207666,0.7141608,0.7134622,0.73787,0.7220872,0.7410092,0.7306512,0.72045577,0.7249691,0.73662144,0.7208546,0.7293759,0.72395384,0.73083824,0.72592634,0.73386234,0.73768544,0.7307819,0.7278843,0.7283172,0.72170836,0.7331972,0.72312164,0.7098339,0.7450777,0.7193874,0.7268397,0.7323354,0.7312737,0.7289813,0.7249005,0.74647844,0.7256029,0.7213779,0.71520394,0.7215966,0.7173419,0.7253211,0.7242346,0.7259068,0.7246829,0.73210496,0.7258292,0.71474206,0.73652065,0.7117095,0.71842927,0.7216998,0.7194152,0.7276696,0.7328993,0.73308116,0.7198794,0.7219577,0.7179901,0.7286356,0.7216604,0.74082476,0.725357,0.7267877,0.7216648,0.72717017,0.73287016,0.71375877,0.7255603,0.73869795,0.7158431,0.7281549,0.7415479,0.72660613,0.7240024,0.73019296,0.72565645,0.7149298,0.7273702,0.7376769,0.720681,0.7133797,0.7241368,0.7199432,0.7167485,0.7256165,0.720105,0.712715,0.7350351,0.73268116,0.718625,0.7308139,0.72230357,0.7320522,0.7169982,0.72076195,0.7126918,0.7395286,0.7298841,0.72065705,0.715789,0.7207443,0.7310066,0.7304301,0.7225777,0.719867,0.72232014,0.7246859,0.7242776,0.72457373,0.73868716,0.7297526,0.72845405,0.7289468,0.7179443,0.72079974,0.7346867,0.7152123,0.7376488,0.73617274,0.7238665,0.72456616,0.71418214,0.74193144,0.7276939,0.7173651,0.7271262,0.73500913,0.7379244,0.73191863,0.7291433,0.7344679,0.73247695,0.7338207,0.7191583,0.7185971,0.7324199,0.7260763,0.7237185,0.7183776,0.72944903,0.7316155,0.728972,0.7315337,0.7174333,0.72112715,0.7058762,0.7274287,0.71595246,0.7454697,0.7077165,0.7144643,0.7170476,0.72420305,0.73379415,0.72486085,0.73519254,0.7302647,0.7238418,0.72625995,0.7277048,0.72648776,0.7221178,0.7159656,0.7168132,0.72807956,0.7211051,0.70619476,0.72648346,0.72349185,0.72352296,0.729351,0.71893334,0.72476095,0.7407099,0.74159205,0.72366786,0.7261424,0.726598,0.72309494,0.71503353,0.721559,0.7238105,0.7364708,0.7360186,0.72810316,0.7336281,0.73251027,0.72458065,0.7244088,0.72228396,0.7220644,0.7218515,0.72758955,0.7331569,0.72244525,0.71831346,0.73284054,0.72881305,0.7210207,0.73444575,0.72652036,0.73326117,0.7266598,0.7365793,0.722141,0.71752787,0.72133034,0.7221391,0.7278891,0.7345535,0.7174055,0.7337332,0.7231448,0.7064564,0.71551234,0.72604746,0.72401416,0.7148821,0.71394336,0.7294125,0.73271006,0.72545123,0.72514325,0.73063517,0.73575085,0.7198131,0.7259555,0.740374,0.72139335,0.707797,0.7283279,0.71634173,0.72860825,0.73094946,0.71589285,0.7245589,0.72364074,0.7372547,0.7151911,0.7257737,0.7208697,0.72706157,0.7286396,0.73425364,0.71016604,0.7293374,0.727872,0.71575963,0.7125618,0.7121506,0.72258383,0.7376371,0.72647375,0.7375442,0.72005624,0.7279484,0.7394397,0.7256398,0.73009413,0.7412123,0.72097754,0.7238031,0.7229219,0.7204285,0.7211216,0.7207275,0.71316534,0.7277689,0.7086627,0.7200649,0.71802527,0.7340669,0.7100677,0.7062418,0.73353595,0.71558917,0.7207584,0.71442825,0.7282101,0.71396744,0.7306277,0.7070978,0.7308421,0.71856713,0.7204468,0.7308141,0.7344182,0.73727536,0.7214503,0.72510093,0.727847,0.74299294,0.74140215,0.7220612,0.7216095,0.7222702,0.71571606,0.73730046,0.7323113,0.71672744,0.71596736,0.72094977,0.71519613,0.7303949,0.7313827,0.7214729,0.7191239,0.7201451,0.7181526,0.7138366,0.732445,0.73222035,0.727494,0.7144613,0.71582824,0.72274244,0.72581273,0.7299819,0.7331663,0.7059533,0.7285023,0.71872306,0.73666847,0.72746295,0.7236787,0.7264457,0.740126,0.7132375,0.7345545,0.72433645,0.7310837,0.73494816,0.7221991,0.7309784,0.71347684,0.7541437,0.7044907,0.7234264,0.7229235,0.7298581,0.7208278,0.7215683,0.733048,0.7266395,0.70442444,0.7354193,0.71860033,0.7138737,0.72339827,0.7316429,0.71929204,0.7171849,0.7193992,0.72622275,0.71921843,0.70743775,0.72315246,0.71487147,0.736401,0.7277541,0.72640073,0.71729296,0.7073859,0.72042847,0.7340708,0.71746826,0.7191619,0.7319464,0.72263706,0.7176904,0.72586054,0.7398774,0.72370493,0.7272037,0.72484994,0.72226614,0.7202637,0.7172521,0.71488434,0.7245182,0.72569114,0.7223826,0.7396316,0.7238784,0.7160887,0.719059,0.7340847,0.72364444,0.734323,0.7401028,0.72112244,0.7247673,0.72771543,0.7300788,0.7307114,0.7132926,0.7191798,0.73694164,0.7317176,0.73382753,0.7137874,0.71524465,0.7137209,0.73581254,0.7375172,0.72065246,0.7195184,0.7266739,0.728409,0.70643294,0.7184091,0.71539265,0.7193897,0.72397196,0.71106666,0.7249081,0.7218985,0.7335871,0.71814805,0.7296931,0.7158438,0.72326064,0.7176527,0.724674,0.71723676,0.7210937,0.71501076,0.7321147,0.7349081,0.71925044,0.72398925,0.7209911,0.7261324,0.7237396,0.72788805,0.7361729,0.71597683,0.7335552,0.7268829,0.7307782,0.7214404,0.7342356,0.728993,0.7210941,0.71031535,0.73855644,0.73053575,0.73936373,0.7240677,0.7243464,0.7225193,0.71695423,0.7235498,0.7231562,0.71482354,0.709561,0.71281946,0.7280688,0.723718,0.72927463,0.72907144,0.72937965,0.70101184,0.72617364,0.7114613,0.73661673,0.72786045,0.73822546,0.71247274,0.70588636,0.728776,0.7328944,0.71679187,0.7252248,0.7291371,0.72096455,0.7397328,0.721004,0.72368014,0.7305385,0.73066175,0.7373064,0.7315399,0.7417951,0.7273557,0.7267953,0.733338,0.71868515,0.72029626,0.7149431,0.71969944,0.7334331,0.7324702,0.71923155,0.71325743,0.7273826,0.72136456,0.71064985,0.72715443,0.71695805,0.71724015,0.7222018,0.7167492,0.742571,0.7421332,0.7234373,0.7233298,0.73278195,0.74061084,0.7311763,0.7305564,0.72836256,0.7293532,0.7115779,0.727843,0.7110332,0.71321523,0.73933846,0.7248787,0.7278757,0.7349279,0.7318862,0.7161504,0.71791077,0.728592,0.74369407,0.72446084,0.730062,0.7340491,0.7277993,0.7324494,0.724673,0.71042424,0.7229146,0.725614,0.7186477,0.7238085,0.726541,0.7181519,0.7175376,0.7266884,0.723613,0.7260639,0.72685874,0.72557527,0.73075557,0.72738296,0.7181727,0.7218547,0.72088665,0.7211972,0.73026556,0.7281658,0.7200799,0.7294093,0.73253644,0.7307583,0.7213551,0.72900957,0.70362717,0.7304248,0.72488517,0.7149651,0.7275116,0.7038621,0.7203721,0.7278415,0.72813284,0.72650397,0.71843684,0.7258654,0.7181237,0.73712647,0.7138909,0.72338396,0.7437145,0.73575395,0.72981167,0.72821844,0.7288877,0.7242257,0.7366652,0.72949326,0.7168274,0.7380537,0.7173583,0.73413634,0.717872,0.72572726,0.7383707,0.7233548,0.73472476,0.72345924,0.7105178,0.7407808,0.7109788,0.72405803,0.72276795,0.72318476,0.7288678,0.74124837,0.7221034,0.73567396,0.713081,0.73501414,0.72473204,0.721878,0.7370582,0.725933,0.7177766,0.73728514,0.72236854,0.72756314,0.7116018,0.7304314,0.73040164,0.72362244,0.7283269,0.7400109,0.7410596,0.7116855,0.71976125,0.7296644,0.7288742,0.7277875,0.7261069,0.7364762,0.7200875,0.7360946,0.7206346,0.7236729,0.7290511,0.7161648,0.72146076,0.7310891,0.7250554,0.7189462,0.72130847,0.7163608,0.71466786,0.72667485,0.731196,0.72410214,0.7136235,0.721279,0.72258836,0.7350445,0.7215867,0.7242436,0.7368646,0.7314249,0.7129532,0.72516906,0.7365326
0.7180861,0.69313186,0.7028115,0.71359265,0.7254165,0.7286893,0.71690726,0.70430535,0.7174585,0.7117963,0.71491635,0.72561145,0.71132565,0.7189164,0.70876366,0.71236676,0.7323238,0.72312087,0.71198964,0.71700794,0.71733576,0.7211832,0.7071758,0.70202565,0.7089045,0.7150298,0.72039294,0.7147985,0.7237538,0.7258959,0.7108691,0.738322,0.72316885,0.7151913,0.72191674,0.7240476,0.70694226,0.72857684,0.70973134,0.7233382,0.716846,0.70707536,0.725199,0.71790034,0.71238106,0.7043587,0.7366661,0.7118408,0.70785886,0.703809,0.7092676,0.72236264,0.7097812,0.7184296,0.71832544,0.7258148,0.7170866,0.7248879,0.7141903,0.70648015,0.70059836,0.7029301,0.7181149,0.7015022,0.7048893,0.7149195,0.70618796,0.71089435,0.71459335,0.71933997,0.71107525,0.7209156,0.6930489,0.70885247,0.70790136,0.7155321,0.73056215,0.7190765,0.71284187,0.7227143,0.70481664,0.72474575,0.72766185,0.72387475,0.7176066,0.70095307,0.70031923,0.7078044,0.7162511,0.72282785,0.7218505,0.72293955,0.69140905,0.72158754,0.72424966,0.72956973,0.71653646,0.7143055,0.718386,0.72931105,0.7138562,0.71543276,0.7228331,0.71366626,0.71927,0.7079094,0.70332104,0.7302845,0.7013112,0.71048504,0.7101758,0.697333,0.7161851,0.71808803,0.70932466,0.71386045,0.71029735,0.7095839,0.6881213,0.7083847,0.71265554,0.73414433,0.72717917,0.712181,0.6995219,0.7261873,0.7217493,0.7124085,0.7039963,0.7045169,0.7042483,0.7035661,0.7213592,0.7115975,0.7168211,0.7150007,0.70863056,0.7128267,0.71467566,0.715016,0.7114874,0.70204663,0.7052209,0.710383,0.71604013,0.7216488,0.7111323,0.7172826,0.7166853,0.7185108,0.7218161,0.71942735,0.7161874,0.72450566,0.70830643,0.7157698,0.7138933,0.7272935,0.7014411,0.72209144,0.7232592,0.72505456,0.7281322,0.72968626,0.71465605,0.7101539,0.7217628,0.7064731,0.7104668,0.71954864,0.7025841,0.72215766,0.7023515,0.72102463,0.71153724,0.6967247,0.7104099,0.7125047,0.708947,0.71676755,0.7167343,0.69704753,0.71601266,0.72417736,0.70540196,0.7250357,0.70493734,0.71210253,0.71508926,0.71417224,0.7098513,0.7097277,0.718415,0.70009136,0.7079192,0.7251529,0.70571995,0.734754,0.72519404,0.70775425,0.718489,0.70910287,0.7263358,0.71233785,0.6998483,0.720737,0.7172679,0.70621777,0.7081017,0.7108058,0.7099388,0.7124024,0.723715,0.72043896,0.72367674,0.730712,0.7181352,0.7146967,0.7049619,0.7119159,0.7177277,0.72319245,0.71873426,0.7027228,0.7094111,0.71736825,0.7144435,0.7093181,0.70980936,0.7126538,0.7227994,0.72620684,0.7243015,0.70549804,0.706547,0.71488464,0.72509664,0.71598303,0.71381706,0.717049,0.724139,0.7221354,0.7106346,0.7157705,0.7149153,0.7257492,0.7135345,0.7156738,0.70016485,0.71955794,0.6989957,0.70845675,0.7224346,0.709667,0.7104677,0.7194163,0.7203203,0.71985024,0.7124765,0.7321842,0.72725666,0.7144904,0.71256024,0.72251254,0.7065222,0.7170942,0.70652074,0.713235,0.7019486,0.7278568,0.7117408,0.7073334,0.7114932,0.71848434,0.71692586,0.7160448,0.7224815,0.7028752,0.7120827,0.725102,0.71933746,0.7059574,0.7272986,0.70544064,0.7164073,0.723508,0.70314234,0.71969485,0.71688557,0.7035517,0.71056944,0.7139008,0.73453647,0.71264404,0.71959317,0.715748,0.72401506,0.70654213,0.71720535,0.71086645,0.71395683,0.720928,0.7073587,0.7190196,0.7116894,0.7181504,0.7095071,0.7169085,0.7301289,0.70791966,0.725269,0.7141986,0.7088248,0.7133123,0.7212494,0.720373,0.71493554,0.72152287,0.7138785,0.70383215,0.71002036,0.7113836,0.72045606,0.71907204,0.71655804,0.7204308,0.72648233,0.714618,0.7084003,0.71193814,0.7076267,0.7116378,0.7112977,0.7065594,0.71768004,0.70473576,0.70879215,0.71500325,0.7180545,0.70500815,0.7271458,0.71268415,0.71366215,0.7073559,0.7178461,0.70569587,0.7129166,0.70175695,0.7166233,0.7180464,0.71055776,0.7070069,0.72821766,0.72769696,0.72707444,0.729362,0.70907795,0.71353644,0.7278173,0.71801955,0.7168037,0.7175882,0.707882,0.7244864,0.7139321,0.72507966,0.711082,0.7170284,0.71997404,0.697732,0.71889985,0.72141266,0.7140017,0.7239092,0.7181351,0.7247236,0.71011835,0.7157969,0.6969996,0.7208301,0.7303427,0.7123064,0.7131341,0.7065324,0.71412516,0.71073955,0.720091,0.70761096,0.7199664,0.7156805,0.72349685,0.7087673,0.70523727,0.7167287,0.7224058,0.7068648,0.7150205,0.7137974,0.7271975,0.73019433,0.7245263,0.7091961,0.71208006,0.7241148,0.71779627,0.7133653,0.7140053,0.717996,0.72297084,0.72041076,0.7078028,0.7143817,0.7045553,0.7242213,0.7231521,0.7098673,0.7133118,0.720206,0.7099517,0.7116959,0.7259873,0.7173975,0.7157106,0.7246583,0.71022606,0.718122,0.7099119,0.72802776,0.7110874,0.71504503,0.7211192,0.704115,0.70408756,0.71840036,0.7164482,0.71519357,0.72151077,0.71707106,0.7273356,0.71503997,0.71212256,0.7090896,0.7318349,0.7217605,0.7089701,0.72333515,0.71643215,0.71039176,0.70769286,0.70267975,0.6958877,0.7093851,0.71776617,0.7095491,0.7175085,0.72358024,0.7236871,0.7216021,0.72645795,0.71517634,0.7145275,0.7184511,0.71609855,0.7210978,0.7226443,0.7281358,0.7053491,0.69789016,0.7298955,0.702045,0.71836424,0.7176669,0.7235806,0.7212625,0.7094288,0.7092615,0.70591927,0.71822375,0.7170025,0.720854,0.71472454,0.7105007,0.7203286,0.7173652,0.70711875,0.71917874,0.7208921,0.72895455,0.7225237,0.71447027,0.71303064,0.70465046,0.7241548,0.7169125,0.72399014,0.69639933,0.7156005,0.7186698,0.705962,0.73061943,0.71630543,0.7234134,0.6984436,0.7166527,0.72106355,0.7357918,0.71728516,0.70582056,0.7101874,0.6980373,0.7239194,0.7115407,0.70967984,0.7139269,0.7043689,0.7121241,0.69137436,0.71392983,0.7132345,0.7171809,0.7162057,0.7093867,0.7035592,0.71141005,0.72463244,0.71728075,0.72619057,0.7081974,0.7055598,0.7178373,0.7386509,0.72531235,0.70695186,0.70482725,0.7166711,0.7196518,0.70856094,0.72097987,0.7113695,0.7147022,0.71304464,0.7032894,0.70974946,0.71340555,0.7098702,0.7305858,0.71129984,0.7301849,0.71340775,0.72595394,0.72060686,0.7204934,0.7123563,0.72278446,0.7040206,0.727202,0.71415544,0.71318537,0.7191654,0.70417607,0.7190575,0.71671224,0.7112688,0.7189435,0.7205014,0.7089452,0.7235618,0.7079234,0.72981083,0.72112817,0.7331762,0.7275978,0.7305994,0.7196694,0.71573704,0.71133333,0.71976936,0.7108501,0.7124527,0.71054804,0.71314365,0.7159792,0.71816623,0.7170394,0.69568396,0.7276492,0.71788263,0.7212791,0.69995344,0.71448857,0.6975383,0.710101,0.70301455,0.7148684,0.71157825,0.704244,0.71729016,0.7279781,0.7223317,0.7307573,0.7145379,0.7154151,0.7144996,0.7120592,0.72129905,0.7263874,0.7095041,0.7179325,0.7156172,0.70332956,0.7201434,0.70463496,0.7055706,0.7239284,0.6975384,0.7123552,0.7174215,0.71642905,0.71114784,0.71085364,0.7270868,0.70504963,0.708962,0.7070843,0.72266525,0.706219,0.71887916,0.71109533,0.7230975,0.71869004,0.7078493,0.70749336,0.72273135,0.71184945,0.7108804,0.72868997,0.7239535,0.7276351,0.723123,0.7173954,0.71224403,0.6986122,0.7149536,0.7189821,0.7083978,0.71854514,0.7246715,0.7123001,0.72046006,0.71291023,0.7290513,0.7121792,0.7071265,0.70867914,0.70802283,0.7052113,0.7320312,0.7065951,0.7196662,0.7058805,0.7198788,0.71092016,0.7256338,0.71300864,0.71833503,0.7158669,0.7219342,0.7143481,0.71222985,0.7252756,0.7160047,0.7201133,0.72889906,0.7202101,0.7155089,0.7286221,0.71531796,0.71301717,0.72142226,0.71334255,0.6977264,0.7343141,0.70958716,0.71651924,0.7176147,0.73161864,0.71374005,0.7038273,0.72224075,0.7209885,0.707187,0.7117105,0.7195619,0.70469195,0.7305261,0.7062064,0.7086921,0.7028895,0.7247575,0.7064808,0.70676625,0.70166326,0.71699893,0.7160456,0.72729594,0.70802736,0.7238754,0.71618164,0.70186067,0.69484967,0.7230497,0.7275412,0.7141016,0.72415054,0.71149516,0.7178685,0.73105156,0.7307773,0.71612036,0.7198233,0.699788,0.7174199,0.7125531,0.70240074,0.704674,0.724145,0.71613324,0.71007466,0.7318599,0.71151465,0.7128717,0.70567423,0.71443087,0.71129507,0.7209536,0.7254298,0.72282386,0.71065193,0.71821284,0.70863104,0.7325661,0.70803595,0.7153078,0.70973784,0.72699153,0.71355295,0.7175968,0.6985911,0.706463,0.715283,0.71616715,0.70230156,0.7146737,0.7131875,0.7274568,0.7103379,0.7175647,0.695901,0.7162294,0.7065253,0.7111383,0.7189141,0.7292093,0.7185055,0.7026932,0.7213032,0.70994747,0.7152584,0.7070982,0.72130084,0.7197504,0.7184542,0.7102027,0.7262056,0.7201119,0.718942,0.71659654,0.70708674,0.7188612,0.72338325,0.72437596,0.72273237,0.71936977,0.71915764,0.7159565,0.7220866,0.70149714,0.7205518,0.7075028,0.7178538,0.6878332,0.730142,0.70897377,0.7141608,0.7037109,0.7230438,0.7121319,0.70993245,0.7144916,0.72135043,0.71157473,0.70221376,0.71479833,0.72743374,0.71713483,0.72665256,0.7158705,0.72046775,0.71482265,0.719427,0.720788,0.7208165,0.69741577,0.7054946,0.70488983,0.6968842,0.73046213,0.7031688,0.7110997,0.71406806,0.71654296,0.7244358,0.7209384,0.7150326,0.7265719,0.7280517,0.7122909,0.725583,0.72083265,0.72442675,0.7163047,0.698419,0.72943366,0.7014995,0.70765764,0.7162772,0.70327896,0.70862776,0.70318127,0.7186007,0.70597243,0.7247703,0.70940727,0.70088065,0.7101499,0.73281777,0.72891,0.7225633,0.7055813,0.71123946,0.7195419,0.70851374,0.711214,0.7236828,0.7254391,0.7086231,0.71825665,0.71401364,0.709234,0.71041334,0.71203244,0.7060461,0.71955645,0.7159806,0.70437133,0.71093607,0.7209323,0.72798884,0.70587003,0.7031207,0.7029296,0.7262807,0.7006837,0.72517484,0.720318,0.7112169,0.7116906,0.70576274,0.7093981,0.720961,0.7046553,0.72136945,0.7125812,0.71700853,0.7070905,0.7090171,0.70037824,0.7121845,0.7245139,0.73125404,0.7218976,0.71298534,0.7243771,0.7070811,0.7128893,0.720413,0.6964871,0.7134026,0.7141655,0.7135376,0.7243978,0.7253438,0.7172718,0.69796574,0.72330827,0.69580364,0.71022534,0.7263889,0.702121,0.71541643,0.70879024,0.71570873,0.71651566,0.7070293,0.72345465,0.7124567,0.7095845,0.7082975,0.7181193,0.7137613,0.7054941,0.7243503,0.7122304,0.6996878,0.7171209,0.7127812,0.71036506,0.72459173,0.71204376,0.7067859,0.71037376,0.7044117,0.7257956,0.7043516,0.7151483,0.72087634,0.7198669,0.7337768,0.7148757,0.70712507,0.72259337,0.702568,0.7156943,0.7202459,0.71955156,0.7259123,0.7286256,0.71987164,0.71723735,0.7040139,0.7119671,0.70413834,0.7040561,0.7223815,0.715779,0.71505666,0.7310034,0.7190832,0.7235379,0.7034929,0.70772666,0.73303574,0.7165236,0.71549976,0.7101553,0.7150741,0.71845025,0.71413106,0.72406507,0.71931976,0.72100914,0.7164919,0.7246414,0.7276821,0.70972705,0.7122577,0.71586066,0.71156275,0.7232701,0.71202713,0.70336545,0.7131295,0.71142465,0.70400935,0.71222466,0.6972308,0.7187075,0.73063934,0.7132789,0.7078018,0.71148694,0.71261847,0.7216214,0.7005678,0.7143141,0.72445714,0.7130664,0.7165006,0.70408946,0.7237468
0.17158529,0.15199591,0.15488578,0.1583722,0.1489828,0.15658563,0.15038481,0.15447691,0.14907458,0.16121984,0.15688772,0.16339824,0.16451451,0.16782205,0.14829758,0.15510261,0.15142377,0.16931643,0.1518289,0.14889744,0.1651666,0.13888052,0.15667842,0.15979263,0.15137905,0.13492742,0.14822301,0.16026793,0.1491448,0.15526657,0.14453205,0.17283826,0.15853263,0.1419006,0.15440181,0.15237734,0.15678114,0.17822799,0.14825243,0.16612293,0.1570415,0.16280718,0.13422082,0.14280953,0.15227029,0.14381573,0.15764381,0.15825926,0.15005353,0.1600646,0.16178232,0.16328508,0.1420947,0.16103256,0.1569602,0.143372,0.14910989,0.14959206,0.15204033,0.14328638,0.15600246,0.14947337,0.16010134,0.17030856,0.1473848,0.16600543,0.15737297,0.15479608,0.16272455,0.16315871,0.16978368,0.15490222,0.15836224,0.1682913,0.15401374,0.14077383,0.15394036,0.1590171,0.15762001,0.16292877,0.1668661,0.16172095,0.16095555,0.1534372,0.16074067,0.16774982,0.1519693,0.15280299,0.1577898,0.15507339,0.15165403,0.170459,0.14568327,0.14949222,0.1444624,0.16127,0.16061611,0.14649439,0.13516663,0.14887984,0.15924959,0.15557425,0.16217822,0.16330059,0.15438549,0.15300168,0.17278749,0.14364636,0.16029985,0.16929191,0.14324188,0.16317765,0.15305956,0.16312473,0.16010384,0.15127385,0.1553055,0.14534372,0.13357514,0.15295187,0.15702586,0.16308135,0.16493538,0.1495253,0.16490424,0.1501311,0.16739953,0.15534905,0.16194583,0.1388158,0.14092577,0.16146678,0.15905358,0.14464633,0.15882179,0.16229641,0.1618451,0.15471826,0.1741962,0.15298943,0.14090915,0.16247809,0.1476465,0.15905298,0.14815545,0.15640712,0.16223273,0.15349814,0.16057715,0.1505067,0.14981222,0.14398459,0.14711446,0.14989603,0.15576753,0.14717191,0.14514324,0.1613345,0.15094301,0.15674555,0.15919329,0.1558737,0.15706426,0.16092148,0.14885832,0.15579364,0.1683203,0.16158399,0.15012217,0.15030524,0.15346093,0.16741936,0.14129557,0.14693357,0.16815507,0.16171585,0.1506831,0.15529902,0.1496132,0.15773693,0.16313584,0.15037131,0.1684185,0.15459758,0.15325782,0.16221236,0.16617991,0.15304261,0.16002917,0.16646929,0.16468942,0.15480837,0.15077075,0.1506956,0.14080295,0.17045338,0.15215193,0.1687003,0.14995043,0.14133589,0.15440014,0.1634399,0.15228188,0.16129337,0.14846385,0.15446365,0.15495434,0.15584917,0.14928721,0.16172275,0.14411812,0.1652008,0.15424447,0.15170962,0.16649961,0.1484829,0.15220615,0.15664175,0.15464199,0.16302533,0.16482629,0.15148264,0.16096754,0.1534247,0.14918387,0.16052206,0.15238792,0.15975001,0.1647978,0.1457459,0.1591491,0.15843146,0.1541881,0.15384924,0.15315215,0.15923384,0.15789478,0.15337244,0.15648305,0.15441003,0.15357067,0.16226876,0.1576271,0.15700659,0.16571385,0.16364624,0.1529031,0.15604842,0.15411435,0.14235088,0.1586747,0.14851348,0.15702341,0.1443209,0.15837002,0.16324022,0.14209802,0.1474236,0.1619128,0.15127638,0.16670708,0.13175409,0.16196933,0.15827186,0.1514273,0.14271013,0.15021504,0.15999395,0.14583357,0.14543362,0.12781726,0.14730681,0.14547375,0.15870848,0.14105873,0.1443842,0.1567815,0.15723057,0.17338012,0.16772173,0.16108218,0.13756384,0.16337931,0.15002997,0.15663314,0.14973587,0.14085418,0.1543858,0.14581846,0.15227443,0.16390207,0.15214738,0.13159728,0.14671975,0.16116275,0.15688615,0.1482144,0.14590429,0.15743728,0.15768176,0.15103073,0.15756638,0.16857585,0.15035944,0.15218118,0.15999806,0.14290304,0.16849786,0.15744779,0.16327,0.16310026,0.14673883,0.14087363,0.17121243,0.1587813,0.15050167,0.16038735,0.1518608,0.14761713,0.14866179,0.15497667,0.13648152,0.16217759,0.16343328,0.14861381,0.15857942,0.15569937,0.16047484,0.15049583,0.15559126,0.16638476,0.13802266,0.16048695,0.14306493,0.16941488,0.14236045,0.14825149,0.14283423,0.14477198,0.15220982,0.15564457,0.16338955,0.16246809,0.14895004,0.14772034,0.15486875,0.14399664,0.15317576,0.15032063,0.15573186,0.14561078,0.15720655,0.14735225,0.153855,0.15373918,0.14862415,0.16034785,0.14575697,0.1519673,0.15784933,0.14910519,0.14073986,0.16246696,0.1548677,0.1447991,0.16537173,0.15586804,0.1632868,0.15157633,0.15996842,0.14632474,0.16087587,0.1365465,0.1720573,0.16077085,0.15542349,0.14956743,0.15272751,0.1612991,0.16486539,0.15217933,0.15945746,0.15252148,0.14962406,0.15702629,0.1428453,0.1701817,0.16260886,0.14722025,0.14809549,0.15343471,0.13748035,0.15151599,0.15615073,0.15427673,0.15632012,0.15536271,0.15240546,0.1566233,0.15662089,0.15652417,0.15431198,0.15968606,0.16395532,0.16038108,0.13912237,0.15048552,0.14400873,0.14823991,0.13936852,0.14523098,0.15335825,0.16667289,0.14467384,0.16333516,0.14221948,0.15391147,0.1656908,0.15075324,0.1583047,0.1571603,0.15180871,0.15457395,0.17527933,0.15973279,0.16116665,0.15043677,0.14654705,0.1430145,0.1530388,0.1535758,0.14630246,0.14783387,0.14818956,0.1520799,0.16080365,0.15311223,0.15628418,0.14497027,0.14738902,0.156452,0.16775769,0.16415587,0.16735059,0.16987732,0.15174733,0.15692131,0.1498383,0.16170192,0.13736047,0.15137054,0.16062826,0.16029003,0.15190919,0.15997937,0.15548126,0.16178206,0.15701514,0.1488035,0.15884309,0.15991256,0.1671923,0.16888408,0.15879197,0.15778618,0.17241932,0.15554786,0.14784096,0.16501462,0.14962348,0.14465053,0.13823034,0.14366373,0.15680252,0.1321425,0.17432743,0.1466229,0.15706012,0.1488879,0.1659852,0.16602957,0.15313217,0.14839336,0.15281485,0.165508,0.14713806,0.14856115,0.16357669,0.16412403,0.1628402,0.14812592,0.1709954,0.17252317,0.17223726,0.1565049,0.15768936,0.15393518,0.16136791,0.15179737,0.14665605,0.16363478,0.1587629,0.14860675,0.16638082,0.16206473,0.16468126,0.14919138,0.13782056,0.14788169,0.15919319,0.15629733,0.16288206,0.15922649,0.1571763,0.14680538,0.15230875,0.14218178,0.16376354,0.15119155,0.15755406,0.15221868,0.16559294,0.1567206,0.1599939,0.15593566,0.16768946,0.16239905,0.14983198,0.14291424,0.1470037,0.15463112,0.16034095,0.15916933,0.15986864,0.16633607,0.15674807,0.15614462,0.16976134,0.15642418,0.13325489,0.1585498,0.1525564,0.15222481,0.1694248,0.16021894,0.14779386,0.17217274,0.16521922,0.15773292,0.14489037,0.1488011,0.16411649,0.15385929,0.14084086,0.1358128,0.1703076,0.15884121,0.14448322,0.164693,0.1595492,0.15892586,0.15345722,0.14897591,0.14999889,0.1698949,0.16004014,0.17636278,0.15906219,0.16501367,0.1525483,0.15828325,0.16474506,0.15545654,0.1322882,0.15759404,0.14330749,0.154509,0.16481236,0.15622047,0.14953995,0.15029888,0.15117964,0.16316201,0.15411589,0.16664533,0.17474401,0.16354428,0.16102186,0.15057543,0.13830201,0.156183,0.13786659,0.15477008,0.1529704,0.13686657,0.13396141,0.15337557,0.15895484,0.14996324,0.16095063,0.16110195,0.14282504,0.13863416,0.14706624,0.15966156,0.1720179,0.15766622,0.14958455,0.16064042,0.14890027,0.16670012,0.14057314,0.15953605,0.14727601,0.15060806,0.17018998,0.1523957,0.14617777,0.15869914,0.17055157,0.15069723,0.15728411,0.1420713,0.14361234,0.166791,0.14990596,0.1659626,0.15439665,0.14936455,0.15986045,0.14882244,0.1654261,0.16408366,0.15793566,0.16492741,0.14645752,0.15098904,0.17501533,0.15380633,0.15996622,0.14184208,0.14546634,0.14668451,0.16848166,0.1492836,0.15338527,0.15886211,0.14740087,0.16503575,0.15807895,0.15820524,0.15914844,0.15208402,0.1564463,0.1463417,0.1554628,0.15930957,0.15293299,0.172921,0.13997298,0.15482296,0.14927517,0.1533105,0.14348629,0.1515256,0.16071302,0.16617776,0.14910214,0.15663663,0.15654665,0.16795951,0.1621013,0.15294729,0.15032151,0.1599843,0.1619524,0.15541716,0.17161514,0.16250023,0.14580569,0.15470323,0.16292906,0.16504976,0.15036431,0.14827779,0.17202118,0.15571731,0.17166334,0.15090962,0.1641246,0.1658878,0.15626033,0.16446719,0.15284789,0.16480948,0.15133655,0.16255811,0.13621305,0.16250141,0.15430635,0.1595554,0.14088562,0.15622355,0.15612288,0.16506425,0.15445232,0.16219297,0.15611205,0.15826112,0.14396092,0.16107526,0.16346359,0.14757372,0.15888132,0.15577805,0.16010393,0.15938191,0.15277414,0.16651359,0.15601505,0.12968695,0.15550132,0.16763099,0.15569904,0.1592885,0.16866802,0.14018136,0.15328953,0.14665583,0.1497988,0.15757056,0.15378484,0.16326202,0.15481538,0.16249715,0.15241928,0.16619956,0.15756343,0.14278948,0.14647703,0.15464601,0.15680793,0.14589776,0.15709955,0.15842557,0.16052936,0.17108662,0.14468925,0.14672856,0.15022682,0.14642654,0.15599215,0.15929103,0.1586313,0.16071728,0.15082002,0.1559993,0.14681901,0.15294364,0.14468405,0.15326594,0.16880333,0.14936133,0.1526872,0.15391614,0.15196067,0.16357,0.15028729,0.15157782,0.16275796,0.15045048,0.15834983,0.15110956,0.15713584,0.16274215,0.14722764,0.15572879,0.14788872,0.16982882,0.15828323,0.14724794,0.16172461,0.16340742,0.15502672,0.16949126,0.16123717,0.15387626,0.14921689,0.14563529,0.14667983,0.15899071,0.16845445,0.1528632,0.14629132,0.1584772,0.1687554,0.15002453,0.16682015,0.15891121,0.15275778,0.1694364,0.15154746,0.1503197,0.14891067,0.16023129,0.14373472,0.14970449,0.14729378,0.14957094,0.1387186,0.15942994,0.15446611,0.14973466,0.13712728,0.14996076,0.1463099,0.16003087,0.14840052,0.1631454,0.16691764,0.14926106,0.14928228,0.1596433,0.1548736,0.16012922,0.15752013,0.16124532,0.16050443,0.15666312,0.16665547,0.15279287,0.15373635,0.15670808,0.16708903,0.15442216,0.1561013,0.15472385,0.16230477,0.14123854,0.14380705,0.14993958,0.15680167,0.15604532,0.14880893,0.16295104,0.16843575,0.16233264,0.16265947,0.16372842,0.13991266,0.15516028,0.15884478,0.13492247,0.14837408,0.15339449,0.14975032,0.17066434,0.15210931,0.16140378,0.16183773,0.14224096,0.15425462,0.17544445,0.16773978,0.16674739,0.14253515,0.15883595,0.14900202,0.15528372,0.15547054,0.16108634,0.14692834,0.15821703,0.16369154,0.1611247,0.14182407,0.16698605,0.16117345,0.14204879,0.15208028,0.15051447,0.15761438,0.14174387,0.15808061,0.13240226,0.14901543,0.13570936,0.16792017,0.15993306,0.15472457,0.16556895,0.14187777,0.15285632,0.13989776,0.15675513,0.14469934,0.16001858,0.14308895,0.15442039,0.15900365,0.17034903,0.14879233,0.15725297,0.14666939,0.15424618,0.14530104,0.15119004,0.14256515,0.14674711,0.14693609,0.15125433,0.1616798,0.15995932,0.1488185,0.14574678,0.15312189,0.14590731,0.15590374,0.1463671,0.16032143,0.15320279,0.14425318,0.14186262,0.1433972,0.15357226,0.15395461,0.16839316,0.13798685,0.14752935,0.14686394,0.13932487,0.14468643,0.1364326,0.162483,0.14919785,0.15436386,0.16076049,0.13951224,0.15177947,0.14664005,0.15340541,0.14544259,0.16385037,0.15305133,0.15470827,0.1564869,0.15895617,0.15348482,0.13566722,0.15844256,0.15179232,0.1681204,0.16132346,0.16482957,0.14610973,0.15716751,0.15092862,0.15656658,0.15528704,0.17024535,0.15841907,0.15398155,0.15742828,0.14328524,0.15038691,0.14063592,0.15154499,0.14556408,0.1614262,0.17237073,0.16160059,0.15503775,0.1621591,0.16498165,0.14373463,0.16255966,0.15913779,0.15033428,0.15041825,0.15718348,0.14697142,0.15234862,0.16793242,0.15179226,0.1581217,0.14680599,0.15922609,0.14753568,0.15607275,0.14839463,0.15760848,0.15434101,0.1668197,0.15193278,0.15474582,0.14732376,0.14873224,0.1516426,0.1495439,0.15208764
0.8579765,0.85225517,0.8508347,0.8534518,0.8626549,0.87533164,0.86409646,0.84387654,0.8558529,0.8468611,0.85408866,0.8545644,0.8681257,0.8585368,0.87916285,0.86039007,0.86493164,0.85976607,0.8629178,0.8379758,0.8638441,0.86252284,0.85201,0.8483958,0.8662879,0.8527096,0.8701282,0.8552543,0.8538833,0.8581585,0.85642016,0.8567735,0.8588508,0.85546744,0.8593375,0.8614228,0.85837334,0.8463929,0.8485024,0.8681221,0.85496455,0.86895424,0.8658753,0.85247964,0.86614645,0.8660946,0.8556589,0.84678483,0.8584838,0.8591981,0.8607081,0.8553705,0.8519118,0.85975784,0.8592005,0.8564005,0.86527044,0.8602618,0.8555828,0.86571497,0.86113685,0.8525812,0.8605837,0.8569935,0.8609526,0.86809397,0.85644555,0.86357844,0.8590863,0.8602724,0.8569955,0.8610669,0.85845226,0.85911834,0.84942406,0.86817336,0.8537966,0.8633681,0.8562536,0.8558355,0.85462296,0.86450666,0.85589224,0.8542197,0.8646162,0.85950506,0.8541559,0.8443669,0.85074484,0.8680583,0.84178656,0.852261,0.85972834,0.86061805,0.8594537,0.86076015,0.8651159,0.8618912,0.8529823,0.8579537,0.85935783,0.8545517,0.86315614,0.85420614,0.86678934,0.8539922,0.85602796,0.85763353,0.86304516,0.86283094,0.8652903,0.8613053,0.8627008,0.84949666,0.85030144,0.8558889,0.85183185,0.8652688,0.8637809,0.8632664,0.8627653,0.87429374,0.85161763,0.8550046,0.8543683,0.8545855,0.85771644,0.8654878,0.85482764,0.8645978,0.8745572,0.8628927,0.8558787,0.85591084,0.86751133,0.85196614,0.8536454,0.85588145,0.84632283,0.8561944,0.86009187,0.8418576,0.8616873,0.8558852,0.8733706,0.86094785,0.85295147,0.84907824,0.8527659,0.87057674,0.86853683,0.87229097,0.85803807,0.8556019,0.85130876,0.84494656,0.86083645,0.85962206,0.85510933,0.8544984,0.84973484,0.8497933,0.86243343,0.8665116,0.8445507,0.85988647,0.8605177,0.853149,0.8584807,0.86198604,0.85506326,0.85952455,0.85418236,0.86093545,0.86258227,0.856635,0.8582969,0.8615096,0.85056484,0.8606845,0.8612659,0.8589603,0.85746217,0.86161655,0.84493333,0.85983706,0.8616384,0.86127704,0.86809415,0.8654218,0.84718865,0.86875606,0.8588602,0.854805,0.85500294,0.8549118,0.84925884,0.86548924,0.8580759,0.8470337,0.85849446,0.8540999,0.8715711,0.86115,0.84862775,0.8726187,0.85811377,0.8400687,0.8558741,0.86335,0.8517293,0.84407485,0.861711,0.86328876,0.8569813,0.8524913,0.84901637,0.86088103,0.8635359,0.8527676,0.85567796,0.8687939,0.87066865,0.8653218,0.86199236,0.8522968,0.863208,0.84873855,0.8771841,0.863082,0.8592564,0.8579979,0.8705783,0.8580444,0.8614471,0.8658904,0.85785604,0.8531661,0.84938425,0.8500888,0.83756006,0.85593605,0.8546241,0.86755455,0.8650734,0.8598293,0.86301756,0.86336654,0.85810083,0.8686551,0.86205626,0.85766447,0.8558636,0.8401152,0.86957806,0.8490028,0.86866397,0.84674096,0.85428655,0.85834134,0.8695212,0.87974095,0.8607894,0.85706973,0.85615826,0.8724229,0.8448827,0.8653484,0.8605127,0.8535347,0.8566038,0.8512208,0.85097724,0.8724739,0.86282307,0.8544604,0.8570606,0.85214335,0.8555237,0.8585774,0.87135774,0.8597916,0.8615266,0.8666572,0.8477096,0.8501764,0.84587544,0.86558837,0.8653667,0.8618584,0.86890274,0.87086207,0.8658953,0.8682606,0.85157317,0.8587375,0.85799986,0.8558519,0.8521244,0.8593565,0.86742955,0.8645793,0.8622601,0.8559854,0.85947394,0.85869086,0.86445636,0.86114186,0.86624765,0.86189663,0.86440665,0.8589964,0.8626184,0.8627548,0.8552803,0.85734475,0.87216836,0.8776857,0.8535792,0.8607089,0.85970587,0.8555095,0.8586593,0.86897653,0.86466503,0.8612227,0.84740776,0.85474813,0.8626974,0.8603337,0.8515426,0.8570794,0.85115105,0.8555159,0.8588553,0.84139585,0.85995764,0.85328215,0.8591284,0.85497546,0.8660269,0.8588024,0.8586631,0.8644199,0.86366826,0.84423286,0.85055065,0.85812485,0.8705542,0.8647977,0.85803586,0.84828824,0.8610647,0.86310416,0.86184883,0.84498984,0.8586323,0.8622521,0.85792637,0.8664474,0.8597884,0.8536847,0.854981,0.8590512,0.85873854,0.8571022,0.8550826,0.86041796,0.8553658,0.85299337,0.866945,0.86599475,0.8563923,0.858218,0.8546714,0.85492265,0.8679309,0.86209804,0.8458549,0.87186706,0.86083204,0.8636358,0.85931623,0.8604501,0.86757123,0.8653641,0.8758791,0.85314906,0.8564861,0.86029583,0.87439406,0.8657063,0.85554874,0.86402106,0.8649149,0.85067296,0.85841334,0.85198945,0.8563484,0.8513247,0.8695789,0.85365844,0.8466626,0.85274535,0.8605189,0.8524811,0.8589047,0.8503213,0.85994154,0.8638492,0.8603922,0.8654996,0.8601297,0.8614108,0.85404557,0.85898054,0.8524802,0.8630202,0.8639618,0.85534203,0.8501571,0.8560791,0.85393715,0.85210896,0.86134726,0.86179334,0.8540845,0.85840476,0.83649427,0.8461445,0.8561269,0.86211944,0.85667384,0.8573274,0.85262597,0.8621397,0.86409557,0.8512917,0.8600034,0.8576252,0.8449439,0.86013424,0.8616204,0.86567044,0.8632937,0.858761,0.8537832,0.8487847,0.8680884,0.8674029,0.85591125,0.84872067,0.8631558,0.86372536,0.85891986,0.87103164,0.8708749,0.8552283,0.8674114,0.8498962,0.8647655,0.8583645,0.86352384,0.8594162,0.8681521,0.8767012,0.8541345,0.84878117,0.86147535,0.85878354,0.85748816,0.8554258,0.8623019,0.86887443,0.850063,0.8634951,0.8542299,0.8590842,0.8689219,0.8466385,0.8563183,0.8666557,0.8644684,0.8573694,0.8561064,0.8599279,0.8635563,0.86044437,0.87296146,0.8593162,0.8679508,0.8513772,0.8554034,0.8745648,0.86675036,0.8520737,0.837473,0.85555404,0.8665229,0.8567943,0.86742324,0.8700252,0.8606411,0.85812104,0.86796665,0.8695645,0.85718703,0.8661986,0.8454858,0.860027,0.85534424,0.8592084,0.8557487,0.8622817,0.860196,0.8553775,0.85816985,0.8685068,0.8634428,0.85901314,0.8513903,0.8634741,0.8506374,0.85688514,0.8726445,0.851322,0.8555391,0.8609224,0.8558302,0.8579177,0.8661446,0.8644962,0.8576003,0.86223197,0.8615555,0.8586615,0.8570775,0.8614101,0.8596923,0.8580808,0.86645687,0.8567695,0.85359657,0.853296,0.8627484,0.868054,0.85890514,0.865699,0.8644311,0.8614813,0.86014384,0.8602639,0.8575752,0.86051255,0.85389525,0.8571462,0.84645975,0.862867,0.86420065,0.85953385,0.8411854,0.86092365,0.8614886,0.86511934,0.8565613,0.8485279,0.8815936,0.85798675,0.8606428,0.86667585,0.87028176,0.8497672,0.8610987,0.863239,0.8487887,0.8492746,0.860539,0.8530001,0.86789566,0.86002046,0.86105955,0.8510926,0.8603162,0.85543704,0.8405932,0.8527646,0.85219604,0.8786919,0.8583857,0.8560689,0.8563597,0.8630201,0.8507703,0.8678403,0.8518796,0.8571347,0.8614092,0.853752,0.849428,0.8586221,0.8550507,0.86285466,0.857999,0.8554365,0.87189674,0.85615104,0.8585647,0.86015695,0.8574342,0.8506944,0.85731465,0.85534203,0.8562476,0.8648733,0.8524875,0.86434263,0.86866444,0.8585892,0.853646,0.84645116,0.86783636,0.86331964,0.85054374,0.84209394,0.87908924,0.85676163,0.86495674,0.8559428,0.8622328,0.86163443,0.8585948,0.8527439,0.8536225,0.8647737,0.8540984,0.8605494,0.8630068,0.8524731,0.8625398,0.8716063,0.8603491,0.8432911,0.85104454,0.8632313,0.86410606,0.86681175,0.86882055,0.8603796,0.8597196,0.8447354,0.86586845,0.8597116,0.85904825,0.862777,0.8484475,0.84668124,0.88243663,0.85058624,0.85179424,0.8548335,0.85703725,0.8531453,0.862519,0.85885537,0.85798764,0.85561335,0.83871615,0.8623027,0.85322416,0.8593633,0.8564729,0.8593294,0.8708732,0.87065524,0.8648772,0.86490995,0.86471575,0.859737,0.8517524,0.8592267,0.85278577,0.86743194,0.86047745,0.8446232,0.8572861,0.8597398,0.85848475,0.85048556,0.85475856,0.8720253,0.8588963,0.8573533,0.84642285,0.85270095,0.86083585,0.8602395,0.85912263,0.85427403,0.8669225,0.8531062,0.8640766,0.8441331,0.8558672,0.8527712,0.8654128,0.8461015,0.85900295,0.8620202,0.85603386,0.8571612,0.8682308,0.8596936,0.8594292,0.843601,0.8518083,0.8598862,0.8710795,0.8524403,0.85410064,0.8584572,0.8502934,0.8516952,0.85179657,0.8570016,0.8680963,0.86635226,0.8672077,0.8650444,0.8644866,0.84985733,0.8631179,0.8598268,0.86146075,0.8614685,0.8666568,0.8710399,0.85154676,0.8712132,0.8643965,0.8580689,0.87193245,0.8646795,0.85479367,0.85699165,0.8640949,0.8582025,0.86555225,0.86294246,0.85876095,0.8573947,0.86292064,0.8611552,0.85174686,0.857771,0.8630261,0.8503093,0.849582,0.8534365,0.8567376,0.86199975,0.8561051,0.85510975,0.8777458,0.86250436,0.853041,0.8658681,0.8434172,0.86934197,0.8460121,0.8505472,0.8640489,0.85086966,0.8540493,0.85678023,0.86635906,0.86065435,0.86585367,0.85491097,0.8636288,0.864027,0.8634404,0.86156666,0.8591748,0.86628616,0.8554858,0.859526,0.86060125,0.86225486,0.8648532,0.85670674,0.85267097,0.8785653,0.85635006,0.85551,0.8551863,0.8654503,0.87136346,0.8511654,0.8572902,0.8555773,0.8593404,0.8609548,0.8576072,0.8600124,0.8637132,0.86138964,0.8632964,0.86267066,0.84673566,0.8529556,0.8744154,0.8634718,0.8547934,0.86454695,0.86139685,0.85287243,0.8623695,0.85305256,0.84901255,0.86090213,0.8636136,0.8563443,0.8573901,0.8619649,0.86384356,0.8632616,0.86288077,0.8564405,0.85724765,0.8664055,0.85929656,0.87404066,0.86800385,0.838997,0.858836,0.847181,0.85728407,0.8561737,0.8544741,0.8637922,0.85364795,0.85816723,0.8615405,0.8513656,0.8707067,0.863028,0.8578984,0.857239,0.85414785,0.83845806,0.8576364,0.8485396,0.8569729,0.86441827,0.86128277,0.8555962,0.86017615,0.8560801,0.853317,0.8628927,0.8701418,0.85219836,0.865401,0.8683367,0.86045307,0.8643851,0.8563717,0.85915476,0.84892666,0.8650765,0.87118524,0.8678066,0.8479569,0.8556568,0.85592896,0.8628675,0.8612558,0.85401934,0.8514748,0.86166817,0.8552769,0.8604839,0.85749376,0.8675031,0.8605078,0.8534968,0.8609841,0.85904187,0.86791176,0.87377036,0.8625365,0.85022044,0.85095406,0.8626324,0.8549716,0.85582834,0.85686153,0.849076,0.85128075,0.86797243,0.85410005,0.85681665,0.8597498,0.86264735,0.8600379,0.8520502,0.86462116,0.86092097,0.8496018,0.8666794,0.8546784,0.8417243,0.86038464,0.86296946,0.862936,0.8596806,0.8461242,0.8618483,0.86071587,0.8493755,0.8509655,0.8628906,0.85624915,0.85881346,0.8606771,0.8552773,0.848811,0.85713655,0.8636932,0.87279505,0.8543381,0.8697478,0.8606818,0.8572952,0.86549586,0.8508877,0.86339295,0.8812411,0.8496197,0.85066396,0.8688982,0.8669864,0.86205816,0.8646043,0.86090165,0.8550198,0.8696665,0.8670327,0.86007786,0.849249,0.86784303,0.85877365,0.85580426,0.856815,0.8702286,0.85155505,0.86347,0.85921407,0.85876304,0.8517075,0.8616469,0.8665013,0.85464364,0.84694284,0.86966914,0.8649537,0.85733116,0.8554067,0.8549387,0.868757,0.87735224,0.8558949,0.866838,0.8742475,0.854497,0.86969805,0.85880226,0.8714495,0.84830856,0.8757706,0.86511475,0.8575704,0.8599075,0.8639732,0.8543067,0.8633772,0.8548036,0.8663596,0.859043,0.83807755,0.8572799,0.85633725,0.8647247,0.85824156,0.8594142,0.86138433,0.85111177,0.86047816,0.849784,0.86041945
0.7260101,0.734413,0.7260804,0.72919047,0.7241757,0.73543537,0.737653,0.7303592,0.73138463,0.7328848,0.7362394,0.72429514,0.74843246,0.7271747,0.7505987,0.7323961,0.72520256,0.72217685,0.742696,0.7311847,0.7325558,0.7389891,0.7283116,0.7145335,0.73805535,0.72635454,0.73891366,0.72731763,0.739469,0.7230407,0.72507036,0.7238804,0.7312454,0.73045015,0.729275,0.73317784,0.747414,0.7105123,0.74050915,0.7350716,0.7292656,0.74202186,0.7443743,0.7381435,0.73640376,0.7280837,0.7299964,0.7233952,0.7382044,0.732213,0.7247844,0.73240453,0.7457368,0.7251067,0.7504405,0.7322592,0.7542895,0.7235285,0.7273822,0.7465981,0.7367926,0.72604376,0.7283064,0.7275316,0.7194289,0.7244243,0.7299664,0.729805,0.72313744,0.7291597,0.7307391,0.73085475,0.72679895,0.72939026,0.7211511,0.7365964,0.71906257,0.72609603,0.7186491,0.7382097,0.7164284,0.7369188,0.72310835,0.7311387,0.7366403,0.73455393,0.7368884,0.7183373,0.71947676,0.7375661,0.7121016,0.72976315,0.7418636,0.73468393,0.72799337,0.723689,0.73769295,0.732596,0.7344364,0.73670864,0.7244156,0.7337329,0.75090885,0.72749645,0.7414458,0.7157274,0.72585976,0.74312466,0.7267002,0.73633194,0.74935275,0.73077613,0.7318555,0.7249522,0.7304815,0.7237956,0.7434247,0.73761714,0.76085895,0.7334851,0.7337493,0.7330818,0.727159,0.7235878,0.72668505,0.7246224,0.7351238,0.7387986,0.7320374,0.75436354,0.74654305,0.730889,0.73281795,0.7309825,0.7374393,0.73607725,0.7361722,0.72617286,0.715143,0.73343,0.7374891,0.7193753,0.7283289,0.73948485,0.729659,0.73694086,0.72930235,0.7217646,0.7323792,0.7328117,0.7401745,0.73830014,0.7315847,0.74160635,0.7202074,0.7226511,0.7418015,0.732928,0.7313914,0.734634,0.7216961,0.74004656,0.7340074,0.7339236,0.73681784,0.7395202,0.73513025,0.7364641,0.7368212,0.7392933,0.731435,0.74398184,0.74274945,0.7392884,0.7250583,0.7192674,0.73782533,0.72012866,0.73526263,0.73569196,0.7340913,0.7350971,0.7340165,0.7265944,0.7260246,0.7206495,0.730233,0.7472782,0.7334292,0.74547076,0.72032404,0.7229383,0.737912,0.7282464,0.73253214,0.71485966,0.72030514,0.71911937,0.74581593,0.73551714,0.7429524,0.7279128,0.7376433,0.7476087,0.7291409,0.7297228,0.73988783,0.72280526,0.73725915,0.7315965,0.73651516,0.71623087,0.7450788,0.7330039,0.7288474,0.722359,0.72808594,0.7133951,0.73643845,0.7237806,0.73332465,0.7188291,0.7380951,0.7447779,0.7396042,0.7322681,0.74214786,0.71975523,0.73898447,0.7314857,0.7323801,0.72370553,0.73533016,0.7205938,0.7371745,0.74967784,0.7241255,0.7224665,0.7371877,0.73773193,0.7279665,0.72994864,0.72743773,0.7322044,0.73919857,0.7177147,0.7268065,0.7317075,0.73608065,0.7407555,0.7355972,0.7371944,0.7275575,0.7303768,0.73059565,0.7159073,0.74771357,0.72797567,0.7140942,0.73118365,0.7327236,0.73894465,0.7409974,0.730179,0.7342063,0.750898,0.7157158,0.73764104,0.73192644,0.72224104,0.72067666,0.7113481,0.7314499,0.7206197,0.747186,0.72983444,0.7411154,0.7347641,0.7314715,0.72929484,0.7265214,0.72946167,0.7322883,0.7299621,0.7299412,0.72850186,0.74194854,0.73202664,0.7401703,0.73609316,0.73014474,0.7357377,0.74722755,0.7377786,0.7344161,0.7372793,0.7187576,0.7347632,0.7173855,0.7233705,0.72402334,0.7233533,0.7386078,0.73381937,0.73440146,0.73102623,0.7321511,0.72428024,0.73049945,0.72545546,0.7390142,0.73788697,0.74144524,0.7234423,0.7274896,0.73912394,0.7285988,0.7291047,0.7300549,0.742897,0.7347328,0.7396428,0.7356059,0.7277296,0.7273969,0.7346829,0.72247493,0.73661083,0.73141044,0.7242013,0.7129781,0.7369728,0.7317397,0.7268117,0.73618966,0.7243353,0.7355753,0.7363402,0.7282162,0.73404187,0.7200628,0.73080087,0.72102815,0.7397275,0.7357715,0.7210438,0.7456471,0.7484037,0.7129228,0.72687006,0.71437085,0.7221259,0.7273699,0.7203918,0.7384686,0.7267157,0.7305886,0.7287096,0.7297272,0.7316058,0.7335357,0.7295328,0.72683823,0.72168636,0.7357826,0.73321974,0.7417414,0.73646617,0.7262006,0.7309503,0.7368701,0.7159902,0.7268639,0.7277164,0.72491753,0.7285549,0.74397135,0.72736365,0.7172424,0.72305936,0.73300755,0.7401428,0.7319931,0.7369181,0.73508614,0.7356454,0.7297899,0.7264618,0.73579866,0.7401815,0.7565478,0.75042427,0.72465384,0.73821616,0.73387444,0.7346953,0.7376616,0.7248402,0.7317713,0.7290661,0.7394933,0.72469354,0.7119618,0.7336965,0.721177,0.7266237,0.732029,0.7245392,0.73213863,0.73280376,0.7367367,0.73774594,0.73065597,0.7341261,0.7373393,0.73637563,0.7195,0.7306555,0.73589945,0.7393834,0.7164969,0.725272,0.73287535,0.72350085,0.7533675,0.7232393,0.7412026,0.72976613,0.7234423,0.72882026,0.725311,0.7365786,0.74291396,0.7443512,0.72170216,0.7267113,0.7362824,0.7327374,0.736148,0.7309423,0.7105856,0.718074,0.7299332,0.72793007,0.7237943,0.71130085,0.73257536,0.72077125,0.7578312,0.75711596,0.7247786,0.7305091,0.7303563,0.73255235,0.73051,0.7452076,0.7299677,0.73698604,0.7328189,0.72248316,0.73117286,0.7455571,0.7252692,0.7382867,0.72906923,0.7232262,0.7277835,0.7163079,0.7369357,0.7419562,0.7320727,0.7297846,0.73065376,0.7404902,0.73288107,0.7281824,0.73883456,0.72559255,0.74824375,0.70877486,0.7236455,0.74908423,0.72645545,0.73719305,0.74045247,0.75091463,0.72478247,0.7386179,0.7322426,0.72116095,0.7246282,0.72490746,0.72436523,0.72604483,0.7383374,0.7152713,0.71519756,0.72197235,0.727553,0.7326231,0.7271476,0.72723335,0.7387872,0.7344173,0.7267834,0.72428715,0.7371919,0.7445479,0.72793984,0.73495317,0.7278107,0.7275885,0.72988224,0.7227001,0.73583585,0.7331391,0.74615735,0.72650933,0.734328,0.72677183,0.73646,0.7237696,0.73626125,0.7348046,0.73433673,0.7308105,0.7234705,0.7278118,0.732636,0.7456046,0.728569,0.7236259,0.7236264,0.7222495,0.7374119,0.7244331,0.7358987,0.732151,0.7283228,0.7265615,0.73555624,0.7296123,0.73385864,0.7219269,0.74106234,0.7379319,0.7338855,0.7318267,0.7292281,0.7303438,0.7398555,0.72883177,0.7314864,0.73876303,0.730692,0.72537607,0.7305218,0.73891073,0.7392499,0.73682046,0.73164034,0.7222701,0.73988456,0.7249156,0.7145014,0.72418135,0.7256853,0.72997254,0.72472334,0.7335198,0.7310709,0.7214084,0.73147285,0.7377562,0.72750545,0.73348475,0.72955924,0.7197831,0.73472846,0.7308128,0.7382754,0.72355324,0.7225145,0.7315813,0.7264896,0.7210565,0.7192654,0.73425716,0.7350002,0.7426168,0.7359048,0.7415787,0.7280708,0.72904277,0.729739,0.7302706,0.74017346,0.73565364,0.7185514,0.7327396,0.7225126,0.74329776,0.74264973,0.7273275,0.7295816,0.7285173,0.72459865,0.73409927,0.72419673,0.73519355,0.72755,0.7263689,0.72892106,0.74650127,0.7216155,0.72714216,0.72814554,0.73712444,0.7122159,0.7102196,0.72774434,0.7376797,0.737592,0.7410099,0.73950684,0.7321455,0.72979957,0.7350288,0.74205256,0.72529596,0.72756624,0.7253291,0.7239195,0.7423752,0.73015225,0.7417831,0.75087476,0.7207135,0.73953027,0.7287413,0.7436631,0.73169637,0.7150933,0.7313924,0.73319256,0.7429915,0.73777795,0.73339725,0.7128555,0.7364624,0.7272301,0.7399303,0.7327215,0.73479414,0.72130525,0.71108645,0.742964,0.724362,0.724708,0.73045695,0.72592753,0.7330409,0.73774815,0.73811954,0.7356858,0.72432995,0.72056913,0.7312497,0.73473656,0.7485401,0.7443869,0.7208001,0.7307205,0.7382964,0.7402338,0.7279846,0.7305769,0.7104806,0.7150789,0.74968725,0.7262881,0.7288031,0.7221581,0.73225456,0.74504894,0.72633827,0.7275106,0.7353482,0.7290449,0.7429146,0.7226955,0.72724473,0.72972614,0.7239082,0.736004,0.73761237,0.7273085,0.7444634,0.73838615,0.7399313,0.73434526,0.71691424,0.74059254,0.7181243,0.7427004,0.72143555,0.7268241,0.73909247,0.715828,0.7265797,0.72926694,0.71552604,0.733882,0.73247397,0.73468584,0.7253493,0.73192793,0.7250619,0.722925,0.729043,0.7149965,0.72856474,0.71881163,0.7229409,0.7272797,0.7313279,0.7481031,0.7449914,0.7187989,0.71858066,0.72508705,0.7415731,0.740507,0.7361546,0.7373067,0.7414624,0.7233491,0.7402428,0.7286188,0.73683524,0.73057044,0.73332006,0.72768587,0.73854303,0.73525494,0.7370852,0.72986585,0.721262,0.73844415,0.7419921,0.73209804,0.74653417,0.74548095,0.736782,0.7429687,0.73005,0.7338382,0.73223937,0.7331401,0.7439173,0.7242015,0.73543,0.75013757,0.72964495,0.7378651,0.7421658,0.72530437,0.747338,0.7389158,0.71514606,0.7275809,0.7223034,0.7273991,0.7311338,0.7395004,0.74730074,0.74058443,0.7305281,0.7312054,0.7263884,0.7483016,0.7299874,0.7209437,0.7416767,0.7238152,0.73978597,0.7215677,0.7294271,0.74569803,0.7355209,0.72616893,0.7349774,0.7236332,0.74462193,0.72178686,0.7323797,0.7369381,0.7218041,0.73434144,0.73297143,0.7240935,0.7447808,0.73287153,0.7366288,0.740938,0.722651,0.7331605,0.73048586,0.7195479,0.7449919,0.72728145,0.7452685,0.73658925,0.7436948,0.72409254,0.73089516,0.7291091,0.7418929,0.7302749,0.7112896,0.73793167,0.7327725,0.7274255,0.7554012,0.743521,0.7263799,0.73342675,0.72373426,0.74733186,0.7292712,0.72879165,0.7375382,0.74338293,0.71651614,0.7411446,0.7190306,0.74186593,0.7340953,0.74718,0.731401,0.73103046,0.71449536,0.74561983,0.73065555,0.73354375,0.7174767,0.73429805,0.72713304,0.72971284,0.73547864,0.7236787,0.72742444,0.7276337,0.7281626,0.741937,0.7455484,0.7352749,0.7246225,0.74041635,0.7285243,0.73078454,0.7248825,0.7309253,0.74037397,0.74485785,0.73926944,0.7268701,0.73590034,0.7276554,0.74102783,0.7427444,0.7382041,0.7276933,0.7230697,0.74241066,0.7444367,0.7309656,0.74206495,0.72392523,0.72689223,0.7331523,0.72716886,0.73220325,0.7388936,0.7348567,0.74014616,0.7537781,0.7222493,0.73762256,0.74639827,0.7312984,0.72830063,0.7253724,0.74150395,0.725808,0.726654,0.7353212,0.72719634,0.7374502,0.72860396,0.7231772,0.7418959,0.7451924,0.7374747,0.71917975,0.72392327,0.73458034,0.72439885,0.7370549,0.7225708,0.732261,0.7240912,0.7292177,0.72665757,0.74412054,0.7232952,0.74109113,0.7190031,0.73783755,0.7392698,0.732875,0.745163,0.73271847,0.73041147,0.7251351,0.72431386,0.74180436,0.7333851,0.73376805,0.75064844,0.7267776,0.74436516,0.7221683,0.73133457,0.7366909,0.7388941,0.71312773,0.7236443,0.74350953,0.73578745,0.73619133,0.72784185,0.7239961,0.7225365,0.7374201,0.739455,0.7291612,0.74026716,0.7382043,0.7383362,0.73530364,0.72674835,0.743768,0.7278552,0.75224835,0.71634656,0.72367024,0.73058784,0.7492781,0.7318844,0.7461317,0.7367558,0.72777534,0.71814144,0.73543745,0.74131864,0.73621005,0.7249227,0.73729855,0.73734236,0.73908436,0.7204379,0.7368565,0.71951187,0.73711246,0.733114,0.7376711,0.7355586,0.7095971,0.72940636,0.73238826,0.7282316,0.7242555,0.7425858,0.7267237,0.7215409,0.7312647,0.7424697,0.73494875,0.7291982,0.7337192,0.728757,0.73075134,0.73254573,0.74419194,0.7262152,0.73271555,0.7310607,0.7397955,0.71724284
0.89422727,0.8905141,0.8973665,0.89780396,0.906962,0.9039152,0.9050584,0.8962926,0.90615594,0.894655,0.91497046,0.90448886,0.89255905,0.8853862,0.89397836,0.91083413,0.8935323,0.91166556,0.8893057,0.8890694,0.8935426,0.90701073,0.88810194,0.8969427,0.89846253,0.9031383,0.9070337,0.89280534,0.90461564,0.90376586,0.9078899,0.90280765,0.9001033,0.90567607,0.9024246,0.901255,0.90273243,0.8973047,0.8844824,0.8955702,0.88595986,0.895889,0.9102643,0.90128267,0.9021689,0.89439106,0.9083172,0.8951741,0.90547955,0.8991426,0.89856255,0.90291995,0.90903455,0.90097964,0.8850803,0.90794265,0.9023842,0.9011945,0.9085385,0.9055041,0.8921044,0.878783,0.9092177,0.89775777,0.9145374,0.8981148,0.89229465,0.8927976,0.9046906,0.9014436,0.8913611,0.900534,0.8966796,0.89672816,0.8974905,0.89939725,0.9022439,0.8948156,0.8994888,0.89887977,0.8920613,0.9043093,0.90827113,0.90784705,0.89020246,0.8901474,0.8894349,0.8931154,0.8952161,0.9012946,0.8943133,0.8999909,0.88949347,0.903733,0.9030673,0.9099665,0.88475186,0.89591676,0.9066707,0.90100116,0.91404986,0.90931326,0.8970983,0.8948718,0.9023239,0.8923813,0.8907317,0.8954136,0.8974038,0.9063242,0.9027846,0.9030174,0.8910514,0.8854398,0.8995004,0.8991932,0.88962287,0.91208637,0.89722914,0.90215856,0.90259194,0.90773636,0.8972842,0.9043871,0.8957929,0.8980831,0.901815,0.8954542,0.8890998,0.90866864,0.90001553,0.8998516,0.9078744,0.9046717,0.90849245,0.88951296,0.90751976,0.89756787,0.8900154,0.90593004,0.9012152,0.88578576,0.9057735,0.8941674,0.89471906,0.9054521,0.9072389,0.89925885,0.8896664,0.90231746,0.910082,0.911892,0.9034429,0.89509034,0.9034735,0.9051984,0.9007949,0.89331883,0.8887172,0.8939678,0.8962951,0.90991086,0.8959983,0.90423816,0.89572585,0.8942721,0.8994161,0.9026697,0.90812916,0.9070839,0.8968336,0.90245473,0.90767205,0.9030256,0.8911111,0.8999774,0.89385736,0.89205056,0.89615285,0.88792074,0.89723784,0.8996704,0.897239,0.9075987,0.9029765,0.90407026,0.8879657,0.90831506,0.9024924,0.8974596,0.9034753,0.9107998,0.90456104,0.91450566,0.91337824,0.9076359,0.8975697,0.89972895,0.90108347,0.9012019,0.90915656,0.9039217,0.89961743,0.89690053,0.9011522,0.9033931,0.9007832,0.89998806,0.87856996,0.8834572,0.90446573,0.90414554,0.8977189,0.8962421,0.9071008,0.90013385,0.91332644,0.90859914,0.9050412,0.8909568,0.91350484,0.90360004,0.91004205,0.90290445,0.89844996,0.9052928,0.9059017,0.89483756,0.9019331,0.9122534,0.9075789,0.891371,0.8906148,0.8849141,0.90682936,0.91048896,0.9021867,0.90527856,0.8999257,0.8963276,0.9024449,0.90518147,0.9050305,0.89864105,0.91097695,0.90326,0.89450645,0.8987152,0.8956005,0.8978876,0.92189425,0.9090843,0.90576416,0.89284897,0.89504313,0.8996481,0.89124703,0.91574275,0.8950321,0.8880346,0.9034132,0.90657306,0.9057409,0.90468854,0.8938963,0.9070492,0.8872119,0.90214545,0.893607,0.90431345,0.9108206,0.8927946,0.89569014,0.9115934,0.9018529,0.90508294,0.9034396,0.8924712,0.9006803,0.89675146,0.90051335,0.8959061,0.90227515,0.9082528,0.8978067,0.90136665,0.897517,0.90404844,0.90441394,0.8894367,0.8986336,0.90856826,0.92118305,0.9094113,0.8946465,0.89820594,0.9098269,0.8874411,0.90547466,0.9052717,0.909153,0.88024026,0.89060044,0.89789927,0.8949188,0.896562,0.90515125,0.9058363,0.9085855,0.8994199,0.9121397,0.9050673,0.8982278,0.90311,0.89531326,0.9049581,0.9006541,0.9021307,0.89422226,0.8871101,0.90384644,0.9073841,0.8988374,0.89964986,0.88090754,0.89715123,0.90498906,0.8894822,0.8966959,0.90043235,0.8878262,0.89617056,0.9082227,0.8939459,0.89416045,0.9056341,0.8978775,0.9056597,0.9014862,0.90962166,0.9004244,0.8945775,0.90390116,0.90302956,0.900653,0.8906946,0.90772593,0.908236,0.88985246,0.88771904,0.8966008,0.8810824,0.9025017,0.90084636,0.9079416,0.9086461,0.90518683,0.9099773,0.89520866,0.9017303,0.9000462,0.90153587,0.9002167,0.90317225,0.90200573,0.8998947,0.89751667,0.8997334,0.90574276,0.88752794,0.9090167,0.89944524,0.9015544,0.89394945,0.9014348,0.89164585,0.9038096,0.89411396,0.88042754,0.8981419,0.91382116,0.890003,0.9031535,0.90260893,0.89546865,0.9002175,0.89733887,0.9041919,0.91053987,0.9203839,0.90943766,0.91822726,0.88862866,0.91480494,0.904571,0.88786745,0.9028118,0.9090124,0.9059191,0.8990541,0.8971392,0.90692395,0.8976594,0.8905316,0.89873236,0.9015787,0.9045019,0.9002372,0.9001742,0.90066266,0.8978294,0.9106495,0.8977278,0.91091365,0.9044574,0.90576833,0.89375305,0.9085803,0.88926524,0.9088964,0.91092163,0.89920825,0.90851957,0.8911333,0.9037661,0.8978048,0.9004635,0.9009258,0.90099806,0.9124372,0.8948997,0.89550227,0.9022268,0.90011835,0.90129846,0.89282876,0.9026997,0.9007633,0.9011352,0.90421116,0.8944639,0.8974366,0.8959791,0.89811057,0.89797336,0.9128461,0.8988223,0.89975727,0.9034645,0.89859384,0.8999641,0.8999592,0.8984708,0.90039504,0.8976782,0.9191893,0.89620876,0.9011887,0.901607,0.9054805,0.8927078,0.8965841,0.8988699,0.9155787,0.8922206,0.9110803,0.89550954,0.88346076,0.8958207,0.88935655,0.903519,0.89785284,0.89936566,0.9071185,0.9063829,0.8982294,0.90636426,0.91074,0.9046329,0.8968745,0.9008053,0.9012696,0.9046317,0.9069564,0.8871364,0.9186139,0.9003684,0.9107004,0.8944146,0.8877897,0.90227515,0.9033586,0.89303845,0.895845,0.900605,0.9011067,0.9093673,0.8984969,0.88499486,0.90664864,0.8866278,0.90514725,0.8984682,0.90651566,0.8960773,0.88594383,0.90757775,0.8979332,0.901247,0.90122086,0.91362566,0.89290917,0.9029484,0.89226216,0.8985968,0.8976097,0.90592885,0.89791566,0.8998009,0.9168919,0.90021473,0.8904079,0.9067855,0.9047247,0.91058147,0.89360356,0.90350515,0.89872617,0.9126551,0.89600223,0.9084103,0.8905348,0.8966453,0.90143573,0.89533323,0.892416,0.9136813,0.89806104,0.8890975,0.89597297,0.9048945,0.9100921,0.8938389,0.88293344,0.8959721,0.8968422,0.89483976,0.90505946,0.8965538,0.90705377,0.89839303,0.90116,0.89865506,0.90632445,0.90354294,0.90029716,0.8920035,0.900315,0.9025251,0.90893906,0.90581656,0.904768,0.9106643,0.90396047,0.8814648,0.9116726,0.8935952,0.88898844,0.9060625,0.9042352,0.8961299,0.8931422,0.90380526,0.9057817,0.88933283,0.90802765,0.8946522,0.8878199,0.90531296,0.90870655,0.8968486,0.8917866,0.88824147,0.89510214,0.8976507,0.90513283,0.906499,0.8903933,0.884652,0.9139493,0.89591044,0.9061084,0.8927397,0.89290625,0.9147457,0.8960209,0.91028464,0.9094373,0.91430354,0.8913334,0.88779396,0.9080445,0.89499944,0.89840645,0.9181973,0.9048049,0.89564216,0.90330577,0.8973185,0.90937257,0.90643114,0.91558594,0.8940826,0.9037368,0.89518476,0.8869372,0.9040312,0.8914182,0.8800183,0.87781996,0.89431864,0.8984065,0.8878903,0.90713483,0.90852875,0.89285696,0.9100038,0.89672697,0.9066573,0.8995829,0.90223455,0.8975684,0.8982571,0.9071902,0.8887934,0.9120611,0.8999162,0.88925797,0.91115814,0.912233,0.91537386,0.8914406,0.9048357,0.907585,0.90798676,0.90729886,0.9072569,0.91268027,0.89229876,0.9042293,0.89440674,0.90379226,0.88964313,0.9034066,0.8979672,0.8853151,0.9015217,0.8900002,0.8783101,0.8994221,0.89947605,0.89556843,0.91477364,0.89605653,0.90439725,0.8989701,0.89503056,0.90724665,0.89880514,0.90052617,0.8826112,0.89110065,0.8968108,0.9011982,0.90986735,0.9011396,0.9102622,0.89349806,0.8973552,0.8942142,0.88536024,0.9081664,0.88725704,0.8945099,0.89211375,0.9053703,0.8798293,0.9117082,0.9095186,0.90986645,0.8943183,0.88619894,0.9060902,0.888627,0.90452284,0.90057,0.90675455,0.8839565,0.9024158,0.88931006,0.89070344,0.9011113,0.8907977,0.89815986,0.88859254,0.8902958,0.90108985,0.9011645,0.8931538,0.89279765,0.90039635,0.89777803,0.9046468,0.8953575,0.8965966,0.8962295,0.9030691,0.90645415,0.90290797,0.9066337,0.9018868,0.89191574,0.9029659,0.90170586,0.89861745,0.89265686,0.89240676,0.90861535,0.9108286,0.9004816,0.89616406,0.8942115,0.8860963,0.89978576,0.90550506,0.9127266,0.8952347,0.90274644,0.8952666,0.90405375,0.8959146,0.8964808,0.9025695,0.8980011,0.9023089,0.8985083,0.885682,0.88828623,0.90310097,0.9099744,0.901068,0.8980093,0.9079564,0.89482695,0.90985125,0.89548826,0.8899383,0.901179,0.8902822,0.8937501,0.8900514,0.8993032,0.9039748,0.88976085,0.8961631,0.9089022,0.8964373,0.9035078,0.8966473,0.90313876,0.90723383,0.89313835,0.8963574,0.90038717,0.89087063,0.9004134,0.9019667,0.90239507,0.89994264,0.8967458,0.90069324,0.8983635,0.8945259,0.8934672,0.8977836,0.8931681,0.9033522,0.8990899,0.9021113,0.8933495,0.8882322,0.9013532,0.90136755,0.90151924,0.89214516,0.8943786,0.892337,0.89271986,0.8980221,0.8997476,0.88659024,0.8878125,0.89502,0.9008086,0.9011389,0.9048114,0.9064184,0.90409577,0.90192825,0.88752043,0.8948202,0.909213,0.8970028,0.90711695,0.8971681,0.8907133,0.9029574,0.8998392,0.90204483,0.9075329,0.9040732,0.8993415,0.91496795,0.90814006,0.9031338,0.88227767,0.9052767,0.90080494,0.9044471,0.91352737,0.9057813,0.90360785,0.90690726,0.89498585,0.8984858,0.90499604,0.8941182,0.8877875,0.89783835,0.89374226,0.90378803,0.90104717,0.89982265,0.8955667,0.9053892,0.9034563,0.909109,0.8963217,0.889508,0.9081934,0.8926412,0.8819791,0.9025318,0.9028249,0.9065147,0.90429735,0.89474237,0.8910608,0.894891,0.9124006,0.9085591,0.8875021,0.88916695,0.89181805,0.898375,0.90096873,0.8958823,0.9088187,0.90856385,0.88051593,0.8983523,0.91392666,0.88646364,0.9012402,0.9134928,0.911681,0.90314984,0.89986813,0.894921,0.90098,0.895261,0.89885145,0.9086074,0.88840514,0.9137845,0.908171,0.8983776,0.8917482,0.90545636,0.90029967,0.8958682,0.8985419,0.89865273,0.9051984,0.89463496,0.90048987,0.89546293,0.89930487,0.914598,0.89529634,0.8923153,0.89658815,0.89628327,0.90377563,0.89334047,0.89491695,0.90231,0.8969387,0.90375733,0.8920708,0.90892625,0.9051061,0.89650375,0.9020145,0.9078787,0.8891161,0.8977213,0.8908264,0.8881281,0.90375984,0.8938259,0.910742,0.90198416,0.9112424,0.9021515,0.8934685,0.892781,0.9024666,0.9034138,0.9019682,0.8972855,0.90010625,0.9016812,0.90369844,0.9089781,0.908943,0.90170735,0.90093243,0.8955144,0.9095185,0.9024405,0.89675343,0.8970713,0.89353466,0.9044383,0.9004728,0.9039244,0.89382654,0.9020567,0.89319515,0.8962905,0.8877862,0.898971,0.90048516,0.90643877,0.8904697,0.894349,0.8964891,0.90433323,0.89993393,0.90601766,0.9108683,0.89684933,0.9013239,0.90836096,0.90105915,0.88734686,0.9127562,0.8991369,0.8977712,0.9086211,0.89992976,0.90203863,0.89332765,0.89166206,0.8893717,0.90444076,0.9017229,0.8907956,0.89156044,0.9007051,0.8917594,0.89728904,0.89575195,0.8960966,0.8951449,0.899777,0.9160522,0.90673214,0.919411,0.90731096,0.90000486,0.8910464,0.88666296,0.9009446,0.90499616,0.8929016,0.90657854,0.90201414,0.9139543
0.32426935,0.3175439,0.32584667,0.30954278,0.31764653,0.31741902,0.30689126,0.31079516,0.32100716,0.31577396,0.31668723,0.32238272,0.32536504,0.3161857,0.31209934,0.30241373,0.31106368,0.30334887,0.31252897,0.3104648,0.32755736,0.31651834,0.32457495,0.31007275,0.32606524,0.31849986,0.3195375,0.33307278,0.3122286,0.31326586,0.31300873,0.32305342,0.3188512,0.3075645,0.3188405,0.32336143,0.3050821,0.31015733,0.33230388,0.3188578,0.32603818,0.31308493,0.31247145,0.32076943,0.31141338,0.31342652,0.32451814,0.3146821,0.3067834,0.30777392,0.31183216,0.32938415,0.3142462,0.30898735,0.33381507,0.31545413,0.3160917,0.32973835,0.29740134,0.3275383,0.3176967,0.3165339,0.32633397,0.32288563,0.2917033,0.31743193,0.29866478,0.31196633,0.30919167,0.32574818,0.31671408,0.32489377,0.31595138,0.3299427,0.31754333,0.3068573,0.32084396,0.31490177,0.3047702,0.31284326,0.31118768,0.31155834,0.3178029,0.31883085,0.32383192,0.31117618,0.32309517,0.31649536,0.3090909,0.31550327,0.31653312,0.31962717,0.31094274,0.31396008,0.3166919,0.31790647,0.3380932,0.31413075,0.29931074,0.3210777,0.3127003,0.31424525,0.32731384,0.31941804,0.31717694,0.31031543,0.3239872,0.31508458,0.32912442,0.30913967,0.30253285,0.30915093,0.31994185,0.32187653,0.3279003,0.31574702,0.33243236,0.3122496,0.3157063,0.3028914,0.3136729,0.31967372,0.3223146,0.31722847,0.31890357,0.31911418,0.31953597,0.30800018,0.31208462,0.32472157,0.303513,0.31359076,0.32047927,0.31146204,0.30156633,0.3302333,0.30807477,0.32323638,0.3242111,0.30164787,0.31719968,0.31451288,0.3191799,0.3296367,0.316279,0.32380673,0.32931602,0.31802502,0.32216105,0.32611424,0.3201008,0.3148193,0.31844872,0.30512717,0.29917067,0.3189137,0.31224346,0.34773296,0.3121026,0.32978228,0.31110266,0.32087314,0.31820077,0.317174,0.304182,0.31898105,0.32306513,0.3111428,0.3101064,0.3088095,0.32260448,0.32273012,0.31502473,0.3087527,0.33053106,0.3128822,0.3039967,0.32063705,0.3241069,0.3395752,0.31756693,0.31706372,0.31220597,0.30567726,0.2984005,0.31396973,0.31670177,0.31863198,0.32861644,0.3150711,0.31648245,0.31260455,0.31550157,0.3080099,0.30273068,0.33079308,0.31438175,0.31744596,0.30198687,0.3055729,0.31993943,0.31232786,0.3137023,0.32015905,0.31876403,0.32261097,0.32619172,0.32114702,0.34093884,0.3073105,0.31473494,0.32009596,0.31126052,0.32083157,0.31150642,0.32107678,0.32079262,0.30285108,0.31338155,0.31407055,0.31936377,0.31544372,0.31981865,0.32567707,0.3159921,0.31001985,0.32174012,0.31976154,0.2982142,0.30056706,0.3115288,0.3168914,0.32039163,0.30631396,0.31603265,0.3150818,0.31018314,0.30002233,0.31441864,0.3021747,0.31849226,0.33028957,0.31610882,0.3169245,0.3124209,0.3168277,0.31700912,0.31294602,0.31005788,0.30230075,0.31674606,0.31462243,0.32281527,0.30371374,0.3132838,0.31338552,0.3140774,0.30995312,0.32064843,0.3271259,0.31474513,0.31130034,0.32824254,0.30713314,0.32818976,0.314069,0.3163828,0.3273578,0.3069964,0.30981258,0.31315324,0.30545378,0.30483946,0.30742088,0.3075384,0.31268314,0.3162002,0.31138992,0.3191875,0.3179845,0.3057036,0.29813772,0.31582117,0.30498433,0.31300005,0.30132094,0.29909155,0.32074648,0.3316116,0.3187639,0.3177958,0.32752752,0.31424785,0.31461227,0.33060104,0.32335764,0.30332634,0.3116992,0.3095478,0.31220213,0.31768852,0.3113821,0.32290387,0.32080922,0.3253527,0.31585178,0.3035906,0.32407904,0.31293237,0.31744283,0.3262659,0.31583226,0.31523302,0.3238289,0.332297,0.31147894,0.30967355,0.31649315,0.3102406,0.31799397,0.31307924,0.31883714,0.31488788,0.31022733,0.3129513,0.32352117,0.31013668,0.3163622,0.33535713,0.29550847,0.30403912,0.31706512,0.32339805,0.30420482,0.31465462,0.30994222,0.29372686,0.31381527,0.3214368,0.32113135,0.3167578,0.31498206,0.318114,0.33309713,0.31926632,0.31222248,0.31958944,0.31443447,0.320697,0.31240344,0.3034163,0.31272507,0.3071681,0.3149212,0.31378826,0.31746596,0.31371522,0.3169818,0.30946568,0.31895268,0.30910778,0.31748107,0.31550112,0.3089204,0.32550058,0.32546914,0.31695765,0.3241467,0.324916,0.32338712,0.32279944,0.3160145,0.29924715,0.32818022,0.31027675,0.32717076,0.31671256,0.3210245,0.3138944,0.32747167,0.3142685,0.3178694,0.31079903,0.30356607,0.31320268,0.3125493,0.32782888,0.30718067,0.31902373,0.31560352,0.30783793,0.31386092,0.32128572,0.2993354,0.3002877,0.32790115,0.3092818,0.30181682,0.31249335,0.31037688,0.31751496,0.30633146,0.30730394,0.3238981,0.31551453,0.324508,0.33409062,0.32394245,0.31321216,0.30958137,0.31280056,0.32613233,0.32537076,0.3165501,0.31850058,0.3120161,0.3153511,0.322387,0.3111074,0.31670788,0.31430924,0.3118214,0.30090988,0.32188356,0.3255641,0.3225231,0.31664595,0.322465,0.30748785,0.30862302,0.32525998,0.3209934,0.30104953,0.30962116,0.31759986,0.32177565,0.3256916,0.30760813,0.31978676,0.29959896,0.31905326,0.31318167,0.3239346,0.32412705,0.3211901,0.32272667,0.31694862,0.31137878,0.32262504,0.32404125,0.31923506,0.30775556,0.3261146,0.3195305,0.32125047,0.31667113,0.31298625,0.3062118,0.32048523,0.3280531,0.31383356,0.32932985,0.31826338,0.32729748,0.3059473,0.3170644,0.32461873,0.31250152,0.33645892,0.30735365,0.30015278,0.31002685,0.31057885,0.33032846,0.3038469,0.32228294,0.3137103,0.31390566,0.31607136,0.30770946,0.3162378,0.32662374,0.31131646,0.32968262,0.3259432,0.3060526,0.32116738,0.3114807,0.32359004,0.32601872,0.31124407,0.32307547,0.3194849,0.31903952,0.3215937,0.30270743,0.30407947,0.3242311,0.31918424,0.3043646,0.33585572,0.31877697,0.29956457,0.3324049,0.31322318,0.32289526,0.3111696,0.31195644,0.31582242,0.3090659,0.3087716,0.3212242,0.30123344,0.31029552,0.31652313,0.3140958,0.30247745,0.30981708,0.31663907,0.31955382,0.32454613,0.3074004,0.30304837,0.30861345,0.31124878,0.31729552,0.32619599,0.3074479,0.33122158,0.3263434,0.31501243,0.3284379,0.32348564,0.30956414,0.32453987,0.31800348,0.32078147,0.32846624,0.30109113,0.29425243,0.32048705,0.3037171,0.3139762,0.32934365,0.3159289,0.32122862,0.31132117,0.31681716,0.31786036,0.32152063,0.32797343,0.31975448,0.31034395,0.32405183,0.30095956,0.3307439,0.30798146,0.33066323,0.31689113,0.3270666,0.29851353,0.31564897,0.304762,0.30881202,0.3230859,0.31908554,0.32750797,0.32468703,0.3151663,0.31411827,0.32367265,0.311892,0.31446037,0.32654068,0.3121345,0.31180263,0.3170697,0.33090448,0.32621711,0.31423455,0.31818825,0.3244801,0.3145985,0.31614867,0.3183172,0.29994115,0.31890848,0.32940045,0.3110338,0.2947514,0.30935955,0.30902538,0.29715508,0.30600354,0.30641684,0.3047734,0.30611172,0.33278042,0.31434754,0.3345969,0.31293753,0.30775547,0.3129379,0.31545907,0.31886235,0.33417073,0.30052853,0.3097816,0.3195458,0.31305876,0.3113793,0.3009478,0.31234226,0.31446424,0.30613646,0.33717602,0.30846128,0.32438403,0.31534028,0.3077104,0.31291714,0.3274935,0.32559097,0.30476078,0.3120257,0.3051853,0.32412755,0.31118637,0.31299543,0.3117548,0.30980858,0.31934288,0.33222136,0.2980793,0.31734607,0.31695417,0.31813994,0.33558947,0.31884578,0.30705473,0.29497305,0.3308028,0.3110148,0.33619255,0.31881264,0.3198267,0.31451875,0.3135562,0.3198314,0.31303284,0.3337408,0.32660484,0.32102832,0.31605738,0.29606622,0.3298411,0.3341299,0.32300377,0.3319621,0.31766373,0.3150285,0.3189331,0.3151559,0.30479455,0.31238168,0.30484682,0.32111087,0.31532982,0.3301789,0.30799323,0.3210236,0.3160659,0.31567138,0.33746815,0.32337505,0.3165587,0.31664973,0.3379046,0.31961632,0.31373757,0.32503244,0.32311472,0.32465208,0.31561795,0.31625116,0.3142219,0.32234615,0.32079378,0.30598477,0.31569853,0.318716,0.3279466,0.30944484,0.31444037,0.31400827,0.31373644,0.31260476,0.30635497,0.31763393,0.3290606,0.31294632,0.30284682,0.33259258,0.3185532,0.3188591,0.33714563,0.31615835,0.31457773,0.31868657,0.31473222,0.31612787,0.31546822,0.30994546,0.3233745,0.3024691,0.3169846,0.30779886,0.31417647,0.30818844,0.3111186,0.3056644,0.32236853,0.3170268,0.3005367,0.30554068,0.327317,0.3239816,0.318012,0.32111025,0.31767616,0.30645102,0.3215985,0.32342142,0.31768557,0.31778288,0.31975412,0.31378892,0.3138448,0.31784463,0.30891344,0.32151893,0.32541305,0.31445527,0.32012644,0.32618093,0.3155051,0.33460882,0.30684903,0.2997425,0.31236407,0.32278,0.30827484,0.3174456,0.3181063,0.31903845,0.30306968,0.33192104,0.31766224,0.31100273,0.30838785,0.30768102,0.33145866,0.31286013,0.33310527,0.301803,0.30790538,0.31851748,0.31479815,0.30652803,0.31972605,0.3017012,0.30501926,0.3162602,0.3144997,0.3313047,0.31767547,0.31961048,0.30241624,0.32604572,0.31332043,0.32610577,0.3165504,0.31367046,0.3160105,0.32819468,0.31955627,0.30105174,0.30262208,0.3209718,0.31609365,0.31490374,0.34151453,0.3097285,0.32507458,0.30698532,0.30998474,0.32935232,0.31874362,0.3102618,0.30533892,0.32687223,0.3199914,0.3020957,0.30871892,0.31387788,0.3288046,0.30146733,0.32007095,0.29745483,0.31923422,0.3217795,0.31831375,0.31496352,0.3264603,0.3063785,0.32104623,0.32333437,0.3025209,0.31506866,0.31850722,0.31187448,0.31307048,0.31244564,0.30679932,0.3116929,0.3224076,0.32635364,0.31880996,0.3321332,0.31999475,0.31687996,0.32008338,0.3206818,0.32536605,0.3221787,0.3037637,0.3086126,0.32793838,0.32213318,0.32436672,0.31071466,0.30337864,0.32573965,0.30684215,0.31556824,0.3105833,0.30853435,0.31813943,0.30743527,0.32085598,0.32200563,0.32602924,0.31948152,0.32194737,0.31595474,0.31607497,0.34645095,0.3233501,0.32330692,0.32167992,0.30111042,0.3239321,0.33610854,0.32230976,0.32027,0.3032704,0.32937077,0.30862865,0.31234106,0.31940362,0.3182814,0.31068513,0.31286082,0.3217576,0.32229802,0.3132072,0.31539795,0.31464082,0.30892125,0.31507427,0.31429967,0.3140008,0.3044279,0.3152328,0.2985069,0.29872778,0.3238685,0.32807994,0.32874465,0.332449,0.3236454,0.31211826,0.3317246,0.30076805,0.31063217,0.30900112,0.3278343,0.310034,0.31732005,0.32651025,0.31973508,0.31583202,0.31272268,0.304194,0.3161959,0.30122852,0.31205508,0.31363434,0.30784947,0.30522144,0.29895723,0.31328478,0.32444116,0.31871936,0.3180226,0.30436245,0.31283727,0.31176725,0.31400022,0.30415088,0.30181152,0.33439508,0.31072238,0.31049624,0.32683924,0.31457797,0.3245416,0.32808042,0.31362283,0.32378617,0.31419715,0.3158126,0.31020322,0.31788152,0.30944112,0.32183367,0.33074853,0.31653062,0.31798178,0.2934787,0.31413853,0.30509967,0.30663943,0.31566858,0.3235351,0.3261034,0.3192831,0.32527792,0.32766405,0.32256073,0.31415707,0.33325967,0.32459468,0.32994944,0.32416022,0.30676952,0.3342877,0.3139898,0.33194402,0.30789477,0.30731386,0.31895202,0.30556712,0.317184,0.32657492,0.3171707,0.31242377,0.3120928,0.3139132,0.32171792,0.34353718,0.3115001,0.31932575,0.3236746,0.32508445,0.3350982,0.2993494,0.31846803,0.32144868,0.322367,0.32010946,0.31635004,0.33093527,0.31287888,0.3145668,0.3058623,0.32644287,0.30848786,0.31845784,0.30049616,0.317961,0.3126381,0.3232046,0.33275348,0.3215752,0.31417796,0.311351,0.32049367,0.3051936,0.31254035
