1.1689297,1.161505,1.1574708,1.1516554,1.1771868,1.1975724,1.1768717,1.2004461,1.1532722,1.1826375,1.1721816,1.193089,1.193877,1.1781834,1.170595,1.1535306,1.208718,1.1801648,1.176878,1.143204,1.1794242,1.1760807,1.1833687,1.1638511,1.1659445,1.1598364,1.1491164,1.1850092,1.1910856,1.174666,1.1565549,1.1694947,1.1843208,1.1888707,1.157572,1.161421,1.188738,1.1608206,1.1858635,1.1905402,1.1941975,1.1729311,1.1583518,1.1741371,1.1745182,1.180176,1.1372527,1.1987119,1.1670789,1.1640918,1.1521906,1.1818181,1.1946172,1.1625575,1.1713904,1.1806685,1.1520565,1.1795536,1.1940122,1.1601497,1.182715,1.1589276,1.2181371,1.1630875,1.1781241,1.1927148,1.1639696,1.1789777,1.143919,1.1802789,1.186802,1.2069463,1.1927235,1.1474081,1.1533983,1.1866606,1.1863014,1.1812608,1.1554509,1.1900847,1.1659286,1.1766692,1.2022411,1.150666,1.1622093,1.1922323,1.165708,1.2018813,1.1758692,1.152689,1.1755633,1.1676707,1.1751931,1.1898944,1.1752836,1.172374,1.1768315,1.1855572,1.1782333,1.1553116,1.1774838,1.1626371,1.172105,1.1783996,1.1642208,1.156106,1.1778033,1.1768869,1.1716837,1.1836377,1.1611375,1.1561168,1.2037727,1.1697505,1.1760687,1.163123,1.1675135,1.15713,1.1730387,1.1992577,1.1700442,1.1853019,1.1969593,1.1484519,1.1702543,1.1769164,1.1502326,1.1946485,1.1892108,1.1632903,1.1644368,1.1901323,1.190347,1.150789,1.1916239,1.1683533,1.175671,1.1768845,1.1796567,1.1775374,1.1816925,1.2055126,1.1609261,1.1711252,1.162385,1.1749035,1.1755958,1.156898,1.1806825,1.16738,1.1613792,1.1732461,1.1897526,1.1821868,1.1771524,1.1905882,1.1806486,1.1834815,1.1799963,1.1920618,1.2072759,1.17303,1.1640146,1.1919608,1.160591,1.1658672,1.1653638,1.1802044,1.1628282,1.1925964,1.1447401,1.1593673,1.1648464,1.1873765,1.1928612,1.1764078,1.1984334,1.1671283,1.1874708,1.1647557,1.1835878,1.1932707,1.1974815,1.1854289,1.2004884,1.1948978,1.152411,1.1736594,1.1880096,1.1572272,1.1812901,1.1810745,1.1654079,1.1821063,1.1478131,1.1666161,1.1524279,1.1653246,1.1758312,1.173932,1.1853971,1.1765872,1.162742,1.1792811,1.1649728,1.1874037,1.1647621,1.1855434,1.1698322,1.1814623,1.1639107,1.1695235,1.1960843,1.1755496,1.1843302,1.1748973,1.1787044,1.1874317,1.1641096,1.149317,1.1765751,1.1814237,1.1856184,1.1746179,1.1860368,1.1836807,1.1663438,1.1460642,1.1779488,1.1564046,1.1819923,1.1846936,1.1575598,1.188226,1.1497264,1.1944027,1.1901158,1.1575855,1.1653024,1.1707674,1.1744683,1.1789175,1.1593808,1.173141,1.1434629,1.1785649,1.1532056,1.1749996,1.1513445,1.1777054,1.1923671,1.171527,1.1724334,1.2044446,1.1852099,1.1882964,1.1662956,1.1617799,1.184167,1.1650827,1.1612484,1.1631072,1.1826416,1.1606599,1.1734422,1.1459457,1.1747864,1.1746464,1.1660161,1.1899556,1.167396,1.1750267,1.1929889,1.149668,1.1853269,1.1515996,1.1556637,1.1906095,1.1622399,1.169582,1.1899583,1.1822804,1.1798118,1.1656384,1.1656463,1.1762778,1.176007,1.1870812,1.1754252,1.1919283,1.1997184,1.163835,1.1657671,1.2079823,1.1765244,1.1662338,1.1690114,1.1398399,1.1946458,1.157944,1.165205,1.1719902,1.1779373,1.1615471,1.159975,1.1826704,1.164354,1.172273,1.1677995,1.184563,1.1457969,1.1918814,1.1657262,1.1694506,1.1576902,1.1702735,1.1724848,1.1698326,1.1766407,1.1699619,1.1842632,1.183488,1.1738065,1.1664132,1.161067,1.1740096,1.1745698,1.1495223,1.1855661,1.2067813,1.1748501,1.1677663,1.1937304,1.1839019,1.1734678,1.172719,1.171191,1.1787053,1.1905302,1.1674328,1.1617078,1.1916436,1.1535546,1.1744486,1.1625395,1.2150671,1.1995366,1.1824156,1.1826959,1.16615,1.1820183,1.1715103,1.159549,1.1883589,1.1734978,1.1682292,1.1802379,1.1311615,1.1684166,1.1656543,1.1813939,1.1726358,1.150146,1.1632922,1.2004431,1.161831,1.1611662,1.1605495,1.1660777,1.1712629,1.1532013,1.176227,1.195493,1.1827198,1.1799926,1.1983595,1.1896818,1.1786596,1.1760976,1.1677588,1.1735818,1.165119,1.1729416,1.1936803,1.1730577,1.187905,1.1776515,1.1759342,1.1693901,1.1804254,1.1797123,1.1828232,1.1833622,1.1751978,1.2320822,1.1758224,1.1604444,1.1729124,1.1978732,1.1751087,1.171007,1.2076461,1.1990672,1.17247,1.1918823,1.1642666,1.1613077,1.1935346,1.1781447,1.1803224,1.1560297,1.1799496,1.186778,1.169745,1.1917195,1.1867917,1.1398054,1.1934439,1.1777477,1.168144,1.1586998,1.1631145,1.1752228,1.1746957,1.1884625,1.1904354,1.1885053,1.1806747,1.1721505,1.1577802,1.1966032,1.1885082,1.1590383,1.2001708,1.1436372,1.1799616,1.2020926,1.1624187,1.1593287,1.1964798,1.1753037,1.1812787,1.1926264,1.1929214,1.1793082,1.1624234,1.185769,1.1861516,1.1599376,1.157643,1.2022254,1.1808552,1.1902012,1.1806437,1.1903095,1.1921737,1.1554408,1.1842908,1.171176,1.1907831,1.1864706,1.1636844,1.170778,1.17768,1.2009476,1.1704865,1.1822236,1.176989,1.1866739,1.1472559,1.1770678,1.1819041,1.1767809,1.1691438,1.1840855,1.1665491,1.1648659,1.1630275,1.143226,1.1596375,1.1948783,1.1585678,1.1700056,1.1771486,1.165526,1.1718878,1.1838794,1.1723219,1.1856725,1.1834781,1.1955584,1.1878006,1.1808342,1.1671857,1.1629138,1.1893032,1.171146,1.1924158,1.1784222,1.1539277,1.1777496,1.194008,1.1753496,1.1791704,1.1791575,1.1737065,1.1930264,1.2103808,1.1680717,1.1606774,1.1706505,1.1803994,1.1600499,1.1737778,1.1641467,1.1710978,1.1906438,1.1836075,1.1864927,1.1704818,1.1776522,1.1798866,1.1760408,1.1469355,1.1799307,1.1720458,1.1911966,1.1651225,1.1680583,1.1724248,1.148173,1.1992878,1.1710854,1.1873093,1.1680005,1.1647958,1.1805257,1.2017286,1.1540707,1.1767074,1.1691022,1.1939127,1.1905078,1.1757135,1.1469303,1.169266,1.1504315,1.1591848,1.1594732,1.1856575,1.1685575,1.1874706,1.1698885,1.1883106,1.1824101,1.1822406,1.1744169,1.1654881,1.2002758,1.179366,1.1442852,1.174086,1.1534967,1.1899704,1.19129,1.1821603,1.1627905,1.1591551,1.1808654,1.1852773,1.1990235,1.2000711,1.1527798,1.1943958,1.170024,1.1711136,1.1693509,1.1684003,1.1590955,1.1646194,1.1792992,1.1377854,1.1735146,1.1744537,1.189691,1.1640983,1.1723914,1.1816345,1.1807165,1.1566272,1.1913362,1.162852,1.1724958,1.1980383,1.1711355,1.1579727,1.1939236,1.197679,1.1594465,1.1957184,1.1620532,1.1838517,1.1623803,1.1812482,1.163103,1.184759,1.1845655,1.1608863,1.1760181,1.1920297,1.1615261,1.1610868,1.1666143,1.1733994,1.167537,1.1924362,1.1828086,1.1619802,1.1567932,1.1732087,1.1650639,1.1452993,1.1621487,1.150331,1.167939,1.1842382,1.1877553,1.1694884,1.1680039,1.1757522,1.1564213,1.1686691,1.1672757,1.1766833,1.1757736,1.1485803,1.1724662,1.161063,1.1664858,1.1841619,1.1641058,1.1672806,1.1679236,1.1494176,1.1737949,1.1575712,1.1909057,1.1745374,1.1843076,1.1686766,1.1721739,1.1554531,1.1889416,1.158511,1.1873959,1.1886364,1.1928943,1.1627963,1.1679295,1.1999977,1.1931819,1.1810507,1.1722509,1.1865294,1.1716235,1.1709754,1.172496,1.1688077,1.1810662,1.1695955,1.1949105,1.1691754,1.1411946,1.1800052,1.1724229,1.1789924,1.1382527,1.1615651,1.1516012,1.1681929,1.1571112,1.1721759,1.1965644,1.1651058,1.174132,1.1670581,1.1549038,1.1792961,1.1913326,1.1691343,1.1611625,1.184967,1.1686243,1.1614159,1.1787127,1.1742854,1.1593556,1.1839771,1.1965188,1.1436745,1.1479267,1.1711587,1.1653435,1.1521566,1.1668259,1.1727581,1.1611855,1.1728066,1.1689819,1.1788698,1.1918169,1.1798053,1.1762612,1.1653824,1.1812885,1.1709517,1.1651701,1.1790501,1.151324,1.1826441,1.1371261,1.1396785,1.1719501,1.1709794,1.1900088,1.1702914,1.1869582,1.1666986,1.1779358,1.1590134,1.1328061,1.1678556,1.1589457,1.1658995,1.1589534,1.1783297,1.1790023,1.1804152,1.1686634,1.1980476,1.1649299,1.1578033,1.1700187,1.1824445,1.1822463,1.1841815,1.2003775,1.1552696,1.199834,1.1878006,1.1943685,1.1855421,1.1852458,1.1803712,1.1808255,1.1677024,1.1919165,1.1712964,1.1661868,1.1779581,1.16504,1.1541537,1.1262738,1.1824665,1.162631,1.1642045,1.1784034,1.173211,1.1656132,1.1634684,1.1699382,1.1747028,1.1699966,1.1533695,1.1486336,1.158113,1.1823723,1.1548941,1.1750543,1.1909922,1.1608629,1.1909581,1.1709247,1.1713737,1.1707761,1.1944094,1.1659272,1.1726326,1.1707544,1.188155,1.1476376,1.1626705,1.1753957,1.2082279,1.1715443,1.1894164,1.1808114,1.1691085,1.1680098,1.1975175,1.212386,1.1680653,1.1955174,1.1696047,1.1643907,1.1746035,1.1683378,1.180659,1.1575465,1.1779082,1.1734227,1.1726819,1.191582,1.170733,1.1844646,1.1806571,1.154524,1.1491145,1.1922783,1.1913233,1.1709762,1.1880708,1.1965002,1.1619003,1.1784346,1.1836628,1.1819645,1.172934,1.1556283,1.1785133,1.1749784,1.1652123,1.1888077,1.1616524,1.1595252,1.1878158,1.1877954,1.1684967,1.1619073,1.195693,1.1806257,1.1642392,1.1936913,1.1806018,1.1762106,1.1782267,1.1835728,1.1482753,1.1724348,1.1865208,1.191553,1.1755974,1.1618347,1.1842536,1.1568545,1.1551534,1.189985,1.1599799,1.1836779,1.1776187,1.1463455,1.1701057,1.180163,1.1550254,1.1634078,1.1601084,1.1832994,1.1621884,1.1495124,1.180032,1.1885806,1.1283269,1.181707,1.1656626,1.1719828,1.1918722,1.1502006,1.182365,1.1511333,1.1808835,1.1722507,1.2107389,1.1772329,1.1806325,1.1833353,1.1918126,1.207395,1.1562074,1.1580215,1.1813853,1.1857433,1.1690469,1.1684188,1.1643176,1.1837176,1.1828473,1.1751562,1.1571367,1.182612,1.178402,1.1794375,1.1782581,1.1798825,1.160649,1.1771274,1.1581409,1.1836497,1.1603453,1.1773837,1.1771309,1.1752234,1.1947296,1.1601628,1.1399609,1.1743462,1.1473026,1.1671722,1.1692381,1.1668181,1.164855,1.1803191,1.1936005,1.1883938,1.1640978,1.1623831,1.173518,1.1595191,1.1765645,1.1729214,1.173148,1.1768135,1.1568279,1.1713233,1.1667194,1.162227,1.1666952,1.1886251,1.190396,1.1717453,1.1811212,1.1855118,1.1605905,1.1578729,1.1755332,1.1733853,1.1585227,1.1823024,1.1717491,1.1808251,1.1910245,1.188105,1.1593508,1.1692088,1.1446048,1.1652845,1.169264,1.192424,1.1759489,1.1609418,1.1683395,1.1801585,1.1644187,1.1857078,1.2059003,1.1894482,1.1698219,1.1660988,1.1595106,1.1805838,1.1736401,1.1877457,1.1588078,1.1744678,1.1790097,1.1784753,1.1791357,1.2110654,1.200819,1.1723047,1.187733,1.1634719,1.1745898,1.171227,1.1705558,1.1449324,1.2063587,1.1639524,1.1862574,1.174921,1.1792843,1.1974404,1.1776624,1.1799903,1.1674343,1.1430193,1.191109,1.1949276,1.1717298,1.177998,1.183153
0.75046515,0.73919517,0.74156815,0.7512132,0.7495634,0.75095546,0.7452275,0.7508958,0.7474101,0.75290823,0.7451281,0.7554566,0.7496578,0.75208795,0.7329143,0.7518602,0.7628915,0.7376099,0.7638692,0.7345893,0.72478265,0.7444591,0.74695927,0.7462356,0.77090615,0.75494105,0.7419485,0.73698974,0.7508997,0.73817605,0.7460203,0.75978327,0.7581765,0.7545226,0.72556293,0.7460113,0.7438629,0.7752322,0.7410291,0.7481715,0.74798506,0.7370812,0.72808635,0.75626314,0.7461911,0.74770176,0.73589337,0.7602113,0.7621211,0.7535289,0.7206912,0.7662061,0.74702543,0.75909984,0.7231036,0.74461865,0.7262429,0.72104836,0.75284714,0.74350363,0.75353086,0.72522587,0.761745,0.7258429,0.71977204,0.7482529,0.7441359,0.73153627,0.74590117,0.75110114,0.73589003,0.7470751,0.7472491,0.7228658,0.7494036,0.7443982,0.751233,0.7626836,0.72565156,0.7350065,0.7409466,0.7486896,0.774464,0.74784875,0.72121775,0.7368974,0.72550637,0.7450217,0.7677894,0.732699,0.74814296,0.7420311,0.7386352,0.7432926,0.7619756,0.7289836,0.7473436,0.7641725,0.75219375,0.7471139,0.73900336,0.71892,0.73610985,0.7367868,0.74241275,0.73155445,0.7642511,0.72100425,0.7464316,0.7548538,0.7382794,0.7497804,0.76807797,0.7489178,0.7539967,0.75431323,0.74162155,0.7486758,0.7537891,0.7563924,0.7566857,0.7611093,0.7546538,0.7475118,0.7530338,0.754122,0.74111116,0.751414,0.7696123,0.7482912,0.73681366,0.7305889,0.7466605,0.7281231,0.7498854,0.7202356,0.75372034,0.73378205,0.75204694,0.74505603,0.7251306,0.7498321,0.74125934,0.7351476,0.7430211,0.75947803,0.7396151,0.74547094,0.74004114,0.7284479,0.7479284,0.7603893,0.7317604,0.76697934,0.7808124,0.7471781,0.73731714,0.7533776,0.7296885,0.75495875,0.759222,0.74746966,0.75871736,0.73564875,0.772928,0.7304542,0.7575142,0.7501947,0.7403637,0.7433024,0.7543882,0.7399854,0.7397684,0.74778247,0.7410521,0.75333244,0.75010926,0.74582607,0.7406007,0.73304456,0.7566654,0.7524234,0.7371276,0.73658615,0.7477153,0.72969127,0.73835623,0.7458242,0.75413483,0.7568834,0.734467,0.7404526,0.74689305,0.7660566,0.7508806,0.7506007,0.7399303,0.7199819,0.7252612,0.72145754,0.73183507,0.71927977,0.7480384,0.72863805,0.7319336,0.7254549,0.72352195,0.73998666,0.7531588,0.75308985,0.73502755,0.7567723,0.7348379,0.7410075,0.7437101,0.75744706,0.75346076,0.74025697,0.7321267,0.73391354,0.7416986,0.75925153,0.7499147,0.7407831,0.73964417,0.74678266,0.7498836,0.7383108,0.7627208,0.7272681,0.73520875,0.7450873,0.7334038,0.76125526,0.7371695,0.7467637,0.75482273,0.72212756,0.7627081,0.74426883,0.73516464,0.75866765,0.7468413,0.7365855,0.72977173,0.74812996,0.74405015,0.7492277,0.75220674,0.74786305,0.7633832,0.7350073,0.7379241,0.76174474,0.7670827,0.74958485,0.7444079,0.7418065,0.7211192,0.7196382,0.72886944,0.7442811,0.7479217,0.73288953,0.75454354,0.7337295,0.73353547,0.73973465,0.76269114,0.75697976,0.74857897,0.73519343,0.7512483,0.73155695,0.77095395,0.7377007,0.73926747,0.7532753,0.7529465,0.7471138,0.7161756,0.7496602,0.76164484,0.76802176,0.7269328,0.74447834,0.7552544,0.7510737,0.73930645,0.7617914,0.76601946,0.74485064,0.74031335,0.73146474,0.7472236,0.74891686,0.7415202,0.7296323,0.76325536,0.7388523,0.73120147,0.72871023,0.7323202,0.75819093,0.7357613,0.75359404,0.72301584,0.73495835,0.74750155,0.74542284,0.72734827,0.75274473,0.7264729,0.72801864,0.7393906,0.73727995,0.7476717,0.75212705,0.7348257,0.74272645,0.7422773,0.728848,0.75687605,0.72987473,0.73531926,0.7406872,0.75330937,0.74030256,0.7289567,0.7467418,0.7455806,0.7466931,0.78304446,0.7565453,0.7438939,0.7353704,0.7336611,0.74645835,0.7598333,0.74015373,0.7478387,0.7574325,0.73489285,0.70855165,0.7371607,0.73516124,0.766115,0.7574049,0.731829,0.7342475,0.7344505,0.7419126,0.7381949,0.74717087,0.73482645,0.7442606,0.74654335,0.72684103,0.7650378,0.73732847,0.7407256,0.74049395,0.74207616,0.728903,0.7539129,0.71836394,0.7371645,0.7246806,0.7530285,0.754834,0.7275402,0.73732406,0.7565906,0.75541735,0.7433101,0.73874813,0.75443876,0.73759717,0.7425938,0.74296594,0.7338301,0.72313195,0.74677074,0.749505,0.7535716,0.7527103,0.7604555,0.7347788,0.7494997,0.7277822,0.74982846,0.7478584,0.7503547,0.7440525,0.735517,0.751596,0.7517,0.7294966,0.74122787,0.7332647,0.747458,0.74080324,0.73485994,0.74471617,0.74176913,0.764594,0.74225485,0.7610462,0.7418727,0.7386999,0.7414427,0.746924,0.74080884,0.73786837,0.74465317,0.75031525,0.7383106,0.7376586,0.762389,0.7190892,0.7396731,0.7351757,0.7452545,0.7414762,0.7523425,0.7625908,0.73418456,0.7487431,0.75491637,0.7407295,0.7324935,0.75558937,0.7411318,0.7356421,0.7245274,0.7537851,0.7440499,0.7649778,0.73189014,0.7560681,0.7552395,0.7356858,0.7438456,0.7553013,0.75628966,0.74291795,0.7370154,0.752649,0.7576407,0.7582237,0.74929535,0.76431215,0.76166975,0.7570655,0.74436665,0.7443222,0.7407414,0.7724307,0.7590119,0.7639057,0.7441739,0.737297,0.74824935,0.7351961,0.75992525,0.75211006,0.74519366,0.7215315,0.74952215,0.72908956,0.7461834,0.76091653,0.7309842,0.7490623,0.7372031,0.7452507,0.7223956,0.728515,0.7352721,0.7329216,0.7511001,0.72616714,0.73937035,0.7618466,0.73567414,0.73702466,0.7506155,0.73709494,0.7594998,0.73267746,0.7584824,0.7626255,0.75042194,0.7558789,0.7270305,0.75025314,0.75313437,0.75100946,0.7501368,0.73434925,0.7693295,0.7323308,0.7410327,0.7289311,0.7575304,0.73663634,0.74785656,0.7505826,0.7383512,0.7581454,0.73480386,0.7369751,0.75329393,0.7437269,0.73021686,0.7373853,0.7451048,0.75101024,0.7629026,0.7311913,0.7529976,0.7372481,0.74055123,0.727521,0.72869825,0.74882513,0.7387635,0.73222154,0.7592437,0.75655437,0.7307429,0.7729042,0.7315216,0.75954413,0.7382711,0.73619574,0.76012355,0.753383,0.7523459,0.7463826,0.7383928,0.7557875,0.7622652,0.73252255,0.7326615,0.73895055,0.727561,0.75329566,0.74303263,0.7423693,0.74507475,0.74694264,0.7465402,0.7394291,0.71831393,0.737244,0.7482534,0.73354876,0.74337596,0.7302908,0.7279205,0.753953,0.7445737,0.75332683,0.73277813,0.73311,0.7430946,0.74382156,0.7630663,0.73782647,0.7626631,0.75031507,0.75077736,0.7384977,0.7516645,0.7383448,0.7594195,0.74426377,0.7406277,0.7477609,0.74075115,0.73037875,0.73464876,0.7413164,0.76094824,0.7368667,0.7231545,0.7278469,0.74444014,0.74412274,0.75313723,0.73568684,0.73520505,0.77336687,0.74305403,0.74388546,0.74627155,0.73725325,0.7327679,0.75789917,0.7417738,0.75623536,0.73341787,0.7401537,0.74278265,0.74553126,0.76202214,0.7348682,0.74301904,0.74650145,0.7318851,0.7273644,0.714593,0.746611,0.74342483,0.7446383,0.73488396,0.72427815,0.74301445,0.74160063,0.7302982,0.75264394,0.72723544,0.72774047,0.7467183,0.7260805,0.73081696,0.735971,0.7412703,0.74666584,0.71633554,0.7449882,0.7458407,0.7511264,0.74683416,0.7557811,0.7481445,0.7301885,0.7488864,0.7526693,0.7460623,0.73457146,0.7495878,0.7466516,0.73177236,0.7360967,0.75010306,0.7435815,0.744362,0.7309067,0.76019984,0.7430773,0.73855937,0.7368791,0.75287724,0.75881493,0.75774556,0.7275409,0.7494169,0.76167685,0.75256014,0.7357109,0.7267995,0.7302838,0.7556887,0.75430024,0.72532296,0.73039263,0.7409519,0.7505971,0.74053466,0.748255,0.7265283,0.74352485,0.7631725,0.75086576,0.7327126,0.7135227,0.7261604,0.7476964,0.7327243,0.7459317,0.7559599,0.7391929,0.7765148,0.7482399,0.7519078,0.74222016,0.75126505,0.7254484,0.7313171,0.7530534,0.73331577,0.75049627,0.756237,0.7340401,0.7561495,0.7572123,0.760642,0.7443416,0.73250276,0.7299404,0.7351607,0.7206636,0.7515501,0.74400514,0.74403936,0.7355991,0.7352773,0.7444106,0.7580185,0.74539936,0.75217557,0.748445,0.75737965,0.74185777,0.74042696,0.7388372,0.7413623,0.7636721,0.73940694,0.7406423,0.7474011,0.71527207,0.76425934,0.7529073,0.759292,0.7427479,0.7391917,0.7324993,0.71361226,0.74521357,0.71542555,0.7578638,0.73703784,0.7590439,0.7414964,0.7190454,0.73527074,0.75027466,0.72883075,0.73786455,0.73911357,0.7574621,0.7367954,0.7530233,0.7499434,0.74691623,0.73840684,0.734299,0.74482054,0.7498227,0.7361299,0.72170144,0.7628489,0.7324844,0.7487382,0.7427294,0.73956627,0.73140633,0.76146066,0.7390259,0.7301521,0.7402895,0.73587346,0.7448309,0.74811804,0.73984456,0.7338017,0.7232046,0.742509,0.74519086,0.76608557,0.72601974,0.72735643,0.7342159,0.7367858,0.729252,0.7277174,0.74005157,0.7757962,0.7467318,0.737868,0.7410721,0.73941267,0.73463035,0.7406305,0.73033273,0.74208456,0.7454938,0.743297,0.73446506,0.73079836,0.7484268,0.73822945,0.7524893,0.7487357,0.7458597,0.74699163,0.76896566,0.7795906,0.72562873,0.75399494,0.74627143,0.7233096,0.74231386,0.7408444,0.73921967,0.74608785,0.7430115,0.73986626,0.7678966,0.7606318,0.74317455,0.749787,0.7446519,0.7154286,0.7403358,0.7437349,0.7495027,0.74949616,0.7456484,0.75411844,0.73735803,0.7055249,0.72280025,0.75654256,0.75524,0.7574904,0.74624604,0.7573527,0.7441089,0.75890315,0.7667703,0.7451144,0.7409828,0.7356479,0.74660325,0.7392187,0.73865604,0.7444962,0.7477152,0.76247835,0.74213296,0.727218,0.76561797,0.7305659,0.74118894,0.7405245,0.7382001,0.74717516,0.7481555,0.75143003,0.7337593,0.73300326,0.7373615,0.72042304,0.72876483,0.7400999,0.74450624,0.75712633,0.74885225,0.7508007,0.72500724,0.7531371,0.74128646,0.74973506,0.72143364,0.7322034,0.73643285,0.7674896,0.7358877,0.7582745,0.74183065,0.7496301,0.75907046,0.72979605,0.751786,0.74894786,0.7386435,0.7433862,0.7714558,0.73291767,0.7454786,0.7389722,0.7395621,0.7467059,0.7429227,0.7377782,0.7434409,0.7441702,0.7512699,0.7417423,0.72905964,0.7406136,0.73927003,0.7434282,0.7357148,0.7645451,0.7500892,0.743794,0.7434431,0.73571676,0.7265945,0.73321486,0.72488856,0.75215095,0.72257054,0.73537403,0.7427126,0.74662673,0.7349465,0.73078907,0.7443507,0.7465668,0.74338603,0.74719584,0.7402861,0.75231445,0.72825277,0.75066894,0.7508609,0.74564207,0.73510516,0.75139326,0.74837613,0.73273647,0.7392406,0.72350013,0.75840575,0.75118816,0.7482716,0.7502562,0.73653054,0.7361633,0.7357603,0.730146,0.757919,0.74252963,0.74198645,0.7302779,0.74844706,0.75820565,0.7325477,0.7398202,0.73529416,0.7289995,0.75080436,0.73670685,0.7456478,0.73316044,0.73604155,0.7495375,0.7255853,0.7272212,0.7579007,0.76046073,0.74204946,0.745853,0.73666036,0.74400747,0.7422206,0.75392276,0.7407099,0.7536144,0.73796874,0.73120415,0.755388,0.75579983,0.73032016,0.7467309,0.7441452,0.75606644,0.740324,0.7335273,0.74599004,0.7524662,0.74975723,0.7477921,0.74520427,0.758496,0.7629589,0.75230736,0.7509916,0.7230871,0.7609372,0.7513722,0.7667737,0.7428698,0.7400291,0.7414021,0.7407894,0.75888115,0.7299539,0.74947315,0.7556414,0.7619959,0.7705317,0.7398791,0.72820413
0.98404723,0.9684305,0.95862365,0.9695647,0.9780717,0.99008465,0.9760673,1.002356,0.9813024,0.97277486,0.9651097,0.9975878,0.9848826,0.9839533,0.975537,0.9653086,0.99248266,0.96967465,0.98621094,0.95215213,0.97076124,0.98168325,0.98747194,0.9750994,0.97877747,0.9533854,0.94917923,0.9617771,0.9732766,0.95563865,0.95160025,0.96584755,0.9716546,0.9868762,0.9546962,0.9541955,0.9753288,0.996373,0.95236486,0.97440606,0.9752496,0.9688251,0.95904565,0.97540617,0.96072996,0.9661312,0.9492144,0.95646614,0.97364974,0.9533627,0.96736246,0.97493714,0.96293676,0.9884974,0.95528483,0.9797765,0.9819222,0.972088,0.97857815,0.96943283,0.98644334,0.99343055,0.99744976,0.94949955,0.9686715,0.9732802,0.9771179,0.9657278,0.9560917,0.96749413,0.98278815,0.99241304,0.9832788,0.94595677,0.9575167,0.9620344,0.9667365,0.9618052,0.9532275,0.9805982,0.96837467,0.97189677,0.98948455,0.9738319,0.9543317,0.95147854,0.95417553,0.98779875,0.98415136,0.9406347,0.96680546,0.9695347,0.962916,0.9766339,0.9696557,0.9642598,0.9679107,0.9814517,0.97262794,0.9470248,0.9644287,0.96839917,0.9624139,0.969768,0.97136766,0.9634049,0.9838106,0.9488947,0.9649236,0.97931695,0.9553669,0.9826452,0.9847284,0.9524364,0.9597319,0.9749112,0.9536029,0.96374905,0.9679285,0.9856775,0.974585,0.9810971,0.969299,0.9595487,0.9789101,0.97150695,0.9670806,0.9779784,0.9864147,0.97655606,0.97673535,0.98124045,0.97715795,0.96295696,0.982906,0.9542145,0.964459,0.96362925,0.97879213,0.97361314,0.96528965,0.96905863,0.95458573,0.97553366,0.95584124,0.9716814,0.9822982,0.9686635,0.9753508,0.96737236,0.9580496,0.9836403,0.96786547,0.9802814,0.9889193,0.9746717,0.95340925,0.9662068,0.96011174,0.9734129,0.98390526,0.96515095,0.9743884,0.9763905,0.9747997,0.95875204,0.9775774,0.9670413,0.96545523,0.95974284,0.9660412,0.9715172,0.9629203,0.97850865,0.97484004,0.97215563,0.968511,0.9711856,0.9637544,0.9595568,0.9883627,0.9787694,0.96127975,0.97032714,0.96790504,0.9633751,0.9538407,0.96777904,0.9851187,0.97455806,0.97822887,0.9691722,0.97593445,0.97723335,0.9584526,0.9593239,0.95223707,0.9609385,0.9601176,0.95846575,0.96064776,0.97048277,0.9639391,0.95272845,0.9584895,0.94658506,0.94927293,0.9713457,0.9761094,0.98710287,0.9666095,0.9826739,0.97621,0.965767,0.9732706,0.9924131,0.96403,0.97715306,0.9610747,0.9556373,0.9459777,0.9795556,0.9713099,0.96779007,0.973868,0.96656847,0.9786477,0.9619607,0.97843045,0.9522064,0.96813136,0.9721792,0.95942265,0.9878593,0.9610749,0.97897637,0.98452765,0.9520431,0.9883691,0.95836186,0.9832612,0.9549412,0.9633523,0.97378856,0.95159394,0.97694224,0.9605518,0.9606164,0.953556,0.9993373,0.9885232,0.9594077,0.9728009,0.9845018,0.9697829,0.9714022,0.9595679,0.9642167,0.97379655,0.95807064,0.9428751,0.9632643,0.98329985,0.9595306,0.96531665,0.95425004,0.9569613,0.9600414,0.9606541,0.9591492,0.9641101,0.98364073,0.9773758,0.9522043,0.9992126,0.96059406,0.96405447,0.96717215,0.9624744,0.96937084,0.96513367,0.9796595,0.97931755,0.9714122,0.9585756,0.9637351,0.97839856,0.96849597,0.962398,0.98136514,0.9967173,0.9487278,0.9626613,0.9673382,0.98074234,0.96393543,0.9744092,0.9509833,0.98697317,0.96816707,0.9631486,0.96145546,0.9618632,0.9563374,0.95441943,0.9706436,0.9600736,0.969205,0.9777168,0.9656315,0.96082634,0.9676721,0.9451041,0.96308136,0.9594388,0.97546077,0.97389466,0.9439927,0.96035355,0.9737814,0.9651303,0.97441256,0.9577563,0.9666999,0.9705097,0.9596204,0.9756401,0.9439434,0.96912694,0.97575194,0.9704943,0.96787274,0.9902742,0.9758224,0.96782774,0.9680482,0.9675681,0.9741429,0.98615897,0.9612221,0.9777129,0.981294,0.96066743,0.96119416,0.9697646,0.97686267,0.9642082,0.97833735,0.9660442,0.9628286,0.9725102,0.96987295,0.96092844,0.9618179,0.9592541,0.9742769,0.95899826,0.9371999,0.97485983,0.9475816,0.9547623,0.95740587,0.9616378,0.97721773,0.98635614,0.972207,0.94440055,0.9648891,0.9436474,0.9553515,0.9548104,0.96249425,0.97974515,0.9710841,0.98140335,0.97497034,0.97872233,0.9613812,0.9692356,0.97093016,0.9690655,0.96253943,0.9821188,0.97250813,0.9619222,0.98933184,0.96644086,0.97281253,0.9711959,0.9648748,0.9786865,0.9671006,0.9931882,0.9869813,0.9970132,0.96468097,0.9735293,0.9708879,0.99158776,0.955371,0.96772045,0.9613104,0.958586,0.9635671,0.966372,0.9929216,0.9763649,0.9851253,0.9653862,0.96260625,0.95971936,0.9590155,0.99007845,0.95329815,0.96972424,0.9734976,0.9427035,0.9862249,0.974576,0.9590277,0.9617806,0.9605865,0.9647732,0.973616,0.9902993,0.9732652,0.96160316,0.9606816,0.9587189,0.9563976,0.97375643,0.98423755,0.95402205,0.970998,0.9527893,0.9605417,0.9700467,0.97872055,0.97292495,0.9858292,0.9724653,0.9759133,0.98030037,0.97605854,0.9543976,0.96266675,0.97547716,0.97743446,0.9649375,0.96445656,0.9780381,0.9758355,0.9697292,0.9723676,0.9818207,0.96717936,0.96638125,0.98349047,0.979879,0.98155296,0.975151,0.9427643,0.98278916,0.96166754,0.98304904,0.95024896,0.97147447,0.9740609,0.9618589,0.9497974,0.97863686,0.9690201,0.9701828,0.96308583,0.9708439,0.96728444,0.96204305,0.9617512,0.96749437,0.9572852,0.9875793,0.9629637,0.967118,0.97736794,0.97742385,0.9789102,0.9571446,0.970269,0.9651267,0.97690845,0.9966457,0.9843605,0.9784004,0.9702382,0.9610565,0.97403336,0.9722889,0.96254784,0.9747362,0.93714005,0.9873773,0.97131914,0.96559364,0.96885794,0.971119,0.9629089,0.9941589,0.9639169,0.9688461,0.9654799,0.97295266,0.9587404,0.95145255,0.9715508,0.96925545,0.97653145,0.97355324,0.9823132,0.97971267,0.9708593,0.9767185,0.95887226,0.98610437,0.98306763,0.9785894,0.97453237,0.9735627,0.9633661,0.97645307,0.97262996,0.96252346,1.0035475,0.9557462,0.9951331,0.9711475,0.97007185,0.9926863,0.9609769,0.9868692,0.96446395,0.96513253,0.98544323,0.9749715,0.96770006,0.95635384,0.9591929,0.9517847,0.9726156,0.96496785,0.98139596,0.9780662,0.9709309,0.9856112,0.9658057,0.96482074,0.96478033,0.97839886,0.9534234,0.97589767,0.97341573,0.96302396,0.9777255,0.9593845,0.98194546,0.96158355,0.9716821,0.9543709,0.95235765,0.97612894,0.9716668,0.98563135,0.9808413,0.9595429,0.9956286,0.9594073,0.9654213,0.99535817,0.9638936,0.96022666,0.97577226,0.9770917,0.945972,0.97989017,0.96696615,0.97892827,0.964806,0.96416354,0.9574983,0.98104876,0.97331,0.9858827,0.9699959,0.97188634,0.9765959,0.98398274,0.9683655,0.9841087,0.9813303,0.9697305,0.98709166,0.96400446,0.9460155,0.9475442,0.97240424,0.95737964,0.96644694,0.9691443,0.9542316,0.95934343,0.97324634,0.96164006,0.9766206,0.9620771,0.9699963,0.9597079,0.98854345,0.9672241,0.9660144,0.96418905,0.97608143,0.95635617,0.94875306,0.9614795,0.95484614,0.969308,0.9739276,0.9854162,0.9787325,0.9588298,0.9644502,0.94614863,0.96831983,0.9691925,0.9611503,0.9796506,0.9655091,0.9519693,0.9639692,0.99213463,0.97322136,0.9696519,0.96645176,0.95386946,0.96891433,0.9520405,0.9695098,0.9700387,0.9607219,0.9725638,0.9668773,0.97620577,0.9577566,0.9699759,0.9768858,0.9722349,0.9926668,0.97645235,0.9588252,0.958793,0.97378135,0.9867893,0.9812617,0.97166026,0.9547907,0.9929268,0.98004794,0.94891304,0.9643464,0.97560704,0.9622141,0.96904385,0.9680459,0.9432104,0.9808289,0.9749058,0.9719693,0.95650744,0.9491714,0.95663595,0.9609834,0.95154715,0.95843697,0.9779323,0.9668987,0.993657,0.9683883,0.9593922,0.96553016,0.97882694,0.9734331,0.9618456,0.9775411,0.96851015,0.9821586,0.9717412,0.95375866,0.9761301,0.99884546,0.99665576,0.9603503,0.9606745,0.963583,0.9580983,0.96725065,0.9693142,0.95681334,0.9580178,0.9863167,0.9609722,0.9796068,0.9838004,0.96608996,0.9728218,0.954221,0.97007096,0.9548733,0.9698903,0.9694676,0.9751632,0.9861592,0.94883424,0.96075255,0.9666035,0.9611414,0.9884359,0.9746253,0.95592743,0.9519695,0.9822732,0.9652166,0.9550839,0.96332675,0.95571834,0.9780624,0.96815467,0.97863513,0.9821862,0.9477226,0.95086837,0.9809749,0.97320527,0.95196354,0.9706417,0.9736937,0.9677719,0.9922687,0.98397416,0.955081,0.9532409,0.9782015,0.98280424,0.96446365,0.9740957,0.9635457,0.97093713,0.96029377,0.9869844,0.98009807,0.96147144,0.9623889,0.97229713,0.94993764,0.9470719,0.97658986,0.9675319,0.9737496,0.9834453,0.9608826,0.97601193,0.9480014,0.9750252,0.98200804,0.97587776,0.96703917,0.96014583,0.9636619,0.97688854,0.9319533,0.9531019,0.9550376,0.9840952,0.9801848,0.9715674,0.9773026,0.961355,0.97371614,0.9919624,0.9547322,0.9817597,0.97065127,0.97280645,0.9618474,0.9637913,0.97815377,0.9537035,0.9919339,0.9837315,0.9670018,0.9755735,0.97282034,0.9856456,0.9602018,0.9923448,0.98096716,0.9663434,0.9541524,0.97807014,0.976943,0.9609245,0.9612241,0.98050606,0.98230267,0.9776448,0.95446,0.9774866,0.9820785,0.94853526,0.9754326,0.988346,0.95999897,0.96336645,0.9763288,0.9864316,0.9592149,0.95430005,0.97611505,0.95957017,0.9462036,0.98254997,0.97503537,0.9786987,0.97070646,0.98385674,0.961665,0.98067594,0.977763,0.9520075,0.9646412,0.9843007,0.992184,0.9770601,0.9734187,0.9920687,0.95407677,0.95768,0.97883385,0.9632252,0.95151764,0.9476581,0.9652534,0.97224635,0.977114,0.9767546,0.9795267,0.9590093,0.9485042,0.9579583,0.95310366,0.9766698,0.97181714,0.9677752,0.95356244,0.9770657,0.9582409,0.9593951,0.9912526,0.9758173,0.9619192,0.95491004,0.98200125,0.971782,0.952533,0.9737176,0.97408146,0.97424984,0.9820816,0.95907485,0.9818333,0.9681949,0.9421394,0.9738638,0.99151874,0.9713283,0.9612556,0.9730807,0.9771813,0.9706967,0.96178496,0.9582985,0.9645004,0.97390723,0.96062267,0.98083913,0.9650837,0.9848918,0.97802144,0.98280615,0.9550684,0.9778046,0.97386867,0.9857722,0.98383874,0.97959906,0.9598189,0.98381746,0.9558606,0.96256155,0.95527786,0.97043854,0.9830548,0.9706215,0.96649253,0.9596519,0.96923053,0.97178507,0.96559405,0.9683238,0.9531168,0.982081,0.962085,0.9858547,0.96627045,0.97445786,0.96665174,0.96342707,0.97356105,0.955052,0.9631565,0.9449546,0.9894206,0.9795129,0.9699878,0.9742145,0.9752219,0.95811164,0.94785804,0.96656406,0.9814625,0.9655266,0.9643906,0.96192664,0.9771577,0.97201025,0.9687636,0.97974277,0.9740599,0.97232103,0.97847843,0.9644511,0.978168,0.9846968,0.95764464,0.95099497,0.95538735,0.9615058,0.9830388,0.98851025,0.97387284,0.95658535,0.9755163,0.9772501,0.98762524,0.97440827,0.9832478,0.9644372,0.9481525,0.9589957,0.96562153,0.9741969,0.9574279,0.9929731,0.96818775,0.96098655,0.9686149,0.9759741,0.9677,0.9836092,0.9826294,0.9649239,0.98563313,0.9771631,0.992715,0.98068273,0.9812298,0.9489092,1.0066324,0.95307094,0.9728932,0.9605359,0.96530455,0.9601891,0.97821265,0.98260677,0.96446097,0.9531506,0.965164,0.9880709,0.9758538,0.9747117,0.9789601
1.4777604,1.4726211,1.4679142,1.477496,1.4984782,1.4939067,1.4994516,1.492049,1.4575466,1.4829113,1.4782872,1.4825214,1.4985241,1.4870594,1.4799591,1.4526718,1.485989,1.4744732,1.4979454,1.4606751,1.4767475,1.451237,1.4605988,1.4770757,1.4767128,1.4732542,1.4367669,1.4698348,1.500942,1.4723732,1.4683568,1.4717894,1.4730757,1.4753792,1.4515088,1.4670871,1.486733,1.466619,1.477522,1.4835156,1.4846785,1.474067,1.4464209,1.4853251,1.4726216,1.4626267,1.4716188,1.4721112,1.4781424,1.4715037,1.4873991,1.4793319,1.4677371,1.4838854,1.497748,1.4837627,1.4581075,1.4753616,1.492717,1.458793,1.4797232,1.4791085,1.4924386,1.4698613,1.4865589,1.4697944,1.4761937,1.4788061,1.4698498,1.48108,1.492526,1.5166804,1.4880008,1.4607564,1.4639182,1.4932631,1.4643195,1.4601276,1.4657997,1.4847027,1.4785386,1.4691106,1.4949372,1.4808956,1.4830948,1.4986823,1.4542456,1.4922808,1.477294,1.4599733,1.4626981,1.4668417,1.483984,1.4900006,1.4862792,1.4758312,1.4494684,1.474973,1.4873667,1.4571393,1.4584147,1.4782126,1.4758581,1.4713787,1.4717817,1.4710816,1.4832383,1.467019,1.4830204,1.4917095,1.4890357,1.4799631,1.506073,1.486136,1.4767765,1.4809524,1.4818804,1.4804705,1.4739615,1.4798472,1.4793389,1.4625729,1.4635885,1.4746032,1.4839332,1.4693705,1.4653506,1.4778496,1.484369,1.4913303,1.4531364,1.4756585,1.4643779,1.464406,1.50425,1.4702369,1.479233,1.4790881,1.4879981,1.4685028,1.4976623,1.4960418,1.4605429,1.4826909,1.4515655,1.4865339,1.474098,1.5090905,1.4772146,1.4798793,1.4569157,1.4915533,1.4724038,1.4874268,1.4578187,1.4833137,1.4685442,1.47609,1.4693717,1.4881983,1.4821372,1.4615932,1.4673022,1.501885,1.4853948,1.4544059,1.4853338,1.5042306,1.446701,1.4936228,1.4513981,1.4716146,1.4877466,1.4850074,1.4808545,1.4750257,1.4699657,1.4814006,1.4774779,1.4768572,1.492338,1.4748166,1.492018,1.4820635,1.4727625,1.4683551,1.4535844,1.4674261,1.4681659,1.467828,1.5022091,1.4640014,1.4793235,1.4912161,1.4635692,1.462208,1.4594706,1.4583175,1.4768872,1.4666295,1.4781276,1.4664919,1.4667239,1.4848162,1.4648279,1.4732457,1.4767542,1.4780428,1.4740629,1.4704138,1.4672098,1.4752427,1.4938747,1.4729867,1.4710467,1.5006324,1.4740143,1.4694383,1.4775212,1.4871767,1.4728947,1.4646984,1.4848225,1.4682801,1.4771166,1.4765645,1.4827284,1.4511305,1.477557,1.4801295,1.4591408,1.4668212,1.4819843,1.4957943,1.4792718,1.4731315,1.4748162,1.4883418,1.4579293,1.4859462,1.4899254,1.4917254,1.4803404,1.4708817,1.4460688,1.4590089,1.4737297,1.4678022,1.4552546,1.4757445,1.4826345,1.4877192,1.4729837,1.4792023,1.4732058,1.4840139,1.4644525,1.4956987,1.4762465,1.4714764,1.4738275,1.460914,1.4982123,1.457653,1.4632624,1.4561516,1.4790962,1.4753175,1.4611472,1.4883235,1.4676353,1.4842023,1.4587084,1.4639889,1.5055578,1.4660182,1.4795264,1.482264,1.4651152,1.4452993,1.4801556,1.5045369,1.490527,1.4866092,1.4934046,1.4706283,1.4676915,1.5041991,1.4699776,1.4842967,1.5065377,1.4715984,1.4579479,1.4875033,1.473399,1.4823369,1.4921187,1.4611822,1.4912122,1.4650232,1.4699816,1.4704858,1.4683034,1.4459574,1.461198,1.4737167,1.4837104,1.4954787,1.4751275,1.4890379,1.4501151,1.4810083,1.4613739,1.4805514,1.4686418,1.4724619,1.4783505,1.4721739,1.4845455,1.4661398,1.4974961,1.4629158,1.4982425,1.4921837,1.4872668,1.4587338,1.497784,1.4418594,1.4979887,1.4762536,1.4948115,1.4664371,1.477288,1.4937994,1.4766661,1.4884909,1.4774368,1.4769409,1.4777648,1.466706,1.4751999,1.4776456,1.4476225,1.4691532,1.4592049,1.4741486,1.4857595,1.4743783,1.4661088,1.458472,1.4790673,1.4619337,1.4737089,1.4822954,1.46902,1.4704932,1.4945537,1.4683611,1.4610963,1.4531051,1.4562124,1.4680415,1.4740001,1.4819549,1.513391,1.4669272,1.4740672,1.4626539,1.4455075,1.4757019,1.4639783,1.4754364,1.4636401,1.4820855,1.4691552,1.5026592,1.464703,1.4801519,1.4953076,1.4734243,1.4691557,1.4805903,1.4694567,1.4664925,1.472114,1.4687517,1.463478,1.4620609,1.4585514,1.4765325,1.4830773,1.4824209,1.4881549,1.4927139,1.5110493,1.4948238,1.4502273,1.4972012,1.4852302,1.4747202,1.4753858,1.5074713,1.481259,1.4733859,1.465597,1.4595562,1.4757571,1.5015254,1.4955306,1.4629196,1.4506611,1.4714094,1.4772173,1.4947867,1.4620379,1.4801475,1.4623652,1.4936196,1.4862643,1.4677716,1.4550835,1.4765289,1.4629067,1.477487,1.4953947,1.4798392,1.4920808,1.4817992,1.4699244,1.4786192,1.4714755,1.4746895,1.464188,1.4879874,1.4800879,1.4834075,1.515509,1.4679698,1.4943348,1.4835622,1.4430376,1.490023,1.5014552,1.498839,1.4584875,1.4569219,1.4828625,1.4859486,1.4528362,1.4533056,1.4842025,1.4919418,1.4582107,1.498932,1.4947882,1.4888111,1.4642979,1.459121,1.4761442,1.4697587,1.486601,1.465491,1.4694859,1.4830605,1.4809048,1.4732459,1.4749101,1.4767048,1.461675,1.475705,1.4778966,1.462928,1.4803791,1.4733175,1.4743125,1.4895529,1.4694573,1.4865961,1.4554021,1.4577929,1.4765619,1.4772877,1.4838672,1.4556596,1.4662387,1.4859358,1.4593427,1.4714704,1.4787123,1.4761938,1.4795927,1.4964693,1.4780828,1.4888686,1.4789829,1.490327,1.4806424,1.4761441,1.49666,1.4788165,1.5129052,1.4848267,1.4745885,1.4895457,1.4852762,1.4867593,1.4970856,1.4786124,1.488521,1.4849209,1.4773216,1.4711123,1.4541233,1.4720045,1.4905025,1.4915843,1.4833752,1.4802555,1.4718447,1.4960918,1.456694,1.4784985,1.4844469,1.4780864,1.4722477,1.4935523,1.520158,1.4649544,1.4704989,1.4875314,1.4672655,1.5011137,1.4761229,1.4990914,1.4836105,1.497733,1.4510677,1.4806135,1.457868,1.4687006,1.4658312,1.4823684,1.4747558,1.4678919,1.4737852,1.472114,1.4746774,1.473555,1.4666412,1.4883938,1.4562255,1.469665,1.4896086,1.4558173,1.4859076,1.4861294,1.478795,1.4716828,1.4893714,1.4897091,1.4620777,1.4782804,1.471348,1.4774368,1.4612308,1.4848213,1.4550123,1.4828688,1.4808998,1.4866958,1.5114872,1.5031978,1.4917725,1.4767501,1.4717511,1.4479872,1.4892949,1.4677671,1.4619924,1.4724543,1.45025,1.4640825,1.4913085,1.4491895,1.4802214,1.4656365,1.4882082,1.4790835,1.4864256,1.4531097,1.4703608,1.4711336,1.4646928,1.4842404,1.478027,1.4783407,1.4691767,1.4713714,1.4851885,1.4968458,1.464945,1.4837012,1.4735799,1.4812285,1.4833246,1.4778777,1.477009,1.4731345,1.477592,1.483121,1.472351,1.4766922,1.4651392,1.4824176,1.4449949,1.4819715,1.4823728,1.4507916,1.471847,1.4665378,1.4456308,1.4673778,1.4691203,1.4855765,1.4747945,1.479163,1.4797293,1.4657688,1.4732249,1.4612919,1.4634054,1.4840169,1.4725906,1.4785366,1.478825,1.464518,1.4751325,1.4683955,1.4687098,1.4890631,1.4886686,1.4578727,1.4650375,1.4482613,1.4798259,1.4732325,1.4763079,1.478039,1.4856234,1.4885467,1.4623951,1.4504156,1.4846257,1.4605813,1.4879122,1.4723011,1.5015626,1.4737968,1.4813678,1.4856888,1.4739335,1.4771057,1.4816262,1.48433,1.4738312,1.4882919,1.470777,1.4632049,1.4976847,1.4546065,1.4858215,1.4567238,1.4523251,1.484506,1.4613293,1.4647012,1.4530625,1.4604957,1.4670854,1.4545977,1.4542361,1.4581193,1.4837983,1.4970595,1.5003881,1.4744644,1.456699,1.4770161,1.4727579,1.4748904,1.4565792,1.4617614,1.4699203,1.4711407,1.4615004,1.4577155,1.4745861,1.4818119,1.4975045,1.4579378,1.4654688,1.4693775,1.502326,1.4591066,1.48857,1.4594591,1.4670601,1.4917397,1.4806653,1.4908032,1.4911306,1.4706254,1.4506118,1.4723957,1.4762743,1.4579504,1.4761951,1.4902008,1.453534,1.476504,1.4460729,1.4457086,1.4662023,1.4589516,1.4745367,1.4938644,1.4580611,1.4532928,1.4919355,1.4516387,1.4832852,1.4801787,1.4877957,1.5000172,1.4776012,1.4814423,1.4813131,1.4658597,1.4575129,1.4910408,1.4679452,1.4832999,1.493296,1.4599698,1.4963968,1.4906969,1.500429,1.4770727,1.480743,1.4792435,1.4866549,1.4874343,1.4794642,1.4757416,1.463531,1.4734653,1.5062705,1.4766215,1.4528307,1.478086,1.4767345,1.4743168,1.4596238,1.4814163,1.4642217,1.4820323,1.4859551,1.4837414,1.4859015,1.4641049,1.4603145,1.471881,1.4715455,1.4638809,1.4735523,1.4751725,1.4766,1.4584033,1.4680157,1.4567739,1.4600085,1.4890136,1.4707227,1.4817669,1.4449227,1.4890182,1.4785137,1.4829813,1.4861387,1.4807203,1.4681749,1.4615337,1.4913521,1.4823235,1.4731532,1.4930143,1.4698138,1.474528,1.463698,1.5014157,1.489578,1.4643999,1.4940327,1.4889934,1.4733437,1.4612328,1.4610716,1.5010091,1.4619274,1.4726381,1.475932,1.4778166,1.4657115,1.4819655,1.4707502,1.4943162,1.4636971,1.4657837,1.4888918,1.4763074,1.4833515,1.5029991,1.4834863,1.4828162,1.4708892,1.4900836,1.4767237,1.4493654,1.4578208,1.4732171,1.4772377,1.4818914,1.4913915,1.46922,1.4765205,1.4871447,1.4790485,1.4674655,1.484732,1.4737376,1.4709262,1.483299,1.4792696,1.4580871,1.4720432,1.4787878,1.489551,1.4577405,1.4695754,1.4831276,1.4781681,1.4874978,1.458548,1.4792094,1.4628516,1.4501942,1.4846059,1.4642429,1.4926059,1.4919976,1.4592283,1.479329,1.4968729,1.4778852,1.4527422,1.490444,1.480742,1.4715261,1.4676963,1.477085,1.4803202,1.4568251,1.4623216,1.4875599,1.4687117,1.5020992,1.4614811,1.4769748,1.4832461,1.4782127,1.483541,1.4758005,1.4936037,1.4583989,1.489346,1.48709,1.4966464,1.4543618,1.4544245,1.4800222,1.4845697,1.4631591,1.4621744,1.4722415,1.4881362,1.4848315,1.4537466,1.4739696,1.5085613,1.4860055,1.4601493,1.4905597,1.4655969,1.4649087,1.4881768,1.4554667,1.4669596,1.4475573,1.4901806,1.4776609,1.4654372,1.5004188,1.46746,1.4659209,1.4712294,1.4703293,1.4734483,1.4607908,1.4736779,1.4733111,1.5000263,1.4589056,1.464189,1.4781004,1.4478921,1.4846737,1.465949,1.4752963,1.4735569,1.4846412,1.465305,1.4617788,1.4822226,1.4720387,1.4748522,1.4764076,1.4768564,1.4785908,1.4625587,1.4687839,1.4959332,1.46894,1.4766948,1.4507333,1.468936,1.4954629,1.465594,1.4656105,1.4742037,1.4954568,1.5111951,1.4633229,1.471528,1.4522079,1.4826809,1.4881026,1.4920167,1.4701134,1.4562414,1.4851402,1.4753114,1.4727788,1.4907771,1.4688228,1.4991989,1.4572554,1.4702077,1.4716792,1.4561379,1.4596516,1.4772168,1.4783782,1.4657772,1.4785644,1.4963163,1.4552767,1.4824827,1.4807594,1.480544,1.4783136,1.465039,1.4724768,1.4685972,1.4810187,1.4680872,1.4965059,1.47587,1.4693084,1.4676551,1.4667379,1.4940156,1.4815664,1.4885195,1.4665239,1.464909,1.4700675,1.4835029,1.4750983,1.4723108,1.4743892
0.9685218,0.97848237,0.9667492,0.9621608,0.98323566,1.0058278,0.9703152,0.9733338,0.97575724,0.9748746,0.9823747,1.0005556,0.99763536,0.9736201,0.9727405,0.98480797,0.9861583,0.95535505,0.9955144,0.9671198,0.96837074,0.9755403,0.97224617,0.9777409,0.98499656,0.9529882,0.9420123,0.97740525,0.9883338,0.9530331,0.96416247,0.9824575,0.9675236,0.97322685,0.9593309,0.97212046,0.98420066,0.97134554,0.96884364,0.9706156,0.98275995,0.9706265,0.9409125,0.9784635,0.9784086,0.96350116,0.9588059,0.97353005,0.9640548,0.9560993,0.9680458,0.98161006,0.97772986,0.97556776,0.99621737,0.96611613,0.9572258,0.98111844,0.9846662,0.9564863,0.9591298,0.9826555,0.99304485,0.9790313,0.97049195,0.98568773,0.9720827,0.9822672,0.9663915,0.9810913,0.9915458,0.9840809,0.9753208,0.970307,0.9609754,0.9857246,0.96623003,0.95867753,0.97062415,0.9731784,0.9795041,0.95989656,1.0042005,0.9819351,0.9795694,0.9766717,0.9741339,0.9842287,0.97882056,0.9660506,0.9736838,0.9661624,0.97757185,0.9865892,0.97292584,0.9670946,0.9601458,0.96413577,0.99278575,0.96448565,0.96835136,0.9686266,0.98653466,0.96767217,0.98025113,0.97618717,0.97586155,0.9567255,0.96487,0.99596053,0.9881732,0.97549224,1.0026398,0.97257006,0.95898485,0.9777575,0.97431535,0.97384405,0.9777684,0.9642625,0.98194104,0.9622379,0.9557583,0.9792944,0.97163475,0.9751763,0.9769595,0.9784817,0.975798,0.9919276,0.9629327,0.9685093,0.94783574,0.9516603,0.9820744,0.9651081,0.9669398,0.98452723,0.97797364,0.9454781,0.98514783,0.9966109,0.96809584,0.97442144,0.9529298,0.992276,0.982513,0.9768102,0.9858361,0.98158836,0.97736543,0.9950451,0.9494721,0.98009765,0.9566034,0.9904294,0.9716533,0.98875046,0.9793432,0.9707161,0.9890947,0.96746576,0.9412557,0.9701543,0.96837723,0.9569704,0.96938556,0.9996396,0.9527224,0.9845272,0.9660426,0.9734059,0.96603394,0.98337394,0.96849036,0.9751839,0.9737038,0.97854805,0.9830771,0.96657175,0.97653043,0.966255,0.98131716,0.984396,0.95522916,0.96985006,0.95823264,0.9535469,0.98316336,0.96511745,1.0005019,0.97551274,0.97855484,0.99357027,0.96912867,0.9627979,0.94061995,0.9706857,0.94823503,0.96663666,0.97438496,0.9738135,0.9693519,0.9797627,0.9596253,0.969324,0.96612775,0.9864378,0.96346295,0.9737707,0.95063156,0.97322005,0.9924332,0.97863436,0.97603863,0.9868408,0.98173785,0.9724769,0.97012234,0.9848704,0.964431,0.9722752,0.97509575,0.98197544,0.97148097,0.96297526,0.9617213,0.9525987,0.9803612,0.9820034,0.96493536,0.9800029,0.9725549,0.99251944,0.9770158,0.9951468,0.9663918,0.9699989,0.9747292,0.9686716,0.98004735,0.9880671,0.9920902,0.9659122,0.9589148,0.94963217,0.9725752,0.9511453,0.9601245,0.9570226,0.99535644,0.98278755,0.98135805,0.9607024,0.95827234,0.99662715,0.9753577,0.9879131,0.9710649,0.9591475,0.9586936,0.97692025,0.9857538,0.9622852,0.97420967,0.95621306,0.97830564,0.97235525,0.9569089,0.99571806,0.9645286,0.98588496,0.97065663,0.95309055,0.9728826,0.95480645,0.96924096,0.9617608,0.9641568,0.95810515,0.981128,0.9951771,0.97498894,0.9928193,0.97686905,0.9730823,0.9764638,1.0074104,0.9712458,0.9787313,1.0020003,0.97754365,0.9558639,0.9968927,0.98989224,0.9768596,0.9835435,0.9490557,0.99227244,0.9750786,0.9759016,0.9704388,0.9693785,0.96366566,0.95880437,0.9556898,0.9667948,0.9855034,0.9767759,0.9584082,0.95721185,0.973339,0.9597761,0.971708,0.9681409,0.97047013,0.97544014,0.9747954,0.97629756,0.9838421,0.9929506,0.9854061,0.9742191,0.9751599,0.9882227,0.9522218,0.9845061,0.984419,0.9781844,0.98103195,0.98279214,0.95983225,0.9668757,0.987877,0.9620171,0.98435575,0.9759297,0.9680065,0.96738243,0.9747483,0.95843,0.98614043,0.9441533,0.9706292,0.9630414,0.9672217,0.96633846,0.95697695,0.9637107,0.9575744,0.9793912,0.9547448,0.9860899,0.96294373,0.96703666,0.96691275,0.9754462,0.9631768,0.97390765,0.9559026,0.95624924,0.9708514,0.9734719,0.97034156,0.979914,0.96677977,0.9770409,0.97761333,0.9465184,0.98594534,0.9724354,0.96813536,0.9733102,0.987436,0.9676317,0.9957598,0.97042024,0.9857831,0.9863082,0.9625135,0.95924675,0.9719991,0.9600079,0.9725046,0.9849972,0.9706117,0.9687622,0.9692891,0.96860427,0.9493965,0.9700182,0.9694527,0.9817341,0.9727177,1.0034277,0.9556545,0.957397,0.99313956,0.977387,0.97382915,0.9593403,0.98191047,0.97697365,0.9695276,0.9814033,0.9627588,0.95449007,0.98639435,0.97552955,0.9617984,0.9613781,0.9640116,0.9807339,0.9787907,0.960219,0.967839,0.96076417,0.98251647,0.96599203,0.9742,0.9706479,0.9550943,0.9630746,0.98179674,0.9814517,0.9897651,0.9902325,0.9760458,0.97179466,0.9624767,0.96278876,0.9766093,0.95726156,0.97003615,0.9716897,0.9782375,0.9769418,0.9784273,0.9695225,0.9969738,0.9503704,0.9873959,0.9929276,0.96290016,0.95663285,0.9812215,0.98603976,0.96897984,0.9513949,0.95675135,0.9620981,0.97271806,0.9570028,0.96528316,0.99324393,0.98258096,0.9685487,0.95663124,0.9809535,0.9671148,0.9741515,0.96068007,0.96093273,0.97430754,0.9691213,0.9695978,0.96916026,0.9884386,0.9900931,0.9747401,0.9673294,0.9745475,0.9596828,0.98399603,0.98311013,0.9592305,0.96189755,0.96340895,0.95410204,0.9616298,0.97819614,0.97536623,0.97140163,0.97214603,0.97173756,0.9645188,0.96310294,0.98131764,0.9603169,0.968995,0.9565258,0.96631885,0.9812149,0.9651582,0.95741004,0.99587023,0.9916095,0.96668935,0.9929834,0.96329737,0.9995141,0.9731379,0.9747281,0.9899911,0.9748442,0.9667143,0.98449165,0.9645525,0.968469,0.9739052,0.96851087,0.97115093,0.9566579,0.962296,0.97670585,0.9764478,1.0058379,0.9831522,0.96439356,0.965282,0.9727341,0.9743746,0.9820627,0.9669816,0.96904194,0.98102707,0.9997487,0.9667229,0.9534761,0.97100365,0.9662275,1.0120993,0.9753313,0.97641695,0.96361333,0.9768008,0.94728976,0.9730763,0.950379,0.96878165,0.98268336,0.9831302,0.9907682,0.9888617,0.95768857,0.9729212,0.9537768,0.96717525,0.9727647,0.9791496,0.9773727,0.9626459,0.9770871,0.9677494,0.9938856,0.96207976,0.97313815,0.96711946,0.9847826,0.97021824,0.9746683,0.9521577,0.95694613,0.9848848,0.98115206,0.9874228,0.96492165,0.9727424,0.96124494,0.9998477,0.96802443,0.993879,0.96386194,0.99065447,0.9720666,0.9671754,0.9653494,0.9680313,0.95789117,0.96786034,0.98099667,0.9572085,0.9928751,0.9460604,0.9925203,0.96430695,0.9868667,0.9716703,0.99059224,0.9643398,0.9739858,0.9688189,0.96036524,0.99341,0.9637565,0.9814867,0.97174984,0.98641115,0.9634569,0.9982561,0.95941246,0.96593326,0.96366024,0.9797387,0.99412465,0.95833427,0.95294565,0.9564751,0.9709566,0.99360156,0.9691085,0.9674421,0.9788667,0.97178614,0.961987,0.9861507,0.9748311,0.9556414,0.9708361,0.9777239,0.9627897,0.94850725,0.9531314,0.9713551,0.9794158,0.9620363,0.98675203,0.97087437,0.96820194,0.95731187,0.96353066,0.97406524,0.9587973,0.9874318,0.9682018,0.98096573,0.9749789,0.96305,0.9832338,0.9750606,0.9812611,0.9747514,0.9600383,0.94691515,0.9649207,0.9800172,0.98259246,0.972812,0.98390645,0.973361,0.9731162,0.9825102,0.9916494,0.9594892,0.9783337,0.9760153,0.9702618,0.9618477,0.9779649,0.99540275,0.98276836,0.9743922,0.98658425,0.98425436,0.9797373,0.9942784,0.9740097,0.95760095,0.9665508,0.95995164,0.97391593,0.9525278,0.9742289,0.9850475,0.96921694,0.9673099,0.95975924,0.9706612,0.97744435,0.95356417,0.94652075,0.9604096,0.97818244,0.9716732,0.99285537,0.9785998,0.9687148,0.98337555,0.9841262,0.9748111,0.95933723,0.950643,0.96575344,0.95159394,0.96536607,0.9663613,0.97809607,0.97165823,0.98644537,0.96469367,0.9520378,0.94342685,0.98322284,0.9523955,0.9701851,0.9619811,0.9824243,0.977693,0.9693094,0.9825813,0.9748173,0.96536684,0.96504086,0.9613665,0.957548,0.97079587,0.9698058,0.9884695,0.94509715,0.9852193,0.94628084,0.9626257,0.963892,0.9587504,0.9807255,0.99217224,0.9677241,0.9690351,0.99143994,0.96654487,0.9634453,0.9763204,0.9720522,0.9806515,0.9685562,0.9718213,1.0040637,0.96741754,0.9544629,0.98532295,0.9741563,0.9725953,0.99041384,0.96471614,0.9797295,0.9825528,0.99453396,0.9699047,0.9634744,0.96800417,0.95962846,0.9965418,0.983583,0.9721531,0.98685575,0.9755252,0.98099446,0.9828336,0.9678012,0.9563857,0.9878955,0.97381467,0.94233537,0.9808703,0.97534907,0.9625264,0.968129,0.9750596,0.99298966,0.95916516,0.96731955,0.9807808,0.9830955,0.96971506,0.96353924,0.98360837,0.9745714,0.9387642,0.96524405,0.9832213,0.967668,0.97397107,0.9794645,0.96901804,0.9426101,0.9998522,0.95936644,0.9720641,0.98798895,0.9649893,0.97356707,0.9551259,0.98769087,0.9889964,0.9673708,0.9922147,0.96793187,0.9688158,0.9561655,0.9916812,0.9925614,0.96388245,0.9988069,0.983474,0.9693206,0.9725974,0.96704227,0.9936088,0.95815206,0.9708017,0.97707546,0.98757696,0.9680763,0.97875094,0.9845743,0.9935731,0.9625831,0.9625927,0.9787956,0.96785593,0.97889215,0.9875273,0.9828166,0.96425354,0.9690057,0.9585575,0.97802466,0.960641,0.95490944,0.9744299,0.9693559,0.9788833,0.9806957,0.966515,0.9773898,0.98180604,0.96520925,0.98242146,0.95142,0.9799857,0.96309173,0.9802018,0.96152395,0.949,0.9569634,0.9836519,0.97934985,0.9621508,0.9628122,0.9728281,0.9855649,0.9638359,0.96228623,0.9715386,0.97954637,0.94593245,0.96461034,0.97683793,0.9979347,0.9763983,0.97612363,0.9670686,0.9591442,0.95969135,0.9629907,0.97848314,0.96758676,0.96087754,0.959175,0.976436,0.9974244,0.9577219,0.964916,0.97801375,0.9723972,0.9895473,0.95745933,0.96438074,0.9560243,0.9937038,0.9887855,0.977651,0.9772038,0.9621188,0.99753404,0.992839,0.991381,0.9561118,0.9704759,0.9792745,0.9835612,0.95482534,0.95941,0.9796321,0.99425346,0.97959864,0.9614444,0.96375227,0.98951924,0.9821005,0.95711887,0.98985046,0.9813431,0.97044486,0.96028316,0.9570735,0.969384,0.94558793,0.9966614,0.98105973,0.95383203,0.98682284,0.96285975,0.9551689,0.97311616,0.967911,0.9755984,0.977254,0.98501146,0.9624894,0.9823573,0.95872,0.97288966,0.98245734,0.9527868,0.9670782,0.97743,0.98861027,0.96759605,0.9741509,0.9624956,0.96040905,0.97732705,0.9699152,0.971029,0.96016985,0.9908591,0.9778244,0.96833414,0.9688158,0.98239285,0.9644087,0.9498451,0.9637654,0.9755244,0.9662636,0.9824132,0.9518273,0.9685691,0.98942995,0.99200875,0.9578189,0.9546009,0.9581941,0.97624063,0.9704688,0.9672869,0.94492936,0.9583138,0.9603994,0.96729165,0.9765651,1.0019166,0.96869713,0.9773781,0.97181755,0.96221447,0.97519106,0.96404713,0.9696044,0.97919524,0.9652202,0.9625441,0.9799426,0.9937177,0.9581645,0.9701484,0.9908337,0.9820544,0.99156564,0.9744644,0.9893797,0.97349983,0.96281415,0.9458504,0.98454,0.95947087,0.9750214,0.9689554,0.97009164,0.98342156,0.9694151,0.98249054,0.97883993,0.9753563,0.9787776,0.9812682,0.9764264,0.9755927,0.98197585
0.0,0.0,0.0,0.0,0.0,0.0,0.0,0.0,0.0,0.0,0.0,0.0,0.0,0.0,0.0,0.0,0.0,0.0,0.0,0.0,0.0,0.0,0.0,0.0,0.0,0.0,0.0,0.0,0.0,0.0,0.0,0.0,0.0,0.0,0.0,0.0,0.0,0.0,0.0,0.0,0.0,0.0,0.0,0.0,0.0,0.0,0.0,0.0,0.0,0.0,0.0,0.0,0.0,0.0,0.0,0.0,0.0,0.0,0.0,0.0,0.0,0.0,0.0,0.0,0.0,0.0,0.0,0.0,0.0,0.0,0.0,0.0,0.0,0.0,0.0,0.0,0.0,0.0,0.0,0.0,0.0,0.0,0.0,0.0,0.0,0.0,0.0,0.0,0.0,0.0,0.0,0.0,0.0,0.0,0.0,0.0,0.0,0.0,0.0,0.0,0.0,0.0,0.0,0.0,0.0,0.0,0.0,0.0,0.0,0.0,0.0,0.0,0.0,0.0,0.0,0.0,0.0,0.0,0.0,0.0,0.0,0.0,0.0,0.0,0.0,0.0,0.0,0.0,0.0,0.0,0.0,0.0,0.0,0.0,0.0,0.0,0.0,0.0,0.0,0.0,0.0,0.0,0.0,0.0,0.0,0.0,0.0,0.0,0.0,0.0,0.0,0.0,0.0,0.0,0.0,0.0,0.0,0.0,0.0,0.0,0.0,0.0,0.0,0.0,0.0,0.0,0.0,0.0,0.0,0.0,0.0,0.0,0.0,0.0,0.0,0.0,0.0,0.0,0.0,0.0,0.0,0.0,0.0,0.0,0.0,0.0,0.0,0.0,0.0,0.0,0.0,0.0,0.0,0.0,0.0,0.0,0.0,0.0,0.0,0.0,0.0,0.0,0.0,0.0,0.0,0.0,0.0,0.0,0.0,0.0,0.0,0.0,0.0,0.0,0.0,0.0,0.0,0.0,0.0,0.0,0.0,0.0,0.0,0.0,0.0,0.0,0.0,0.0,0.0,0.0,0.0,0.0,0.0,0.0,0.0,0.0,0.0,0.0,0.0,0.0,0.0,0.0,0.0,0.0,0.0,0.0,0.0,0.0,0.0,0.0,0.0,0.0,0.0,0.0,0.0,0.0,0.0,0.0,0.0,0.0,0.0,0.0,0.0,0.0,0.0,0.0,0.0,0.0,0.0,0.0,0.0,0.0,0.0,0.0,0.0,0.0,0.0,0.0,0.0,0.0,0.0,0.0,0.0,0.0,0.0,0.0,0.0,0.0,0.0,0.0,0.0,0.0,0.0,0.0,0.0,0.0,0.0,0.0,0.0,0.0,0.0,0.0,0.0,0.0,0.0,0.0,0.0,0.0,0.0,0.0,0.0,0.0,0.0,0.0,0.0,0.0,0.0,0.0,0.0,0.0,0.0,0.0,0.0,0.0,0.0,0.0,0.0,0.0,0.0,0.0,0.0,0.0,0.0,0.0,0.0,0.0,0.0,0.0,0.0,0.0,0.0,0.0,0.0,0.0,0.0,0.0,0.0,0.0,0.0,0.0,0.0,0.0,0.0,0.0,0.0,0.0,0.0,0.0,0.0,0.0,0.0,0.0,0.0,0.0,0.0,0.0,0.0,0.0,0.0,0.0,0.0,0.0,0.0,0.0,0.0,0.0,0.0,0.0,0.0,0.0,0.0,0.0,0.0,0.0,0.0,0.0,0.0,0.0,0.0,0.0,0.0,0.0,0.0,0.0,0.0,0.0,0.0,0.0,0.0,0.0,0.0,0.0,0.0,0.0,0.0,0.0,0.0,0.0,0.0,0.0,0.0,0.0,0.0,0.0,0.0,0.0,0.0,0.0,0.0,0.0,0.0,0.0,0.0,0.0,0.0,0.0,0.0,0.0,0.0,0.0,0.0,0.0,0.0,0.0,0.0,0.0,0.0,0.0,0.0,0.0,0.0,0.0,0.0,0.0,0.0,0.0,0.0,0.0,0.0,0.0,0.0,0.0,0.0,0.0,0.0,0.0,0.0,0.0,0.0,0.0,0.0,0.0,0.0,0.0,0.0,0.0,0.0,0.0,0.0,0.0,0.0,0.0,0.0,0.0,0.0,0.0,0.0,0.0,0.0,0.0,0.0,0.0,0.0,0.0,0.0,0.0,0.0,0.0,0.0,0.0,0.0,0.0,0.0,0.0,0.0,0.0,0.0,0.0,0.0,0.0,0.0,0.0,0.0,0.0,0.0,0.0,0.0,0.0,0.0,0.0,0.0,0.0,0.0,0.0,0.0,0.0,0.0,0.0,0.0,0.0,0.0,0.0,0.0,0.0,0.0,0.0,0.0,0.0,0.0,0.0,0.0,0.0,0.0,0.0,0.0,0.0,0.0,0.0,0.0,0.0,0.0,0.0,0.0,0.0,0.0,0.0,0.0,0.0,0.0,0.0,0.0,0.0,0.0,0.0,0.0,0.0,0.0,0.0,0.0,0.0,0.0,0.0,0.0,0.0,0.0,0.0,0.0,0.0,0.0,0.0,0.0,0.0,0.0,0.0,0.0,0.0,0.0,0.0,0.0,0.0,0.0,0.0,0.0,0.0,0.0,0.0,0.0,0.0,0.0,0.0,0.0,0.0,0.0,0.0,0.0,0.0,0.0,0.0,0.0,0.0,0.0,0.0,0.0,0.0,0.0,0.0,0.0,0.0,0.0,0.0,0.0,0.0,0.0,0.0,0.0,0.0,0.0,0.0,0.0,0.0,0.0,0.0,0.0,0.0,0.0,0.0,0.0,0.0,0.0,0.0,0.0,0.0,0.0,0.0,0.0,0.0,0.0,0.0,0.0,0.0,0.0,0.0,0.0,0.0,0.0,0.0,0.0,0.0,0.0,0.0,0.0,0.0,0.0,0.0,0.0,0.0,0.0,0.0,0.0,0.0,0.0,0.0,0.0,0.0,0.0,0.0,0.0,0.0,0.0,0.0,0.0,0.0,0.0,0.0,0.0,0.0,0.0,0.0,0.0,0.0,0.0,0.0,0.0,0.0,0.0,0.0,0.0,0.0,0.0,0.0,0.0,0.0,0.0,0.0,0.0,0.0,0.0,0.0,0.0,0.0,0.0,0.0,0.0,0.0,0.0,0.0,0.0,0.0,0.0,0.0,0.0,0.0,0.0,0.0,0.0,0.0,0.0,0.0,0.0,0.0,0.0,0.0,0.0,0.0,0.0,0.0,0.0,0.0,0.0,0.0,0.0,0.0,0.0,0.0,0.0,0.0,0.0,0.0,0.0,0.0,0.0,0.0,0.0,0.0,0.0,0.0,0.0,0.0,0.0,0.0,0.0,0.0,0.0,0.0,0.0,0.0,0.0,0.0,0.0,0.0,0.0,0.0,0.0,0.0,0.0,0.0,0.0,0.0,0.0,0.0,0.0,0.0,0.0,0.0,0.0,0.0,0.0,0.0,0.0,0.0,0.0,0.0,0.0,0.0,0.0,0.0,0.0,0.0,0.0,0.0,0.0,0.0,0.0,0.0,0.0,0.0,0.0,0.0,0.0,0.0,0.0,0.0,0.0,0.0,0.0,0.0,0.0,0.0,0.0,0.0,0.0,0.0,0.0,0.0,0.0,0.0,0.0,0.0,0.0,0.0,0.0,0.0,0.0,0.0,0.0,0.0,0.0,0.0,0.0,0.0,0.0,0.0,0.0,0.0,0.0,0.0,0.0,0.0,0.0,0.0,0.0,0.0,0.0,0.0,0.0,0.0,0.0,0.0,0.0,0.0,0.0,0.0,0.0,0.0,0.0,0.0,0.0,0.0,0.0,0.0,0.0,0.0,0.0,0.0,0.0,0.0,0.0,0.0,0.0,0.0,0.0,0.0,0.0,0.0,0.0,0.0,0.0,0.0,0.0,0.0,0.0,0.0,0.0,0.0,0.0,0.0,0.0,0.0,0.0,0.0,0.0,0.0,0.0,0.0,0.0,0.0,0.0,0.0,0.0,0.0,0.0,0.0,0.0,0.0,0.0,0.0,0.0,0.0,0.0,0.0,0.0,0.0,0.0,0.0,0.0,0.0,0.0,0.0,0.0,0.0,0.0,0.0,0.0,0.0,0.0,0.0,0.0,0.0,0.0,0.0,0.0,0.0,0.0,0.0,0.0,0.0,0.0,0.0,0.0,0.0,0.0,0.0,0.0,0.0,0.0,0.0,0.0,0.0,0.0,0.0,0.0,0.0,0.0,0.0,0.0,0.0,0.0,0.0,0.0,0.0,0.0,0.0,0.0,0.0,0.0,0.0,0.0,0.0,0.0,0.0,0.0,0.0,0.0,0.0,0.0,0.0,0.0,0.0,0.0,0.0,0.0,0.0,0.0,0.0,0.0,0.0,0.0,0.0,0.0,0.0,0.0,0.0,0.0,0.0,0.0,0.0,0.0,0.0,0.0,0.0
1.3418623,1.3446136,1.3435742,1.3334539,1.353404,1.3590176,1.3591074,1.3603857,1.34587,1.3540705,1.3400941,1.3598071,1.363067,1.3483424,1.3450004,1.3347478,1.3643346,1.3320025,1.3596334,1.3427895,1.3393196,1.3526366,1.3595183,1.3458953,1.3502741,1.3328379,1.3434672,1.3481727,1.3534645,1.3397568,1.3291678,1.3528106,1.3369185,1.3587654,1.3542534,1.3453299,1.3489475,1.3577216,1.3339989,1.345446,1.3438997,1.3365712,1.339718,1.3396772,1.3425312,1.3400933,1.3198674,1.3350542,1.3528361,1.336068,1.3510039,1.3499892,1.343118,1.3689952,1.3534576,1.3463334,1.3455617,1.3619926,1.3428615,1.3351598,1.3514287,1.3563462,1.3496948,1.3454472,1.3458548,1.3469973,1.3524781,1.3484406,1.3536147,1.3473411,1.3699303,1.3703403,1.3550627,1.325738,1.3491795,1.3540678,1.349323,1.3469558,1.3519545,1.3457819,1.3571792,1.346333,1.3439946,1.3616421,1.3517398,1.3415402,1.3580056,1.3684832,1.3489999,1.341157,1.3573151,1.3169817,1.3332567,1.3543464,1.3497682,1.3405434,1.3355407,1.3309447,1.3638915,1.3487799,1.3328773,1.3440299,1.3550804,1.3407078,1.351082,1.3517259,1.3605149,1.3341038,1.3596922,1.3415318,1.3419691,1.3428941,1.3438892,1.3362497,1.33926,1.3562135,1.3345921,1.3508543,1.3546395,1.3498449,1.356478,1.3514134,1.3294872,1.3554754,1.3472742,1.3462554,1.3613521,1.3668238,1.358287,1.34007,1.3527776,1.3391953,1.3520274,1.3318588,1.3477478,1.3393376,1.3355961,1.3579211,1.3441099,1.3273519,1.3407999,1.3541272,1.3608733,1.3502264,1.3473953,1.3556931,1.3607212,1.3374152,1.3697215,1.3486553,1.3383775,1.3648419,1.3581477,1.3469111,1.336897,1.3463365,1.3336573,1.3480507,1.3426479,1.3635654,1.3659972,1.3486539,1.353722,1.36328,1.3687686,1.3339483,1.3366194,1.3779336,1.3402748,1.3558606,1.342615,1.3361118,1.3440857,1.3503679,1.3594489,1.351224,1.3268741,1.34122,1.3313094,1.3370172,1.3579837,1.3395556,1.3521404,1.3549334,1.349676,1.3330259,1.3415208,1.3277726,1.3604281,1.3574805,1.3575044,1.3546666,1.3507903,1.343769,1.3315316,1.3342245,1.3273494,1.352476,1.3510559,1.3302475,1.3577012,1.3635877,1.3411307,1.3463212,1.3415465,1.3549933,1.3411582,1.3555363,1.3429663,1.3335,1.3418995,1.3449368,1.3436713,1.3541104,1.3420906,1.3558517,1.3504864,1.34528,1.336529,1.361737,1.3499303,1.3333873,1.3395467,1.3482087,1.345093,1.3338177,1.3364164,1.3379455,1.3568653,1.3651047,1.346581,1.3388838,1.3442922,1.3537655,1.3524328,1.3590406,1.3356537,1.3704102,1.3456188,1.3552071,1.3522912,1.3444364,1.3470647,1.3412988,1.3450677,1.337716,1.3426919,1.3373735,1.3535311,1.3365011,1.3591895,1.3492932,1.3487469,1.3426472,1.3446846,1.3514527,1.3490531,1.3522532,1.3391182,1.344091,1.3322482,1.3476001,1.3611633,1.3330331,1.3397194,1.339606,1.3507905,1.3448358,1.3290926,1.3623413,1.3407619,1.3720376,1.3455579,1.3382155,1.3544031,1.3377784,1.3408115,1.3361983,1.3214468,1.3274595,1.3564057,1.3533698,1.3527111,1.3534732,1.3465114,1.3481089,1.3504413,1.3587,1.3363191,1.3399676,1.3530728,1.3647255,1.3454984,1.3632597,1.3540692,1.3455901,1.3447323,1.3282865,1.3641491,1.3447753,1.3435403,1.34534,1.3512093,1.331034,1.3606304,1.358933,1.3591657,1.3572314,1.3503424,1.3483287,1.3477991,1.3500578,1.3502681,1.339232,1.350767,1.3410492,1.3399907,1.3478235,1.3503531,1.3537923,1.3571662,1.3438332,1.3375455,1.3598975,1.3447464,1.3393012,1.352139,1.3295081,1.3505955,1.3554024,1.3589525,1.3493147,1.3523557,1.3534077,1.3665005,1.3525116,1.3294053,1.367483,1.3411696,1.3492557,1.3443753,1.3535374,1.3206396,1.3409795,1.3499782,1.3419431,1.3376076,1.3507516,1.3319738,1.3421133,1.361425,1.3261933,1.3422382,1.3340509,1.337083,1.359376,1.3289988,1.3176745,1.3586342,1.3246404,1.3564017,1.3452044,1.3337283,1.3388935,1.3506726,1.355481,1.3584126,1.3415843,1.3345467,1.3413596,1.3556135,1.345928,1.3390929,1.3364357,1.3594075,1.3554825,1.3481761,1.353381,1.3543736,1.3523544,1.3457956,1.3512354,1.3420414,1.347359,1.3473982,1.3187017,1.3459179,1.334892,1.3430215,1.3384293,1.3561817,1.353836,1.3575976,1.3708023,1.3782707,1.335833,1.3309327,1.339544,1.3440783,1.3595757,1.3406125,1.3651991,1.3372941,1.3510867,1.3460058,1.3514911,1.3459312,1.3629888,1.3329364,1.3456646,1.3325249,1.3398372,1.3438991,1.3511775,1.3521941,1.3405018,1.3488258,1.3605472,1.3453376,1.3499732,1.349805,1.3348869,1.3421894,1.3526515,1.3505574,1.3362379,1.3648945,1.3397766,1.3325434,1.3484334,1.3316848,1.3543279,1.3348211,1.3592739,1.3456882,1.3441943,1.3524097,1.3597832,1.3564363,1.3546525,1.3389734,1.3663299,1.344378,1.3610924,1.3361734,1.320443,1.3326651,1.3422878,1.3429123,1.3333706,1.3255955,1.3388314,1.3540765,1.3519977,1.3512797,1.3393751,1.3386388,1.3355874,1.343706,1.3438181,1.349541,1.3347782,1.3392555,1.3578067,1.3562082,1.3258433,1.3411672,1.3416494,1.3458248,1.335299,1.3582287,1.3498907,1.3567855,1.3394854,1.3653746,1.334673,1.3371303,1.3492928,1.342817,1.3254638,1.339701,1.3341777,1.3694272,1.3374437,1.3502706,1.3391653,1.336042,1.3708647,1.3363717,1.34554,1.3453807,1.3456208,1.3428801,1.3301055,1.3341488,1.348231,1.349931,1.3630197,1.3545649,1.3389597,1.3530606,1.3486824,1.3383073,1.3454491,1.3448857,1.341633,1.3642781,1.3491687,1.3417696,1.3240793,1.3526249,1.3541687,1.3439103,1.3379066,1.3613988,1.3541379,1.3506292,1.3574295,1.3336933,1.3513824,1.3480177,1.346557,1.3487718,1.351043,1.3476282,1.344796,1.3636672,1.360427,1.3399222,1.3619907,1.3350036,1.3596758,1.3387995,1.3571628,1.3378496,1.3550234,1.3440272,1.3375286,1.3376187,1.3556529,1.3507687,1.3514156,1.3512971,1.3422173,1.340313,1.3482679,1.3347782,1.3337021,1.3345828,1.3500818,1.3577284,1.3324895,1.3598299,1.3499142,1.3535783,1.3363575,1.3533988,1.3512237,1.3638583,1.3530263,1.3332924,1.3363677,1.3410915,1.3615766,1.3459667,1.3479942,1.340311,1.3489156,1.3537079,1.3700566,1.346172,1.3510444,1.3416092,1.3518054,1.3333594,1.3302084,1.3680198,1.3481048,1.3440363,1.3433528,1.3405865,1.3299267,1.3735033,1.3229126,1.3345315,1.3390441,1.3595018,1.35529,1.3628293,1.337229,1.356371,1.3285033,1.3335418,1.3405366,1.3366183,1.3551097,1.3571341,1.3417674,1.3596128,1.3764392,1.3424098,1.3406937,1.3245416,1.3468151,1.3483138,1.3395145,1.3503075,1.3378748,1.3582026,1.3692547,1.3471125,1.347398,1.3385617,1.3515186,1.3096834,1.369411,1.3546432,1.3543018,1.3254977,1.3391618,1.3565263,1.340175,1.3419704,1.3401796,1.3600754,1.3508612,1.3627186,1.3504347,1.3460557,1.3431734,1.3337123,1.350962,1.3395344,1.3438829,1.3634324,1.3446522,1.3316312,1.3459439,1.3469671,1.3511286,1.350249,1.357221,1.3481328,1.3351488,1.3405306,1.3417434,1.3485192,1.3559568,1.3588898,1.3576056,1.3459289,1.3468703,1.3634624,1.3227603,1.3568377,1.3335925,1.347858,1.327974,1.3505753,1.3604119,1.3505222,1.3516295,1.3621705,1.3584995,1.360644,1.3431132,1.3489649,1.3510165,1.3602141,1.3358527,1.3430805,1.339469,1.3330982,1.3558842,1.3317615,1.3337971,1.345115,1.3392291,1.3496002,1.3399894,1.3345109,1.3386226,1.3378804,1.3613961,1.3574963,1.3323007,1.3175292,1.3444599,1.3588094,1.349519,1.3564051,1.3348991,1.3403219,1.335609,1.3390973,1.350825,1.3455842,1.3689421,1.3552736,1.3620349,1.3437423,1.3419288,1.3537217,1.3240876,1.3401392,1.3353413,1.3522373,1.3492666,1.3329853,1.3620578,1.3610995,1.338737,1.3553069,1.3505211,1.3420628,1.3438199,1.3351961,1.3450131,1.338824,1.3402373,1.3287164,1.3336439,1.3292514,1.338764,1.3404852,1.3473223,1.3373079,1.349353,1.3580661,1.352143,1.3703818,1.3541745,1.3506848,1.3491045,1.3479856,1.3530319,1.3564122,1.3462394,1.3473994,1.372619,1.343108,1.3455715,1.3438994,1.353716,1.3595388,1.3607812,1.3782412,1.3482248,1.3483056,1.3497324,1.347013,1.3526903,1.3552643,1.3435705,1.3453996,1.3459076,1.3660407,1.3375621,1.339665,1.3418144,1.3437109,1.3522241,1.3344966,1.3521798,1.3365726,1.3572093,1.3451711,1.3422116,1.3445327,1.3486155,1.3399359,1.3530058,1.3397301,1.3454354,1.345702,1.3599142,1.3546426,1.3320645,1.3380705,1.3537326,1.3396573,1.3429302,1.3510357,1.3496392,1.3377556,1.3505496,1.3374552,1.3306359,1.340173,1.3609829,1.347926,1.339281,1.3391105,1.3542695,1.3336532,1.3527176,1.343496,1.3236659,1.343306,1.3657569,1.3457233,1.3430681,1.3702669,1.3525074,1.3377024,1.3304045,1.3730404,1.3629268,1.3283178,1.3498695,1.3487864,1.3435026,1.3472648,1.3557042,1.3341885,1.3579202,1.3335899,1.342868,1.3519074,1.3459384,1.3388827,1.3632348,1.3570639,1.3408675,1.3614019,1.3481193,1.3526535,1.3258363,1.3320795,1.3301299,1.3508717,1.347875,1.3520839,1.3236926,1.3619577,1.3439645,1.3439307,1.3360461,1.3492423,1.3451968,1.3380696,1.3613704,1.3512701,1.3279524,1.3284181,1.3468252,1.3439068,1.3377624,1.3297222,1.3479363,1.353008,1.3442119,1.3587503,1.3436798,1.3242414,1.3285899,1.3549598,1.342043,1.3464738,1.3409802,1.3372139,1.3505207,1.3369364,1.3459395,1.3407488,1.342434,1.3535439,1.3504046,1.3359585,1.3467743,1.3467801,1.3217657,1.3427134,1.3555573,1.3435245,1.3546255,1.3379406,1.3373375,1.3641698,1.3548498,1.3481292,1.3376753,1.363422,1.3367062,1.3465779,1.3473805,1.3690382,1.3390086,1.3369888,1.3478647,1.3394339,1.3139383,1.3407611,1.34351,1.3528548,1.354344,1.3375677,1.3328665,1.3527708,1.3637822,1.3380547,1.3477472,1.3615342,1.3477973,1.3515759,1.3262202,1.3377767,1.3332275,1.3527402,1.3581293,1.3375111,1.3466069,1.3385944,1.3483398,1.3516122,1.3567659,1.3398439,1.3502519,1.3383765,1.3635954,1.3400745,1.3431153,1.3425947,1.3227185,1.3276367,1.3519845,1.3395588,1.3522861,1.3272555,1.3450378,1.3304092,1.3303257,1.3612119,1.3326972,1.3447474,1.3402661,1.3598177,1.3157312,1.3509991,1.354392,1.3537136,1.3356484,1.3336416,1.342773,1.3424515,1.3558322,1.3539685,1.3332168,1.3311048,1.3398823,1.3541727,1.3479986,1.3559122,1.3454928,1.3512526,1.3500122,1.3401796,1.3407876,1.3440784,1.3419136,1.3458292,1.3465501,1.35847,1.3417999,1.3344147,1.3272158,1.3336738,1.3399451,1.3441855,1.349517,1.358352,1.3548577,1.3445202,1.3442025,1.352176,1.331474,1.3336415,1.3469588,1.3373698,1.3804722,1.3375977,1.3539777,1.3691366,1.3446236,1.3282822,1.3398387,1.3532153,1.3564156,1.3550832,1.3379327,1.3612192,1.3557476,1.3514714,1.3473375,1.3503342,1.3352753,1.3373909,1.3371955,1.3587995,1.3365815
1.3498968,1.3755771,1.366845,1.3411075,1.380616,1.3835013,1.3786963,1.3706839,1.3750728,1.3727379,1.3632487,1.371932,1.3791002,1.3513445,1.376547,1.3552674,1.3837502,1.367138,1.3676523,1.3511626,1.3721762,1.3682551,1.3569897,1.364949,1.3522946,1.3735517,1.3546213,1.3638675,1.3604965,1.3750353,1.3709568,1.3689604,1.3618435,1.379009,1.3586951,1.3701003,1.3747772,1.3752731,1.350103,1.3722571,1.3734013,1.3647667,1.3399031,1.3858447,1.3559861,1.3530133,1.3423278,1.3702254,1.3864053,1.367237,1.3821049,1.3833776,1.3688867,1.3548977,1.3928827,1.3553979,1.3541508,1.3646026,1.3765335,1.3633387,1.3856267,1.3827859,1.3482652,1.3731898,1.3761208,1.3764699,1.3375516,1.3652236,1.3597136,1.3744972,1.3624318,1.385991,1.3753852,1.3522666,1.3693382,1.3677728,1.3631243,1.3514681,1.3799043,1.3623632,1.3670465,1.3667047,1.3686615,1.3606242,1.3685001,1.3810138,1.3693292,1.3605903,1.3760827,1.3691344,1.3691206,1.3596883,1.3678113,1.36364,1.3609666,1.3705239,1.3608996,1.360285,1.3759695,1.3690927,1.3562201,1.3516991,1.3741645,1.358174,1.3677243,1.3640158,1.3846382,1.3526999,1.3747885,1.3744922,1.3624403,1.3851687,1.378165,1.3674002,1.3730004,1.3644699,1.3781091,1.3708781,1.3740058,1.3537133,1.3887476,1.354462,1.3566442,1.370287,1.3692545,1.3517628,1.3624845,1.3789915,1.3739573,1.362372,1.3608987,1.3496,1.3567746,1.3543557,1.3659647,1.3723353,1.3608054,1.3746957,1.3608837,1.3613563,1.3721123,1.363143,1.3715056,1.3610461,1.3552394,1.3719671,1.3710268,1.352403,1.3716359,1.3568697,1.3631177,1.3725958,1.3844765,1.3509206,1.3484246,1.3701911,1.3431091,1.3618448,1.3580623,1.3821747,1.3878934,1.3594593,1.3727423,1.3676078,1.3964947,1.3672882,1.3578663,1.3753479,1.3659649,1.3903779,1.3548657,1.3475695,1.3683978,1.3730785,1.3664305,1.3573442,1.3584067,1.359146,1.3547451,1.3693653,1.3934082,1.3596498,1.3766072,1.3785931,1.372584,1.3718776,1.3580377,1.3616036,1.3759481,1.3530954,1.3746495,1.364323,1.368441,1.3652828,1.3694189,1.3562171,1.3688834,1.3614404,1.3769345,1.3688837,1.3609921,1.371222,1.3646276,1.3681716,1.3671073,1.3846422,1.3700325,1.3811997,1.3679312,1.3649209,1.3577839,1.3639127,1.3660185,1.3717673,1.3591584,1.359215,1.3594098,1.3553302,1.3483717,1.3690984,1.3598768,1.3397346,1.3716542,1.3638369,1.3778251,1.3787509,1.3658714,1.3642331,1.3670617,1.3752967,1.3633028,1.3631867,1.3703024,1.3751695,1.3542756,1.365112,1.3414679,1.3882841,1.3753053,1.3907601,1.378541,1.3886284,1.3572026,1.365549,1.3655051,1.3565255,1.3646479,1.3529537,1.379541,1.3701401,1.3885607,1.3732017,1.3865169,1.3669562,1.3669933,1.3638321,1.3627616,1.387336,1.3591938,1.3592161,1.3849775,1.3741763,1.3570789,1.3573705,1.3560247,1.3657979,1.3910602,1.3657569,1.3607157,1.3912271,1.366373,1.3828033,1.3730896,1.370795,1.377505,1.3529351,1.3600154,1.3470222,1.3475785,1.3442702,1.3658057,1.389303,1.380147,1.3667939,1.3689873,1.376081,1.3814756,1.3805791,1.3582469,1.3436043,1.3660669,1.379936,1.3678311,1.3723187,1.3762202,1.3817043,1.3729652,1.3549442,1.3837832,1.3623006,1.3642628,1.3574339,1.3583006,1.3468864,1.3808922,1.3811697,1.3656516,1.3736695,1.3549947,1.3733805,1.3516289,1.3700095,1.3686653,1.3567654,1.3777857,1.3759196,1.357592,1.3526208,1.3727454,1.3615344,1.3772435,1.3525703,1.3822043,1.3821001,1.3674276,1.3684772,1.3872714,1.3678493,1.3943776,1.3570738,1.3795184,1.3554199,1.3706354,1.3646057,1.3649347,1.3695625,1.351816,1.372444,1.3496009,1.3532782,1.3529845,1.3660682,1.3695921,1.3489581,1.3772602,1.3505892,1.3803661,1.3615571,1.3519466,1.3697717,1.3743966,1.3727876,1.3747666,1.355764,1.3415222,1.3685431,1.3684986,1.3829665,1.3560538,1.3437873,1.3598616,1.3739129,1.3849028,1.3492253,1.3783218,1.3724328,1.3823743,1.3716049,1.3714699,1.3531781,1.3661854,1.3670518,1.3635759,1.3463084,1.3766216,1.3867583,1.3790599,1.3761275,1.3837314,1.362773,1.3663054,1.3721542,1.3463773,1.359411,1.3568555,1.3675044,1.372392,1.3697095,1.3626331,1.3849407,1.3576255,1.3642123,1.3700563,1.3732708,1.3712006,1.3870841,1.3539878,1.3769535,1.363829,1.3601084,1.3570737,1.3741493,1.3588313,1.370964,1.3631756,1.3434728,1.367857,1.3814034,1.3539752,1.3665003,1.3448358,1.3652487,1.3496485,1.39268,1.3554286,1.3691213,1.3623116,1.3678695,1.3661357,1.3479677,1.3642706,1.3595927,1.3643241,1.3680109,1.3726993,1.3735662,1.3674623,1.368589,1.374072,1.3607597,1.3660216,1.3802387,1.345425,1.3801972,1.3680824,1.3696566,1.3780941,1.3504851,1.3993629,1.3717045,1.3613917,1.3746747,1.3612467,1.3872799,1.3558816,1.3530905,1.3648317,1.3611083,1.3621398,1.3510736,1.3526634,1.3649273,1.3563429,1.3845782,1.3675482,1.3537103,1.3705992,1.346278,1.3733332,1.357494,1.3844972,1.3681085,1.3765522,1.3844643,1.357441,1.3743365,1.3478703,1.3465508,1.3463598,1.3937225,1.3527169,1.3789395,1.3730798,1.3619338,1.3648835,1.3592496,1.3405606,1.3625462,1.3663476,1.3528621,1.3728285,1.3792907,1.3733329,1.3897483,1.3565973,1.367782,1.3516876,1.3572385,1.3489913,1.3649553,1.37582,1.3722202,1.3631659,1.36123,1.3644443,1.3744774,1.3463136,1.3730937,1.3595477,1.3669926,1.389349,1.3587873,1.3589325,1.3594173,1.3852022,1.3601388,1.3860219,1.3611783,1.3718401,1.3823173,1.3711596,1.3692806,1.3537108,1.3614457,1.3727024,1.3694637,1.3839726,1.358118,1.3637992,1.3839757,1.3641425,1.3663865,1.3522793,1.3434694,1.3660816,1.3583149,1.3761538,1.3716656,1.3442883,1.370482,1.3583539,1.3614914,1.3680782,1.3675498,1.365837,1.3612472,1.3541012,1.3772569,1.3577614,1.3786951,1.3605523,1.3685728,1.3641878,1.3668021,1.3473916,1.3591088,1.3749576,1.3630561,1.3607101,1.3673066,1.344911,1.353415,1.373913,1.3472259,1.3646436,1.3585212,1.3685178,1.3773031,1.3735391,1.3755364,1.3588449,1.3793757,1.3653774,1.3618684,1.3577304,1.365144,1.3448986,1.3627081,1.3738116,1.3665552,1.3947233,1.3816751,1.3843708,1.3507751,1.3559233,1.3550372,1.3826753,1.399768,1.3607413,1.3626037,1.3589853,1.3735905,1.3844413,1.3522766,1.360578,1.3752517,1.3899294,1.3713464,1.3692757,1.3388958,1.3736755,1.366809,1.3512374,1.3652278,1.332986,1.3776643,1.3669621,1.3741292,1.3788486,1.3653853,1.3683537,1.3705167,1.3572787,1.3659192,1.380902,1.3554826,1.3866956,1.375806,1.3770862,1.377075,1.3714814,1.3658116,1.3586669,1.3764831,1.3557352,1.3731102,1.3640099,1.3539525,1.3817774,1.3582658,1.3385053,1.3731158,1.3651807,1.375792,1.3626448,1.3557773,1.3657339,1.35694,1.364393,1.3428528,1.3604751,1.3739538,1.36354,1.379409,1.3679403,1.3594848,1.3833874,1.3637232,1.3737422,1.3802493,1.3827795,1.3527647,1.3554606,1.357735,1.3399695,1.3751932,1.3670831,1.3624787,1.3810233,1.3732555,1.3684286,1.341258,1.3720044,1.3555481,1.3615723,1.35699,1.3867437,1.3607266,1.3839314,1.3790528,1.3366117,1.3610977,1.3649979,1.3769176,1.3780816,1.3698037,1.3723574,1.365836,1.3836894,1.3480598,1.3628259,1.3576988,1.3596022,1.3546238,1.3487298,1.3556907,1.3527863,1.3645521,1.3573157,1.3433148,1.368117,1.3544871,1.352464,1.3793973,1.3681259,1.3750277,1.3348365,1.3798704,1.3713033,1.3744146,1.3672255,1.3662571,1.36535,1.3624736,1.3570027,1.3754716,1.3503244,1.3672376,1.3751014,1.3606519,1.3751467,1.3835427,1.3724008,1.3630321,1.3630095,1.371598,1.3652209,1.3737818,1.3689611,1.3569341,1.3662937,1.3608422,1.3528075,1.3626103,1.3599195,1.3600588,1.3603029,1.3681207,1.3650647,1.3575925,1.3572519,1.3517427,1.3590133,1.350717,1.3463622,1.3469654,1.3652264,1.3795239,1.375336,1.3711455,1.3671952,1.3776685,1.3806278,1.3774446,1.3871033,1.3760452,1.3816962,1.3443866,1.3612689,1.3742311,1.3544289,1.3814877,1.3603717,1.357018,1.3820343,1.3750066,1.3897688,1.365759,1.363237,1.3882197,1.3513621,1.3759149,1.379449,1.3770382,1.3606669,1.3516389,1.3762921,1.3793471,1.357744,1.380341,1.3648356,1.3722353,1.3412541,1.3679909,1.3649273,1.3747615,1.3827101,1.3644694,1.3733947,1.3690536,1.366687,1.3661102,1.3683895,1.3568099,1.3784705,1.3587502,1.3693795,1.3605398,1.3598554,1.353275,1.3565867,1.3768349,1.3479401,1.3849248,1.3588083,1.3515378,1.3680685,1.3638477,1.3788025,1.3781545,1.3781617,1.3734112,1.3698287,1.3567411,1.3678222,1.3733019,1.3708743,1.3549738,1.3800491,1.3755592,1.3737522,1.3753877,1.3547835,1.3758065,1.3566281,1.3597094,1.3668057,1.3804219,1.3744707,1.37003,1.3732562,1.3561705,1.3660007,1.3813069,1.3545666,1.3657774,1.374964,1.356978,1.3883109,1.3645862,1.3715835,1.3727286,1.3512741,1.380424,1.3623656,1.3904365,1.3758665,1.3654767,1.3717115,1.3806183,1.3655938,1.3804779,1.3876187,1.379359,1.3543906,1.3518356,1.3853743,1.3417588,1.372128,1.3626384,1.3567603,1.3722996,1.3665593,1.3454536,1.3610563,1.3518817,1.3624938,1.3616176,1.3739418,1.3586028,1.3705642,1.3627793,1.3639263,1.3575985,1.3514221,1.3372526,1.3871596,1.3598155,1.3729855,1.3757042,1.3683099,1.371969,1.3739703,1.371749,1.3629657,1.3577216,1.3733824,1.3823247,1.3663875,1.3651073,1.3522962,1.3536139,1.3696926,1.3858031,1.3531073,1.3870959,1.3369087,1.36772,1.3702055,1.3756334,1.3610872,1.3640646,1.3746827,1.3719822,1.3828622,1.3809581,1.3658808,1.3440603,1.3412259,1.359687,1.3745698,1.3412336,1.3850603,1.3852549,1.3882164,1.3928322,1.3528469,1.3570193,1.3663001,1.3729515,1.3576759,1.3642585,1.3720222,1.3732864,1.363565,1.34524,1.35775,1.3586707,1.3706362,1.3479156,1.366067,1.3880622,1.3510528,1.3645431,1.3590547,1.3565227,1.3456846,1.3741187,1.36165,1.3792026,1.3675085,1.368941,1.3608633,1.3756194,1.3516016,1.3702794,1.3418872,1.3563116,1.3670206,1.3803931,1.3624474,1.3644598,1.3572768,1.3460611,1.362862,1.3581357,1.3689331,1.3472761,1.3786097,1.3710881,1.3628826,1.3643658,1.365656,1.3516922,1.3531249,1.3839824,1.361437,1.382906,1.3676455,1.3578278,1.380105,1.3698328,1.3770136,1.3586421,1.3687599,1.3701245,1.3692716,1.3488238,1.3560321,1.3646605,1.3747184,1.3683888,1.3779582,1.3833334,1.3620689,1.3518679,1.3647304,1.3786613,1.3587321,1.3618299,1.379355,1.4022665,1.3632113,1.3719035,1.3667015,1.3635778,1.3726368,1.366238,1.3651856,1.3799801,1.3462123,1.3351133,1.3546288,1.3858443,1.3562013,1.3707198,1.3641987,1.3572067,1.3722228,1.3795031,1.3802427,1.343515,1.3723161,1.3755213,1.3718461,1.374169,1.3506615,1.3673037,1.3568572,1.3571814
1.3847928,1.3851701,1.3947039,1.3985842,1.3985374,1.4036232,1.3968408,1.4088004,1.4089403,1.3988583,1.405968,1.4112424,1.3998442,1.3920449,1.406975,1.3924531,1.3948039,1.3897185,1.397127,1.3754768,1.399903,1.3678269,1.4048316,1.3925598,1.382385,1.3879178,1.3849747,1.4056584,1.4005445,1.3884257,1.3936884,1.3999391,1.3794733,1.4109892,1.3815968,1.4035511,1.3983426,1.3795205,1.3781322,1.407444,1.406114,1.3869132,1.3929118,1.412727,1.385321,1.386395,1.3830763,1.4077922,1.3930014,1.3844107,1.3745056,1.392375,1.3954018,1.4041104,1.389703,1.3962106,1.4079618,1.3874015,1.3881088,1.397218,1.3748064,1.3916234,1.3897282,1.3977616,1.3848875,1.3891603,1.4051626,1.3955591,1.3812411,1.3824836,1.3945231,1.4051054,1.4080689,1.3771801,1.3929378,1.3945795,1.3939985,1.391466,1.3972715,1.3810416,1.3998357,1.3934008,1.3919852,1.4017916,1.3949732,1.409684,1.4003618,1.4047601,1.3930889,1.3777806,1.3936269,1.4032952,1.3800039,1.3988416,1.3833218,1.392275,1.408543,1.3927076,1.3963215,1.4078178,1.392736,1.3856255,1.3906415,1.4033504,1.3953948,1.3983376,1.3935913,1.3944213,1.4125577,1.4129246,1.384555,1.3867276,1.3944409,1.3870707,1.3890982,1.4031935,1.3704875,1.391771,1.3990368,1.3912764,1.3904009,1.3911997,1.3866011,1.389576,1.4085665,1.4033792,1.392947,1.3995641,1.3917828,1.4018484,1.3858244,1.3906684,1.3930298,1.3941585,1.3964775,1.3907181,1.3985224,1.391465,1.4053155,1.4095641,1.4000078,1.3845199,1.3871664,1.3844994,1.3880051,1.4006218,1.4019914,1.4108901,1.4011,1.3693111,1.3999932,1.4004055,1.3873385,1.4095528,1.3893322,1.4239749,1.3798051,1.3965235,1.3897977,1.398746,1.4011625,1.3866382,1.3818426,1.3994248,1.404327,1.3777277,1.407262,1.4042459,1.3976519,1.4013597,1.3857322,1.3835981,1.3895978,1.3959267,1.4068785,1.3971515,1.3778454,1.4005868,1.3874531,1.384194,1.3954313,1.3997898,1.3777224,1.4019223,1.3970048,1.3864235,1.3980297,1.3824514,1.3980529,1.3834372,1.3986992,1.3898655,1.4136508,1.3728511,1.3985604,1.3830742,1.3783603,1.3840715,1.3932605,1.3759173,1.3774885,1.3967772,1.3819515,1.4044257,1.3862532,1.3967637,1.4051772,1.3953283,1.392933,1.4030402,1.3932106,1.405681,1.4047192,1.3957465,1.3965534,1.3893057,1.3974851,1.3946754,1.3948237,1.4082179,1.4143008,1.3860489,1.3887174,1.4007066,1.3883256,1.3935772,1.4041331,1.3766475,1.4029157,1.3923345,1.3904754,1.3931658,1.3879392,1.4029987,1.3928355,1.4059507,1.3859009,1.3844162,1.3982452,1.3867955,1.3999463,1.4116507,1.3914318,1.3863311,1.3830925,1.385011,1.3859488,1.3904525,1.3902447,1.4103286,1.4025965,1.3784157,1.4037849,1.3997451,1.4018259,1.3859416,1.3926814,1.3916676,1.3819531,1.3869315,1.3932636,1.3937793,1.3967094,1.4050992,1.3837736,1.3805279,1.3768734,1.3882704,1.4069583,1.4072912,1.3918529,1.4167787,1.3867733,1.3806525,1.3969556,1.3991834,1.3898029,1.4015595,1.3852295,1.3813144,1.3916533,1.4028181,1.3977531,1.4050723,1.392409,1.4036874,1.4153438,1.4142655,1.3984699,1.3873559,1.4114338,1.409409,1.3733574,1.393503,1.4035192,1.3946953,1.4008908,1.3747356,1.3821889,1.3759916,1.3777072,1.3852961,1.3778685,1.3938745,1.3890576,1.3904098,1.3835613,1.4121175,1.383709,1.3968868,1.390406,1.3929003,1.3934999,1.3927393,1.4031383,1.3841944,1.4029292,1.4031341,1.4111873,1.386904,1.3935221,1.413971,1.3744187,1.3972632,1.3928678,1.3995163,1.3935827,1.3965276,1.4071931,1.4064285,1.3911947,1.3904363,1.399103,1.3977726,1.3829429,1.3874476,1.403615,1.3936849,1.4000756,1.3890818,1.3863182,1.3856922,1.3813819,1.392625,1.404727,1.4051788,1.3963537,1.385326,1.39856,1.3850896,1.3981562,1.3688574,1.404295,1.395251,1.3912255,1.3871994,1.38716,1.3928721,1.3918728,1.3823705,1.3766943,1.4003034,1.3897743,1.3822833,1.3817106,1.3915657,1.3786553,1.3942909,1.3935742,1.4002182,1.3919544,1.3996938,1.4089568,1.3992034,1.3757813,1.4086275,1.3930893,1.3951386,1.3921256,1.396465,1.3884784,1.3827375,1.3964566,1.3959996,1.3947158,1.412554,1.4104072,1.3920778,1.3956323,1.3932341,1.4052027,1.3981024,1.380962,1.3960505,1.4099864,1.3981723,1.3906388,1.4044561,1.4251472,1.4049528,1.4115107,1.398444,1.3928336,1.4088464,1.392206,1.39087,1.4040508,1.4010983,1.3842412,1.391187,1.3950417,1.4021966,1.3991563,1.4039226,1.3794453,1.4026932,1.3861835,1.4001194,1.3984977,1.3933141,1.408939,1.3941996,1.388989,1.3848345,1.3991169,1.4081646,1.4023384,1.3929709,1.4068333,1.3796533,1.4054223,1.4162495,1.3914092,1.3852726,1.3850323,1.3765095,1.4144437,1.3842995,1.397698,1.3867184,1.402843,1.4155641,1.3829871,1.3968345,1.3914074,1.3777585,1.4059308,1.4023775,1.3852061,1.3874084,1.387819,1.3889165,1.4049596,1.3876436,1.415149,1.3790102,1.3806767,1.3983595,1.3942335,1.396425,1.4047195,1.3734342,1.4063638,1.3929576,1.418886,1.3923675,1.404657,1.3976344,1.3987997,1.3803353,1.4157289,1.4069328,1.3876,1.4053787,1.3899035,1.3878802,1.3880353,1.3781229,1.38722,1.4049741,1.3996447,1.3973298,1.3851633,1.393059,1.3837465,1.3837665,1.3908741,1.385852,1.3936509,1.3880067,1.402333,1.398062,1.3985457,1.3895646,1.3948104,1.389057,1.3886973,1.4004817,1.4020871,1.3604807,1.4229523,1.4078231,1.3963684,1.4100138,1.3941962,1.384158,1.3967538,1.3876088,1.3734431,1.3806902,1.3978871,1.4047508,1.3782473,1.4055065,1.3984729,1.3893305,1.4008576,1.4095261,1.3915532,1.376195,1.4116977,1.3901821,1.3961889,1.3833907,1.3889978,1.3997729,1.4039764,1.3909473,1.3882747,1.3894198,1.3929558,1.401306,1.391087,1.396689,1.3873355,1.3900502,1.3836433,1.3940284,1.3904116,1.4043238,1.3986962,1.3943832,1.4044104,1.3753827,1.3931017,1.3673339,1.3740115,1.3988252,1.3975484,1.3840234,1.3944874,1.3769734,1.393106,1.3839508,1.3919379,1.3855664,1.3933135,1.3697975,1.4062039,1.3949546,1.3639665,1.39432,1.4016958,1.3856124,1.3981891,1.3990936,1.3993222,1.402489,1.3832464,1.4089884,1.3951778,1.4119961,1.3976209,1.3858991,1.3960359,1.3871602,1.3992646,1.3980992,1.3924499,1.3925568,1.4011157,1.3871744,1.4020514,1.3945994,1.4198755,1.3746253,1.3940818,1.3720229,1.3882459,1.3862762,1.3946373,1.3819748,1.3967769,1.4134258,1.3899577,1.403362,1.3986989,1.4041135,1.394607,1.4035369,1.4021956,1.3948667,1.3691264,1.3971386,1.3973769,1.3860246,1.4108089,1.3967252,1.3986553,1.4073938,1.3878942,1.3781521,1.3838204,1.3997536,1.399827,1.3939635,1.3927721,1.3754387,1.3912121,1.3832692,1.3835622,1.3953505,1.3875566,1.3869723,1.4024878,1.3918616,1.4153583,1.3882241,1.3911324,1.3967587,1.388012,1.39158,1.3751634,1.3974173,1.390191,1.3924022,1.408,1.3906238,1.3970168,1.385436,1.3938379,1.381893,1.385254,1.3955266,1.407775,1.3732605,1.3952842,1.3848715,1.3995539,1.4000362,1.4115278,1.383244,1.3930871,1.3838161,1.3937032,1.4059997,1.394541,1.3719807,1.3925395,1.4019967,1.3972106,1.3994961,1.3963724,1.4038612,1.4052026,1.4017265,1.3814609,1.3852262,1.394048,1.4004432,1.402519,1.388315,1.3927172,1.389564,1.3902434,1.3886611,1.3904747,1.3898529,1.3838636,1.3734847,1.393501,1.3986064,1.4008772,1.3990066,1.4092749,1.4077076,1.395849,1.4059834,1.4000777,1.401567,1.3748477,1.3955626,1.3961375,1.3820897,1.3952755,1.4193201,1.405763,1.4035537,1.4244903,1.3857596,1.3925875,1.389332,1.3863449,1.393435,1.4018906,1.3802553,1.3776793,1.3950448,1.3721339,1.4040778,1.3993356,1.3897192,1.3934214,1.3687756,1.3785341,1.3923546,1.3964761,1.4007913,1.3787277,1.4186068,1.3830396,1.3847022,1.3782429,1.377961,1.3903747,1.383576,1.38952,1.3812728,1.4010223,1.3905942,1.3912052,1.3936877,1.3928931,1.3806205,1.3931172,1.3903184,1.3960379,1.392787,1.4044113,1.4105786,1.3849194,1.3892604,1.4023602,1.3959267,1.3978177,1.3916906,1.4123865,1.3848385,1.4175988,1.3828958,1.3997256,1.3933645,1.3850195,1.370403,1.4035554,1.3937821,1.4095078,1.3851076,1.3977915,1.384583,1.4037193,1.3788264,1.374725,1.3972458,1.3912408,1.3834125,1.3905295,1.4053519,1.4038401,1.3793312,1.3779852,1.414721,1.4072487,1.3983707,1.4047868,1.385916,1.3939517,1.3872299,1.3938706,1.3935192,1.3999357,1.4073182,1.4004047,1.3961415,1.4065454,1.3995137,1.3897108,1.3986286,1.4067196,1.402855,1.3837655,1.3987913,1.3966428,1.4162366,1.3882387,1.400029,1.3905407,1.3939483,1.4117539,1.4033074,1.4023381,1.3995379,1.3918555,1.3779546,1.3830402,1.3923022,1.3913246,1.4014058,1.3779701,1.3993539,1.3881327,1.4090809,1.3959198,1.4162492,1.3992109,1.4130776,1.3918605,1.404833,1.4065384,1.3982167,1.3921045,1.3959124,1.3932858,1.3847032,1.3924338,1.3904383,1.404174,1.3836651,1.3939136,1.3878677,1.4013004,1.3893263,1.3921242,1.376518,1.4090502,1.3885711,1.3990978,1.3899264,1.3931172,1.4051731,1.4026811,1.3868257,1.3912115,1.3745502,1.3712182,1.4052137,1.3885734,1.3847804,1.3845142,1.388656,1.375438,1.388745,1.411245,1.4092829,1.4040821,1.3905069,1.3930125,1.3827733,1.3898563,1.4048307,1.3980513,1.3831584,1.3888707,1.3857161,1.3860598,1.4032005,1.3793623,1.3900443,1.4030218,1.3867582,1.3991855,1.3725199,1.3822106,1.4046223,1.3674519,1.4049715,1.3893331,1.400766,1.3851924,1.3966237,1.402987,1.4070926,1.3841345,1.396729,1.4055681,1.3907729,1.398843,1.3858718,1.3769791,1.3946449,1.3929455,1.3973355,1.3963265,1.4051659,1.3834794,1.3934884,1.3847017,1.3830488,1.3977631,1.3913475,1.391757,1.3980215,1.3885427,1.3981853,1.3833159,1.3789577,1.3839189,1.3824538,1.3850338,1.3912673,1.3756642,1.4003713,1.380407,1.3856107,1.380001,1.3793416,1.3914309,1.3953851,1.3904417,1.3876815,1.4037651,1.3834203,1.3968561,1.3856682,1.3806528,1.3821956,1.3995886,1.4101568,1.388621,1.4162076,1.3861957,1.3899264,1.3940629,1.3655859,1.3881382,1.375369,1.4005703,1.3960483,1.4116592,1.3839903,1.3799486,1.3975568,1.3911161,1.3909978,1.3911443,1.3921872,1.3933793,1.4165093,1.3957205,1.3880504,1.3852626,1.3775672,1.3945993,1.37216,1.3908713,1.3813621,1.4084594,1.3952858,1.3964267,1.3975912,1.3989161,1.3837795,1.4058031,1.4058987,1.3964307,1.3902323,1.3970951,1.4214052,1.4009167,1.3832576,1.4134992,1.3762888,1.4188143,1.4098413,1.3940172,1.3931713,1.3937424,1.4005333,1.3840196,1.3969624,1.3955518,1.3900459,1.4012886,1.3723325,1.3602175,1.4056381,1.3926013,1.4098288,1.3872098,1.3883755,1.39556,1.383571,1.3971878,1.409811,1.3946755,1.4095894,1.4192816,1.3886395,1.4011381,1.3660868
0.4619131,0.46748322,0.45647922,0.44867626,0.45666033,0.46432552,0.46589735,0.4704021,0.4441928,0.44428432,0.44447976,0.44932878,0.46134517,0.45006204,0.4509922,0.45410866,0.4687456,0.4526719,0.46407348,0.44550812,0.45266736,0.45230418,0.44891238,0.47456458,0.4732256,0.449317,0.43006635,0.4517641,0.45797828,0.44149336,0.42661327,0.45607233,0.4473858,0.46308967,0.43934944,0.43878925,0.47149616,0.47304288,0.44927225,0.4439075,0.4543064,0.45047528,0.4277147,0.44304687,0.45382214,0.44838005,0.44555464,0.45403343,0.4573106,0.42890686,0.47512653,0.45428634,0.4442196,0.44739833,0.47064823,0.45272952,0.4605068,0.46340233,0.47279856,0.4391758,0.47372004,0.47242782,0.4508053,0.44770825,0.47246003,0.4655999,0.4691683,0.45195752,0.43620285,0.45815226,0.46459255,0.48331237,0.443286,0.441521,0.44882292,0.46902695,0.46687934,0.44810453,0.45776087,0.46930066,0.44946158,0.42593879,0.48145357,0.43734005,0.44492137,0.45362312,0.44900367,0.4668149,0.45748758,0.44636267,0.47000965,0.46373704,0.47192672,0.4962724,0.4664962,0.45550779,0.44478315,0.4462977,0.46514848,0.43851596,0.44280583,0.4531874,0.4552003,0.43619427,0.46555975,0.45790452,0.47062802,0.4409712,0.45159218,0.46223626,0.48073545,0.45698154,0.47541413,0.46255708,0.45647764,0.4472717,0.46703395,0.44426864,0.45870018,0.4535062,0.44985437,0.47633767,0.4507081,0.46197236,0.4625171,0.44543937,0.44127896,0.45069727,0.4674754,0.46134117,0.44800216,0.45578557,0.45804656,0.4431204,0.4629722,0.46190742,0.43889028,0.46690762,0.44275257,0.43397263,0.48040432,0.4613067,0.4318273,0.48200625,0.45608035,0.4466326,0.4709126,0.4607048,0.4540772,0.46209106,0.44779694,0.45838916,0.44488364,0.44813037,0.45302773,0.42301482,0.4664628,0.4453144,0.48411557,0.45414183,0.47311288,0.44417787,0.44738314,0.46079332,0.46573782,0.4639958,0.44850573,0.46831578,0.45596367,0.4546182,0.45044443,0.4485609,0.44335464,0.45749512,0.43971133,0.4534478,0.44168,0.45447743,0.4597545,0.45011207,0.47253364,0.45746937,0.4568154,0.4577998,0.4541387,0.46693522,0.44342154,0.44723943,0.47173563,0.4650132,0.4772973,0.4382414,0.43982524,0.47446644,0.4262383,0.44605443,0.44558674,0.46951646,0.45255548,0.46646482,0.46636376,0.45178202,0.44568992,0.46327406,0.4557004,0.43450794,0.46715182,0.4595267,0.45086,0.44873193,0.45870486,0.45368004,0.47906655,0.44363728,0.4562078,0.45443383,0.45508376,0.44925645,0.46228454,0.4394603,0.44945458,0.44207016,0.4529936,0.47191218,0.43914297,0.44608214,0.4759387,0.45228165,0.4546444,0.46376806,0.4647831,0.45428765,0.4489269,0.46818337,0.4545279,0.4496495,0.45623726,0.46744034,0.44776213,0.46710283,0.4967787,0.46029022,0.45457974,0.46529534,0.45432338,0.45109195,0.46033204,0.43936548,0.44802985,0.45374382,0.4597388,0.46056187,0.4788128,0.4485102,0.44630682,0.44905406,0.43389186,0.46851724,0.46211597,0.46021494,0.44993243,0.45394668,0.46854457,0.439283,0.44323823,0.45105043,0.47024775,0.45599917,0.45433825,0.47447616,0.44778717,0.47469565,0.44969335,0.45715383,0.46473417,0.4589896,0.46255085,0.4385737,0.4492165,0.44170305,0.44015634,0.47122473,0.47311637,0.458899,0.46974245,0.46015808,0.4441819,0.4703058,0.46853894,0.46466807,0.44986898,0.44028074,0.45644557,0.44962123,0.45409793,0.45656234,0.45734343,0.4421301,0.47083047,0.45853883,0.46245375,0.4641148,0.46601245,0.43961087,0.45794836,0.4418026,0.4594113,0.4525269,0.4569794,0.46833143,0.45004147,0.46230012,0.4534065,0.4616102,0.4528899,0.45904496,0.45931047,0.4337386,0.45458463,0.4586706,0.4774078,0.44685608,0.4658715,0.44707763,0.45936665,0.45532274,0.49099866,0.44399858,0.45364213,0.43192604,0.46082598,0.45177323,0.44838756,0.45229426,0.46865368,0.45718536,0.4595793,0.44391984,0.4628772,0.41993907,0.46006772,0.47076425,0.42762852,0.4430992,0.44865614,0.4544227,0.45512533,0.47495562,0.45542532,0.46710134,0.45306817,0.45757502,0.44847256,0.45395923,0.45157564,0.4761887,0.454906,0.44679424,0.4458585,0.4334318,0.4389689,0.454343,0.46292597,0.45486045,0.4877353,0.46525192,0.44727337,0.46308225,0.43237567,0.4392488,0.4600606,0.43526974,0.43825212,0.44032612,0.4748956,0.47727233,0.4455875,0.45006,0.47417158,0.43587065,0.4604897,0.47240707,0.4473159,0.4379143,0.43668047,0.44721103,0.46845946,0.44487694,0.47764596,0.45314184,0.4537943,0.4577842,0.46929508,0.45994943,0.49252325,0.4638003,0.43871573,0.46811214,0.46034747,0.4630117,0.43725258,0.4524789,0.44942948,0.42469952,0.43904373,0.4507767,0.4379094,0.48196462,0.45437294,0.4497635,0.4536792,0.45936385,0.44267455,0.47582403,0.45566002,0.45669436,0.4237837,0.46040013,0.45007145,0.45876455,0.4422602,0.46148583,0.46186537,0.4552086,0.44967008,0.44806105,0.4510476,0.4422695,0.4277036,0.46306965,0.44526038,0.467063,0.42217302,0.46885917,0.45370638,0.44869146,0.4660502,0.4464741,0.4730768,0.4672459,0.41661018,0.45677516,0.49253592,0.47049242,0.4472529,0.4407516,0.4593996,0.4674839,0.43981704,0.4470601,0.45031214,0.45854133,0.4315714,0.47807148,0.46603608,0.46407318,0.46389627,0.43573672,0.46746933,0.4616078,0.4610663,0.44845468,0.4522271,0.4645633,0.4402215,0.45930567,0.45031115,0.44952622,0.43597648,0.478659,0.45576656,0.44524628,0.45155692,0.45007864,0.444697,0.4590099,0.4519938,0.4826516,0.4610384,0.4447676,0.45815396,0.48516655,0.44661593,0.4524901,0.459155,0.46838143,0.44666788,0.47564507,0.4429792,0.44434988,0.4350651,0.4631726,0.44130656,0.47458008,0.44274324,0.47288913,0.46663052,0.4515564,0.4638092,0.46537358,0.46132153,0.46100757,0.4694105,0.47605163,0.46093467,0.46564507,0.48134848,0.4365629,0.4787959,0.4738624,0.45127022,0.45531946,0.47175252,0.44150996,0.47092164,0.46242258,0.46893892,0.4546967,0.47559357,0.46531427,0.44538453,0.46519133,0.4693101,0.47683334,0.4575832,0.4571494,0.47923034,0.46306732,0.46718264,0.47209024,0.4623167,0.47004002,0.4476632,0.50013655,0.44374222,0.47250554,0.43401355,0.4901758,0.45320645,0.44776806,0.4403251,0.44466758,0.45399606,0.4722887,0.42559642,0.45333377,0.44952422,0.46541688,0.44080636,0.4827582,0.45052236,0.46412,0.4581481,0.4446236,0.47207496,0.4715709,0.47743964,0.45650715,0.45443827,0.46375138,0.4527032,0.4500624,0.45517546,0.4663534,0.45883158,0.4909271,0.4404597,0.4494738,0.43964022,0.47121903,0.48397675,0.45155025,0.4646902,0.45999762,0.45298722,0.43668652,0.48031938,0.45516053,0.4480001,0.44341394,0.45464173,0.43899357,0.471319,0.44029337,0.44042757,0.45508116,0.46701705,0.4594009,0.46834266,0.4395939,0.47080788,0.46806538,0.45191762,0.4624595,0.44517142,0.45524216,0.44718677,0.4804927,0.46634096,0.4645552,0.44571346,0.45105687,0.4706664,0.44959918,0.47353253,0.46116623,0.45028782,0.45054245,0.4529927,0.46101308,0.47189197,0.48612735,0.45959055,0.4605995,0.42691895,0.46007836,0.45570588,0.4502856,0.46926048,0.43854082,0.4222176,0.4434366,0.45309865,0.44465172,0.4451282,0.44248694,0.45445156,0.45675534,0.44191998,0.42804375,0.449015,0.45996004,0.46132597,0.47474182,0.45048383,0.45820555,0.44021007,0.45073724,0.45839578,0.4567219,0.45328858,0.45122033,0.4498397,0.44223645,0.45863295,0.45677614,0.44325027,0.45424923,0.4629605,0.4519899,0.45460403,0.4402947,0.4502499,0.44526306,0.4718921,0.46395692,0.47330254,0.45663598,0.45700267,0.46825513,0.46090987,0.47175807,0.46300045,0.4638332,0.4645543,0.46486416,0.45265827,0.43086618,0.45990357,0.4433152,0.44467482,0.4495787,0.44211233,0.47580445,0.45340678,0.46993363,0.45015407,0.4456398,0.456914,0.4339093,0.44691962,0.4405562,0.44741467,0.43871602,0.4661994,0.4618207,0.43808994,0.45226616,0.45958802,0.46364424,0.44165328,0.45233545,0.4477965,0.45225793,0.45291057,0.43241656,0.44452178,0.47551793,0.469909,0.44660202,0.44767696,0.4559801,0.455327,0.44542643,0.45115668,0.44854623,0.47463122,0.45705873,0.43937,0.4588666,0.46841314,0.44536757,0.4457926,0.46073264,0.44024983,0.45330137,0.4469856,0.47942185,0.44362426,0.43712375,0.4440087,0.44528356,0.44298902,0.45617872,0.466371,0.4622529,0.47242412,0.45536977,0.4609198,0.45220384,0.4411014,0.44951034,0.4750596,0.45465675,0.45178765,0.44872886,0.47780657,0.44819683,0.4392963,0.47714368,0.4460171,0.4571627,0.47914857,0.44705877,0.46102193,0.4660104,0.46119818,0.45411998,0.45067912,0.4407158,0.46356365,0.46820778,0.4640175,0.46414834,0.45351863,0.45061508,0.45702523,0.47361013,0.44122696,0.45695361,0.4641556,0.46457016,0.4448589,0.44860315,0.45239455,0.45754945,0.4496907,0.44330913,0.4660349,0.46508297,0.47062016,0.45836946,0.46317515,0.46250683,0.44434935,0.45678693,0.46907535,0.44859058,0.4689352,0.45358053,0.4462798,0.4533048,0.46895278,0.45656595,0.42394623,0.4689145,0.4527067,0.4466942,0.45099398,0.45963997,0.47084686,0.43411812,0.47552678,0.47240463,0.45133322,0.45075047,0.464791,0.4515011,0.43936506,0.45821172,0.45425647,0.45830065,0.4516488,0.47415075,0.44929826,0.45702413,0.45760047,0.48362535,0.45731604,0.45399797,0.46606612,0.44154,0.45348898,0.44996566,0.47457567,0.46980602,0.45070446,0.44138938,0.47190672,0.4471001,0.4559379,0.4741103,0.4538651,0.46479708,0.44437048,0.4930905,0.45593882,0.4227119,0.442704,0.452886,0.47222042,0.46158937,0.46624404,0.44750845,0.45536184,0.47226796,0.4415715,0.4571404,0.45586404,0.45274094,0.44648898,0.46299556,0.44512075,0.44608343,0.44110808,0.4624453,0.45649123,0.45655078,0.45854422,0.44296446,0.47838935,0.453622,0.4444403,0.44908378,0.45237023,0.4352853,0.45920247,0.43589604,0.45126885,0.44877744,0.43589976,0.4486333,0.46541393,0.46249378,0.45140794,0.4666873,0.47632214,0.47781336,0.44739357,0.47062448,0.45851326,0.46607286,0.48486236,0.46710888,0.46386608,0.4814024,0.45226216,0.46955013,0.46523157,0.45694467,0.43819213,0.44692367,0.4500469,0.45812982,0.4587819,0.4727954,0.4598402,0.43549103,0.47073242,0.44391137,0.4599764,0.44804567,0.43529817,0.45694116,0.4706569,0.4833287,0.44548708,0.45465088,0.460214,0.45869353,0.44048685,0.47170052,0.45822158,0.4623358,0.4667708,0.42637154,0.4396877,0.4401347,0.47477752,0.47608972,0.44328314,0.46004844,0.44729885,0.45961723,0.45275486,0.45686173,0.4561492,0.4511629,0.47014135,0.46747637,0.45492733,0.45348388,0.4442619,0.4549994,0.43755153,0.45650762,0.44649422,0.4545037,0.45502692,0.48341888,0.47055218,0.4585559,0.44527912,0.47790802,0.45597014,0.4495052,0.4632023,0.43954098,0.45427278,0.4414761,0.4638968,0.44076687,0.46391726,0.46140352,0.43877828,0.46726483,0.45136777,0.44035354,0.45901453,0.48616445,0.48952574,0.4485139,0.4696857,0.46048856,0.47142252,0.45861477,0.46325225,0.4428595,0.43728146,0.4670917,0.45820084,0.4730756,0.46976513,0.47737214,0.46859062,0.44265902,0.44914037,0.45623562,0.4327852,0.44093874,0.47119236,0.4499676,0.42964432,0.46413577,0.47980705,0.4587059,0.45723724,0.45039105,0.47455588,0.45478618,0.4523325,0.4575871,0.45333692,0.4596317,0.4553576,0.46334198,0.45930967,0.45148477,0.44161782,0.4678613,0.45481148,0.47107956,0.46272162,0.4510223,0.43263754,0.45843294,0.45332626,0.46593657,0.4453336,0.46353316
