0.872798,0.8603469,0.7901204,0.8319631,0.8183727,0.815773,0.80296236,0.83420235,0.86563694,0.7904027,0.80017924,0.8242415,0.8430852,0.80449736,0.8197157,0.8237138,0.82287925,0.8045977,0.8418189,0.8570598,0.8141927,0.8262608,0.8370872,0.84207773,0.83839136,0.78184915,0.79532635,0.8084555,0.8230994,0.8164501,0.7890277,0.820096,0.8434017,0.8099022,0.81343615,0.8121096,0.8015677,0.83203006,0.8102806,0.8437651,0.8135432,0.8333123,0.82825243,0.8319487,0.807513,0.83929884,0.8267211,0.8485064,0.83771676,0.82508636,0.7849816,0.79148567,0.8430108,0.8380409,0.82698405,0.84681433,0.7890928,0.84242755,0.82075197,0.84018767,0.8082496,0.83466786,0.8410943,0.8412643,0.8431653,0.8286654,0.83858854,0.79423654,0.8067548,0.80172366,0.8939943,0.79333866,0.8683974,0.87004256,0.8479804,0.7843139,0.80882454,0.80582315,0.8402517,0.76358795,0.87658644,0.80352896,0.8887279,0.7982551,0.83145463,0.8348719,0.8597859,0.84160024,0.8043588,0.8786981,0.8169357,0.8246218,0.8496053,0.8664797,0.83334655,0.79603857,0.8564645,0.8385866,0.8314909,0.8624666,0.8295452,0.8153318,0.8512011,0.85983515,0.8642572,0.87476665,0.78508204,0.78392756,0.77369446,0.78414416,0.7651706,0.82112074,0.83756757,0.8113766,0.85172594,0.7745326,0.829966,0.8200948,0.8395556,0.79000825,0.8470715,0.85692096,0.81052834,0.81750786,0.8397958,0.8378031,0.79863846,0.83118784,0.83163893,0.8082897,0.83592695,0.8219483,0.79162616,0.87670195,0.8659772,0.8414429,0.82020354,0.79599017,0.8301741,0.809855,0.79719555,0.82085043,0.79739916,0.7429779,0.82064104,0.89171815,0.80353594,0.8561593,0.8010901,0.83877236,0.84799266,0.8397614,0.83034563,0.8248561,0.8016422,0.8542782,0.837249,0.8267309,0.8015514,0.83816326,0.8084077,0.86047864,0.80175257,0.8412832,0.829116,0.81002176,0.81068504,0.8158637,0.7829906,0.79139614,0.83438116,0.80225277,0.8721325,0.84973884,0.8203709,0.8234946,0.8236661,0.8190276,0.8011249,0.8524524,0.7902701,0.8272388,0.7859524,0.8360174,0.83042425,0.8061821,0.82098436,0.832445,0.85938585,0.8359707,0.84157884,0.80017805,0.84150684,0.8400797,0.83731174,0.8367746,0.879926,0.7715447,0.86984897,0.7674125,0.8404289,0.77314746,0.7718705,0.7973079,0.78874385,0.78498214,0.8728517,0.78163207,0.8456174,0.78701675,0.84992504,0.8737328,0.8635974,0.8589505,0.79198563,0.83217406,0.8491476,0.79683316,0.791322,0.8334688,0.9104296,0.8333137,0.7901743,0.8286216,0.80915105,0.771904,0.8108821,0.8296221,0.8282962,0.82860374,0.8397398,0.81113076,0.80955344,0.79447585,0.8583753,0.8241296,0.9025803,0.8159545,0.79764855,0.8293187,0.82155836,0.8669945,0.8471534,0.84123814,0.904036,0.81019723,0.8022789,0.7956702,0.8802837,0.81394535,0.7777369,0.8343391,0.8409831,0.8059001,0.826159,0.8733751,0.8275615,0.8759382,0.8409117,0.79291797,0.8243394,0.8457656,0.81378865,0.8593063,0.781701,0.7594837,0.79663354,0.7819159,0.8034197,0.81273216,0.8661519,0.85891366,0.8296996,0.8430932,0.8273855,0.8405695,0.8049282,0.8252924,0.8256539,0.85325825,0.77367955,0.8235733,0.852204,0.8155649,0.80187076,0.8386606,0.84954244,0.820934,0.7842166,0.8096986,0.8037263,0.8346266,0.81877553,0.8063204,0.7959701,0.7611903,0.8158931,0.8125485,0.80708826,0.8708611,0.79543185,0.7905781,0.87236583,0.80576915,0.8154327,0.8307568,0.8260297,0.8299074,0.77581775,0.85853183,0.7556098,0.853379,0.8053296,0.7779575,0.845347,0.8541398,0.8888703,0.832229,0.8474436,0.8150858,0.81227094,0.798553,0.8169517,0.8042176,0.7739116,0.7715367,0.7977718,0.84305847,0.8441128,0.8381638,0.82464045,0.8385259,0.84807855,0.81405956,0.76239985,0.8252131,0.8448074,0.8091335,0.86378556,0.85449296,0.84424525,0.81793565,0.81564933,0.85354054,0.81349236,0.8131045,0.8241207,0.8563411,0.8252738,0.8036976,0.80752033,0.84337,0.80579114,0.80875695,0.8536323,0.819308,0.78661937,0.8030756,0.82904804,0.83738935,0.8123979,0.8216025,0.80338764,0.81453675,0.8600697,0.7892254,0.810658,0.8008965,0.8259152,0.8877211,0.845786,0.82985055,0.8169422,0.8423888,0.8432865,0.85988873,0.8225009,0.83618647,0.797891,0.79176956,0.8015568,0.84257925,0.8689686,0.82123715,0.7979836,0.8025895,0.7962786,0.8495292,0.8159083,0.8617764,0.82569295,0.812309,0.8122971,0.8201169,0.80708486,0.8464412,0.8644655,0.8523774,0.8313804,0.86390036,0.7970818,0.77899027,0.8387364,0.8147393,0.8497603,0.8193331,0.8269041,0.83197606,0.837517,0.9009834,0.8319351,0.8100602,0.83019996,0.81674224,0.7788444,0.78923297,0.80782765,0.79522777,0.7824874,0.80683374,0.8432192,0.794414,0.84467065,0.8352395,0.8197973,0.8502555,0.8237717,0.8083179,0.8494023,0.842887,0.838394,0.8613231,0.8512355,0.8613862,0.8055618,0.78317654,0.8117416,0.8328357,0.7852944,0.8058392,0.83598256,0.8507065,0.8211627,0.80886984,0.790905,0.8018673,0.8343175,0.8152286,0.82678676,0.825611,0.82885647,0.81285465,0.8671263,0.7857563,0.84102446,0.82240254,0.8152298,0.828401,0.7959315,0.78302914,0.82655954,0.88678014,0.8583864,0.7696487,0.82628524,0.82728386,0.82665575,0.8213348,0.8174232,0.78165025,0.79984784,0.8222769,0.8064238,0.8825946,0.82097185,0.864559,0.817858,0.8148931,0.8537684,0.8189288,0.7746156,0.8343803,0.791157,0.8442474,0.79360867,0.8405658,0.813428,0.7996884,0.84914035,0.848111,0.8515414,0.79950804,0.83512133,0.8252132,0.7725344,0.7995151,0.84629583,0.82543194,0.833119,0.8032711,0.85803455,0.84189093,0.81004316,0.8644046,0.865241,0.8442085,0.78684974,0.81030184,0.81578004,0.8200174,0.81579864,0.823362,0.8506956,0.8428643,0.86227226,0.7916574,0.8051955,0.8526416,0.8059594,0.83150095,0.7620424,0.8415923,0.84236264,0.8073576,0.7901195,0.79016817,0.8146362,0.82932657,0.8937439,0.7766628,0.81753296,0.8366691,0.83221984,0.84707916,0.8103484,0.84575754,0.82164,0.83063614,0.79015315,0.82918626,0.8315235,0.8346432,0.864661,0.8357844,0.83540547,0.80910623,0.8130953,0.79022276,0.81318146,0.8200438,0.79500914,0.826295,0.82235897,0.8350592,0.8385372,0.82264566,0.84069407,0.8325623,0.7948693,0.870245,0.8563091,0.834268,0.8108268,0.812001,0.810344,0.8257378,0.7655085,0.84579253,0.84943616,0.804962,0.7833509,0.8139396,0.79179233,0.8493137,0.8534554,0.7961628,0.7934005,0.81881154,0.82180464,0.81525683,0.8448529,0.81456476,0.8231632,0.826784,0.7909523,0.81809306,0.79892635,0.83335626,0.8514623,0.81299007,0.8178804,0.82201576,0.8133581,0.84942365,0.832552,0.8429739,0.7940071,0.82295257,0.875886,0.81156933,0.7936311,0.7992984,0.80515224,0.84171224,0.80407095,0.7986827,0.81097144,0.84970295,0.8143962,0.81226647,0.8616261,0.81724215,0.88419956,0.80701536,0.81079066,0.8392892,0.79455423,0.86388236,0.8261445,0.88425267,0.8399626,0.8430369,0.82222337,0.8096523,0.8408618,0.81968844,0.76971257,0.7939657,0.8583429,0.80554265,0.7674384,0.79983383,0.86491585,0.80351967,0.76054275,0.8825182,0.8069349,0.79766387,0.8236936,0.8121148,0.8250924,0.8429714,0.811339,0.84214574,0.85138285,0.8556039,0.83437824,0.83805823,0.8339591,0.8772484,0.8066035,0.821575,0.82671195,0.7719116,0.7984682,0.8406362,0.77801406,0.8468042,0.813684,0.8408663,0.81074566,0.8213468,0.77017665,0.80310994,0.81347215,0.8262887,0.8259342,0.8079181,0.8563715,0.74957865,0.83288777,0.82681227,0.82235914,0.8191088,0.8243298,0.8344912,0.812121,0.82661307,0.7944095,0.8602364,0.81529576,0.8200563,0.8465086,0.7753333,0.8071269,0.78707564,0.7669103,0.78206825,0.9026789,0.79558575,0.8006103,0.80901873,0.80528456,0.85184973,0.83700836,0.84118325,0.8204106,0.8220451,0.81350553,0.8739453,0.8032395,0.830662,0.8361863,0.80327135,0.80567527,0.8333564,0.84541553,0.82928675,0.8481966,0.81651497,0.846265,0.8318748,0.8095404,0.82380277,0.8406334,0.8092706,0.8474473,0.8070897,0.8386003,0.77441967,0.82141316,0.81075704,0.81409985,0.8228336,0.77768856,0.834488,0.82608014,0.82005686,0.8182894,0.8200767,0.8386244,0.7907335,0.8277394,0.8121661,0.81696796,0.84045064,0.8216989,0.7914612,0.77223897,0.84239167,0.84014887,0.8290322,0.8090528,0.82937044,0.7781988,0.8379047,0.88085,0.80006576,0.8411008,0.8211971,0.81977713,0.80725276,0.8331332,0.8380833,0.79611945,0.82106173,0.8242995,0.7907562,0.79590905,0.8710045,0.83522904,0.814476,0.84711885,0.803655,0.84718585,0.88285977,0.823298,0.8052955,0.8733694,0.8292926,0.8126128,0.8126836,0.78790224,0.8024272,0.7764772,0.7917335,0.8535718,0.8629947,0.84598804,0.79510915,0.7982233,0.8345335,0.8156668,0.8539828,0.82432014,0.8307519,0.8052814,0.8434022,0.8436893,0.8099415,0.7872457,0.80289,0.82616425,0.8292228,0.8133394,0.82592165,0.8226885,0.83674026,0.8525622,0.7680866,0.84197617,0.812909,0.8185199,0.834153,0.87270755,0.84693676,0.7881933,0.83850664,0.8571345,0.83171123,0.82559925,0.84443736,0.7809717,0.7812571,0.8035565,0.8083822,0.8043113,0.80220354,0.8957697,0.786425,0.78859967,0.81506765,0.82598746,0.86091745,0.8193572,0.8337315,0.84891605,0.8391982,0.8339429,0.8198204,0.80772376,0.8163404,0.8393652,0.8441584,0.80225646,0.7696081,0.7745158,0.81525993,0.8237392,0.7974371,0.8179522,0.85184485,0.8308923,0.7886795,0.8260029,0.78864706,0.8486185,0.81035817,0.83403957,0.77131796,0.80601114,0.87141085,0.7827083,0.81381756,0.8417032,0.79639006,0.7848125,0.778946,0.8457966,0.8151585,0.8100071,0.8409039,0.78985596,0.8212165,0.8326795,0.79673326,0.8134003,0.8225078,0.8530215,0.77088696,0.85032773,0.8316146,0.7908796,0.8282632,0.85662085,0.85131335,0.790691,0.7999241,0.8597591,0.83281344,0.7675046,0.8489686,0.84676176,0.84092104,0.7992832,0.8109431,0.8051115,0.7487204,0.85784984,0.8592501,0.8389859,0.82178867,0.813477,0.83045423,0.7898681,0.8028234,0.833428,0.81464636,0.8204043,0.7979008,0.8243529,0.90641123,0.7968375,0.8441946,0.8298894,0.86254287,0.82927185,0.86442304,0.76998544,0.84311277,0.84191525,0.7918224,0.8296426,0.8299198,0.80827034,0.7873641,0.8429549,0.7911908,0.79406935,0.8083822,0.7832731,0.7952527,0.80339646,0.7569514,0.7943535,0.8175571,0.826126,0.819914,0.8087334,0.7902185,0.80967677,0.82587534,0.8565403,0.8113338,0.8589412,0.83640313,0.82358,0.84227246,0.82247883,0.8128729,0.8231235,0.82758784,0.8078016,0.8299108,0.7927459,0.79388463,0.79773176,0.77920985,0.8494798,0.83369637,0.8188162,0.89892185,0.8036127,0.8553455,0.81763804,0.82148945,0.7866808,0.8432629,0.8639506,0.7815397,0.8068459,0.8006765,0.82308143,0.82254624,0.814563,0.74807453,0.83707625,0.8263019,0.8324218,0.780275,0.80586666,0.8394044,0.8111595,0.8378807,0.8620711,0.8013774,0.8059741,0.802804,0.8299916,0.8435202,0.83102864,0.8054805,0.83597267,0.82052416,0.8001463,0.8415163,0.7824211,0.8132048,0.8506504,0.824334,0.8021511,0.8343536,0.8465618,0.81759334,0.802761,0.7988438,0.792207,0.83444977,0.7818545,0.8419321
0.81848043,0.8612228,0.80218333,0.8416762,0.8555397,0.8517236,0.8237823,0.8470615,0.8873251,0.8355571,0.8279428,0.8522075,0.811724,0.82952476,0.84364176,0.8463062,0.8223031,0.8450101,0.82948387,0.8336386,0.8236431,0.8332608,0.8486566,0.8442397,0.8160144,0.8432133,0.81681883,0.8203085,0.8478631,0.86067843,0.81628835,0.8339478,0.86814564,0.82025504,0.83787006,0.8348049,0.8823922,0.862429,0.8333991,0.8373345,0.818286,0.8472026,0.79722375,0.8861748,0.84824026,0.84337586,0.8491949,0.84768665,0.82415724,0.84659827,0.81491333,0.8310374,0.84642917,0.8446889,0.8675524,0.85430974,0.8348309,0.81620455,0.82171065,0.8565836,0.8734342,0.86767805,0.8486458,0.8230052,0.86569643,0.8333744,0.8806428,0.83247256,0.8569592,0.85711235,0.8743385,0.817353,0.82261854,0.8601772,0.83682466,0.7765526,0.8380983,0.850675,0.81840944,0.84711844,0.8710758,0.8231057,0.8690348,0.8111422,0.8361241,0.8231818,0.8236899,0.85709274,0.82639,0.8288418,0.8559893,0.83201087,0.8586956,0.8503419,0.8044649,0.81368756,0.82993394,0.8517538,0.8424102,0.8399944,0.83050853,0.8191382,0.8924456,0.8528029,0.8409231,0.8570504,0.84095097,0.82478005,0.8041842,0.8329111,0.7894882,0.8131164,0.8377127,0.82671016,0.81431645,0.8169163,0.8142074,0.8630428,0.87819284,0.83713275,0.860905,0.8154292,0.8165833,0.8552988,0.86901414,0.8478246,0.8151966,0.84498847,0.8269837,0.82291275,0.8579918,0.7960789,0.83029497,0.83818203,0.83683497,0.8595247,0.81962764,0.8114217,0.8360028,0.8609617,0.85071236,0.81006926,0.8081743,0.8435333,0.81254715,0.8975046,0.82940406,0.8410869,0.82737887,0.8670056,0.84600586,0.8160469,0.83904165,0.8296865,0.83795506,0.85030156,0.9021353,0.8012652,0.8742614,0.8440398,0.82045597,0.8601759,0.80618984,0.8409083,0.85230625,0.8461872,0.8381183,0.86844337,0.7883561,0.8374857,0.8484302,0.7723996,0.84846014,0.822008,0.8509831,0.86904323,0.8754357,0.82538533,0.84025985,0.8242899,0.85022306,0.84683484,0.82628727,0.86414105,0.81097966,0.83656156,0.8579601,0.8441325,0.8418435,0.8261946,0.8192358,0.82451665,0.8448801,0.86096525,0.85775024,0.83977205,0.88751507,0.81312865,0.82911444,0.85067415,0.8230965,0.79330564,0.8097751,0.8123696,0.76816773,0.802238,0.8861538,0.8256292,0.8279488,0.7982949,0.8447466,0.8552217,0.85547745,0.84878886,0.87008667,0.8922834,0.83240026,0.80058134,0.7952565,0.84433603,0.8666439,0.85682464,0.80492705,0.85110444,0.8499172,0.82052684,0.8517881,0.84605724,0.80456835,0.87412894,0.85326916,0.82676953,0.8679345,0.83164406,0.8371074,0.8366664,0.8044401,0.8111716,0.7979137,0.82039887,0.8271568,0.8538517,0.8168425,0.8470739,0.86449945,0.807521,0.8228488,0.8331641,0.8644473,0.84801614,0.8160478,0.85859907,0.8307654,0.82913697,0.8400743,0.8617532,0.8399052,0.84299546,0.8233294,0.82240736,0.8339102,0.82096505,0.8445538,0.8739773,0.81737393,0.8251328,0.80888015,0.82469463,0.81559074,0.8907761,0.842625,0.8036486,0.83304757,0.86770827,0.84683466,0.84631777,0.83279157,0.83280873,0.87387085,0.8371645,0.8548225,0.85275674,0.8621544,0.82419354,0.81011474,0.7934248,0.83370465,0.81883067,0.8252466,0.81489533,0.84530044,0.8785812,0.84102863,0.8161019,0.8374214,0.8049151,0.83765,0.8568524,0.84402645,0.8587186,0.8436288,0.8375237,0.83061624,0.7931283,0.8218362,0.8317725,0.839358,0.84395856,0.8332982,0.86636436,0.7942823,0.8634293,0.8696889,0.8157831,0.8746267,0.8239087,0.8624895,0.8295588,0.8693837,0.88738114,0.8015098,0.84262323,0.87900615,0.8634581,0.8056085,0.8352534,0.8529974,0.8333162,0.8549131,0.84116817,0.8669793,0.86988944,0.8316559,0.8328957,0.8558707,0.8452749,0.81891876,0.8431362,0.8146216,0.8087081,0.83360744,0.857194,0.80658555,0.82147694,0.8313382,0.8264744,0.8371724,0.8161433,0.8082605,0.8057239,0.85169387,0.83836687,0.83849853,0.8415163,0.8362211,0.78827715,0.7826542,0.84868747,0.82436943,0.88173383,0.8526098,0.7982564,0.83171725,0.7917586,0.84527856,0.8365472,0.8412236,0.84194344,0.8527014,0.8697557,0.8351425,0.8227758,0.86251616,0.81318134,0.8406523,0.8511753,0.7977651,0.85574275,0.80560744,0.8709685,0.83539426,0.8585371,0.8784292,0.82793725,0.8455616,0.8190021,0.8368076,0.86749184,0.8616194,0.8817327,0.81308085,0.8280343,0.84597975,0.8474878,0.8697292,0.82337856,0.8643197,0.8306615,0.8599571,0.8146337,0.79614675,0.830076,0.8806361,0.8406255,0.8437809,0.82917154,0.822302,0.8319111,0.85810196,0.8921734,0.83116,0.8886908,0.82362294,0.81799185,0.83339477,0.8291607,0.840065,0.81308967,0.85312426,0.847407,0.80595815,0.8462907,0.85536826,0.8362148,0.84788156,0.84107363,0.8276822,0.85106945,0.84175515,0.87021875,0.84486866,0.8661159,0.82427716,0.8505694,0.8629024,0.8205801,0.8564438,0.7976003,0.84322804,0.82162154,0.8528384,0.8297299,0.8238983,0.8243146,0.84735715,0.80411565,0.8199521,0.8509222,0.823235,0.8261359,0.8285966,0.8199644,0.83556414,0.8465921,0.81376106,0.8319187,0.8543482,0.8397455,0.8218143,0.82238644,0.8287578,0.8149831,0.8486239,0.8093904,0.84842426,0.86755586,0.84673256,0.81700015,0.8612255,0.81565964,0.8400146,0.82887805,0.84435195,0.85120624,0.8142358,0.84397286,0.8041559,0.8288386,0.84222525,0.8183756,0.8531561,0.8181996,0.8297344,0.89049906,0.77890086,0.86540025,0.87308824,0.8258124,0.85898256,0.804804,0.87679154,0.82630444,0.8124184,0.80383646,0.81165886,0.8329172,0.8462413,0.84089327,0.83582854,0.7737141,0.84826684,0.84182554,0.8184357,0.8772837,0.86959153,0.86058754,0.80451673,0.8593284,0.8530133,0.8281416,0.87633765,0.82792366,0.8412702,0.85418636,0.85659456,0.8216337,0.8541553,0.86552364,0.79235417,0.86333734,0.81359243,0.8199913,0.8154477,0.86034966,0.8244043,0.8203375,0.7987888,0.8338572,0.8694182,0.8333718,0.8201485,0.8715911,0.79908234,0.8500022,0.8259289,0.84107226,0.8136075,0.8637322,0.84273297,0.83057714,0.8570067,0.83596504,0.8107152,0.81285197,0.84069544,0.8485648,0.83958507,0.83220196,0.81949955,0.8657674,0.8167038,0.8188818,0.8600671,0.8072283,0.8190373,0.8455603,0.8602881,0.83966917,0.809621,0.8242562,0.8343772,0.8283789,0.84826124,0.8223355,0.863968,0.83592486,0.8403185,0.8891051,0.84811103,0.80973977,0.812325,0.81732464,0.79107934,0.82940924,0.79434067,0.8316654,0.7818307,0.82963645,0.84635144,0.8539896,0.78994685,0.823717,0.82008076,0.8189742,0.82954186,0.83865136,0.81516755,0.85256606,0.85473084,0.85501575,0.8020472,0.8132592,0.8258525,0.8662444,0.8197693,0.82621706,0.8590975,0.8513707,0.87501895,0.8119887,0.8217922,0.8204415,0.80409247,0.8528757,0.79952765,0.8559875,0.8473394,0.824048,0.8506392,0.79834473,0.8855314,0.8663148,0.8512376,0.83651567,0.8604712,0.82991964,0.81226385,0.8323579,0.7943333,0.82366306,0.8607349,0.84945613,0.83373576,0.79295313,0.83023477,0.78150594,0.8146445,0.8435339,0.8277015,0.85424954,0.8356399,0.80434525,0.8622754,0.83002204,0.8265731,0.8785913,0.87805974,0.8533823,0.8089704,0.83264554,0.8099712,0.7974594,0.81191313,0.83873594,0.8663648,0.8140588,0.8750739,0.8610505,0.83428943,0.90238076,0.79855156,0.85273886,0.83328384,0.8307584,0.8011382,0.80017966,0.83138466,0.8895718,0.85081834,0.8293179,0.83425266,0.8739158,0.82605696,0.8562698,0.8791939,0.8668499,0.8460093,0.7937928,0.8461713,0.7688256,0.85108006,0.8322154,0.82898575,0.8339317,0.8404992,0.88698834,0.8393935,0.83235985,0.8224307,0.85965353,0.83441746,0.8120201,0.8324717,0.83564746,0.85068846,0.7808568,0.8367231,0.803785,0.8369623,0.8131784,0.7808761,0.85937595,0.8481939,0.8410781,0.8373235,0.8363512,0.8220478,0.8233241,0.833362,0.8688981,0.86891466,0.82016796,0.823211,0.86801964,0.84349746,0.82378626,0.83604336,0.7918631,0.79762906,0.80006665,0.8333936,0.8333583,0.8510051,0.8421287,0.83181125,0.8447294,0.85088134,0.825489,0.8430783,0.85734403,0.8104202,0.78921425,0.8450058,0.8443899,0.8271918,0.8334031,0.88753396,0.829931,0.8666137,0.85485834,0.83211726,0.812254,0.80882186,0.80692303,0.8373359,0.83651495,0.85269326,0.8392655,0.81481063,0.8066239,0.8133632,0.82969224,0.8758886,0.879068,0.83272123,0.83557695,0.82422864,0.8163075,0.8092138,0.8372089,0.8142869,0.87190926,0.8590818,0.8514868,0.7997469,0.8178547,0.8243128,0.8564635,0.8643691,0.8606285,0.80541766,0.8208385,0.8769666,0.83852124,0.7923501,0.8527666,0.8533783,0.8167141,0.8316891,0.83897495,0.78653973,0.82203484,0.8516501,0.86677665,0.8612396,0.84526896,0.8049418,0.8388557,0.8462437,0.8135487,0.84497726,0.8806109,0.7926839,0.81929207,0.8564894,0.8764974,0.81946003,0.8413758,0.85165495,0.84582365,0.8265034,0.818906,0.81127656,0.83872336,0.83336407,0.8329084,0.8331134,0.83373034,0.8140875,0.8606117,0.87806106,0.8302667,0.8194797,0.8567089,0.8355655,0.87528616,0.8339694,0.79236114,0.84869456,0.82483745,0.8269763,0.82634735,0.8244434,0.8215481,0.8470668,0.8254985,0.82260257,0.85736096,0.79909724,0.8655083,0.84008867,0.847721,0.8021617,0.85415775,0.85191834,0.8392256,0.8768034,0.8276674,0.8606352,0.8859298,0.8436935,0.8369673,0.83066416,0.9128814,0.81514597,0.8479857,0.8015462,0.80140734,0.8637344,0.8447193,0.7927216,0.85179496,0.8492458,0.8617559,0.83473706,0.81858706,0.82867813,0.817816,0.8707982,0.8415809,0.8869707,0.8699814,0.8343691,0.8555885,0.84505725,0.81190515,0.826683,0.8600371,0.84966487,0.8552691,0.82498187,0.8120173,0.8618421,0.8508465,0.8476068,0.81216204,0.81717503,0.85326296,0.82302153,0.84458077,0.88309735,0.83315593,0.83705395,0.8150315,0.8419684,0.85083175,0.84122074,0.84617734,0.82697874,0.85712904,0.83205765,0.848791,0.84151185,0.84678346,0.8365207,0.8349347,0.8311586,0.85845214,0.84993774,0.8324778,0.879881,0.8592118,0.78039354,0.83755,0.8129987,0.79085624,0.8368524,0.8476407,0.84666055,0.8199207,0.86397463,0.8479538,0.81617117,0.86963767,0.80280393,0.8565453,0.8205499,0.8370507,0.79035395,0.8260599,0.81952924,0.8345729,0.86844075,0.88674206,0.8366388,0.8460306,0.8294056,0.803944,0.83846056,0.851716,0.79673475,0.8315504,0.8071382,0.7971406,0.8344685,0.845257,0.80830705,0.8211225,0.82438624,0.8024361,0.79149085,0.85130286,0.79090697,0.8505337,0.826472,0.8450129,0.8559938,0.84726334,0.8191481,0.8660458,0.8208176,0.8126024,0.8534067,0.820622,0.824111,0.85116255,0.81435114,0.82206506,0.8310663,0.8171265,0.79706573,0.8682798,0.8612463,0.8147287,0.8265583,0.8188009,0.8011714,0.8474348,0.8678294,0.78494966,0.8654505,0.80882186,0.8206164,0.87934065,0.8278881,0.8429987,0.8255615,0.84677243,0.8497036,0.83823466,0.8257486,0.80799145,0.82707775,0.82970595,0.8220777,0.8309423,0.8095221,0.81186724,0.8387022,0.87127554,0.81525624,0.8143767,0.8467157,0.82110286,0.8270801,0.82144356,0.8309351,0.83665514,0.86385804,0.8944091,0.81312025,0.80020905,0.8551879,0.8149017,0.84519064,0.80238134,0.8123518,0.81623924,0.8738927,0.8158397
1.0545664,1.0594125,1.0062249,1.042425,0.99154603,1.042826,1.0241628,1.0327953,1.0525429,1.0223268,1.0449861,1.0278224,0.98697174,1.022225,1.0380386,1.028204,0.9976779,1.0572127,1.0859053,1.0161253,1.0165027,1.0037155,1.0316024,1.0367527,1.0618458,1.0034564,1.0289841,1.0119078,1.0401571,1.007105,1.0093077,1.0361232,1.038161,0.9950657,1.0355933,1.0336369,1.0420742,1.0250076,1.0221907,1.0053737,1.0040916,1.0028251,0.99759495,1.0380111,1.0221946,1.0474082,1.0461731,1.0368248,1.0427513,1.0309355,1.0361573,1.0038166,1.0512499,0.9850386,1.0368108,1.0210863,1.0316662,1.0494571,1.0217961,1.0282571,1.0660552,1.0363203,1.0265217,1.0405202,1.0804648,0.99335045,1.0399424,0.9772736,1.0387882,1.0529975,1.0758404,0.99234796,1.0267605,1.0664792,1.0483104,1.0136116,1.0437984,1.0152016,0.9774806,1.0340621,1.0834647,1.0268357,1.0234444,1.013221,1.0142728,1.0403732,0.9990199,1.061107,1.0615453,1.0480483,1.0200467,1.0106196,1.0637227,1.0509381,1.0252119,1.0346252,1.0604943,1.0300801,1.0572314,1.0452666,1.0183034,1.0567434,1.0749617,1.0167773,1.081584,1.0297903,1.0195186,1.0062428,0.9966471,1.0062574,1.0133055,1.0235701,1.0044469,0.9965953,1.016818,1.002644,1.0385197,1.0757165,1.0699993,1.0017896,1.0281518,1.0363343,1.0109807,1.0122424,1.0284084,1.0668892,0.9989096,1.0702317,0.98644894,1.020816,1.0416207,1.0095478,1.0345634,1.0414008,1.0544024,1.0412606,1.026811,0.9871616,1.0132464,1.0766203,1.069593,0.99938375,1.051162,1.0035979,1.0008357,1.0648869,1.0257008,1.0355314,1.045688,1.0391144,1.0451723,1.0375049,1.0431238,1.036874,1.0282029,1.0402268,1.0680758,1.0096896,1.0649987,1.041395,1.0316737,1.0564624,0.98167485,1.0070299,1.0521736,1.0421033,1.045407,1.0241876,0.99644625,1.0247716,1.0373422,1.0098209,1.0444838,1.038756,1.0258037,1.0236549,1.0395981,1.020918,1.0366596,1.042079,1.0629954,1.0170449,0.9994261,1.0057762,1.0208635,1.0251863,1.0412003,1.0368639,1.0369556,1.0157782,1.0153447,1.0219553,1.0554869,1.041008,1.0322896,1.0392588,1.0466276,0.98103124,1.0229092,1.0436144,1.0170043,1.0077493,1.0496953,1.0144769,0.9793331,0.99998397,1.0392978,1.025318,1.0503749,1.0089545,1.0459902,1.0495204,1.0554436,1.0332589,1.0458028,1.0411992,1.0244302,1.031975,1.0205854,1.0427365,1.0599209,1.0531445,0.98138976,1.0411264,1.0432705,1.0293676,1.0105901,1.0438887,1.0127318,1.031768,1.0006301,1.0096768,1.0424515,1.016051,1.054595,1.0426055,1.0077052,0.99955994,1.0365124,0.99805564,0.9990592,1.0696111,1.043935,1.0416197,1.0660557,0.9835095,0.9911712,0.99735713,1.0606598,1.0431923,0.9578662,1.0576068,1.0827757,0.994187,1.0619704,1.0650123,0.9901726,1.0666645,1.0028297,0.9829334,1.0320847,1.0792606,1.073278,1.0680989,1.0063231,0.98285836,1.0139574,1.0230091,1.0250175,1.0474615,1.0825753,1.0260766,1.0293807,1.019079,1.0437102,1.0200465,1.0417492,0.993743,1.0340173,1.0403289,1.0334613,1.0818433,1.060063,1.0069083,1.0007617,1.0264541,1.0261754,1.0158339,1.0399096,1.0259837,1.0445392,1.0278445,1.0603341,1.0242747,1.0082102,0.98838985,1.0351926,1.0090333,1.0082936,1.0271589,1.0369954,1.0073929,1.0633769,1.0191212,1.0006835,0.9867911,1.043431,1.0341028,1.0024694,1.0143859,1.0123739,1.0427291,1.0334737,0.97198516,1.0361621,1.0708302,1.0898067,1.0212834,1.0726981,1.0324144,1.0388739,1.0474161,1.043947,0.99844867,0.99798274,1.0259898,1.0544221,1.0482008,1.0314894,1.0325013,1.031398,1.0215151,1.0281502,1.0456904,0.98415875,1.082835,1.0467279,1.0455929,0.9997895,1.0582548,1.0216329,1.0176117,1.0046707,1.05971,1.0300015,1.0112296,1.0363632,1.0061694,1.0061415,1.0300122,1.0116808,1.0345949,1.0486374,1.0119549,1.0446979,1.0059464,1.0198793,1.0457011,1.025417,1.0653523,1.0441966,1.0237992,1.0513129,1.0389589,1.0704107,1.009277,1.0179641,1.0361115,1.0378424,1.0716674,1.0368289,0.9960298,1.0379608,1.0541555,1.0211363,1.0687393,1.0322082,0.9707471,1.0077844,1.0097923,1.0135387,1.0106275,1.0467895,1.0038886,1.0183074,1.0094223,1.0565003,1.0399243,1.0434914,1.0782925,1.0479214,1.0270596,1.0296912,1.006871,1.0695935,1.028654,1.0596316,1.0328058,1.0267713,1.0199326,0.99543226,1.015549,1.0367658,1.0694308,1.0272127,1.0346982,1.0473392,1.0054891,1.0606538,1.0617394,1.0084357,1.0292087,1.041134,1.0509458,0.9858668,1.0199866,1.0586038,1.0466695,1.0113685,0.9906162,1.0722594,1.0325804,1.0360068,1.049148,1.0130527,1.0375285,1.0557454,1.0224003,1.0395917,1.0504118,1.0578995,1.0497046,1.0286254,1.0748892,1.0696632,1.0122635,0.9879445,1.0111215,1.0364802,1.0323884,1.0145453,1.0027103,1.018588,1.0030012,1.0540253,1.040272,1.0615792,1.0250534,1.0348035,1.0335262,1.0340397,1.0171996,1.062196,1.0117557,1.0130382,1.052187,1.0044979,1.0465738,1.0161445,0.97822016,0.99809504,1.0028247,1.0547616,1.0144256,1.0379692,1.0621718,1.0833597,1.0064186,1.017973,1.0078347,1.073976,1.0499599,0.99931836,1.0568291,1.0306336,1.0377766,1.0010569,0.9867454,1.0382406,1.0193278,1.0138361,1.064168,1.0501609,1.0576992,1.0414807,1.0520602,1.0448071,0.9953684,1.0081859,1.0013354,1.0392747,0.9839218,0.99258673,1.0425866,0.9889959,1.0372812,1.0260872,1.0403312,1.0397396,1.0247909,1.0439168,1.0896069,1.0065984,1.0811713,1.0784208,1.041222,1.0172542,1.0431635,1.0372344,1.0206777,1.0241758,1.031996,1.0387843,1.0382057,1.0346727,1.0278186,1.0580918,1.002262,1.0188125,1.0287012,0.9872424,1.009655,1.0189455,1.0361091,1.0399486,1.0233803,1.0119796,1.0278578,1.0748864,0.99923486,1.011845,1.048889,0.99382454,1.0153791,1.0219917,1.053384,1.0231682,1.026576,1.037235,1.049698,1.0683515,1.0244005,1.0093445,1.0514363,1.0372801,1.0468923,1.0460186,0.98733383,1.0479234,1.0391971,1.0316491,1.0348555,1.0059977,1.0333185,1.0119056,1.0203341,1.0644778,1.0291287,1.0048952,1.0492924,1.0559249,1.0448313,0.9939991,1.0281823,1.0487069,1.052656,0.97782934,1.0332998,1.0415058,0.9920613,1.04601,0.96898264,0.9848112,1.0417943,0.98911273,0.9917757,1.0454513,0.9990219,1.0388669,1.0195444,1.0371547,1.0044475,1.0503511,1.0382131,1.055093,1.0604999,1.0446682,1.0343533,1.0111537,1.0466648,1.0111625,1.0273608,1.0251204,1.0340359,1.0201404,1.0378456,1.0304669,1.0228692,1.0934875,1.0272536,0.98779625,1.0228584,0.97438544,1.0155201,0.9995159,1.0358361,1.0337551,1.0305313,1.0589556,1.0268573,1.0652778,1.0593079,1.0693463,1.0624615,1.0475307,0.9998723,0.9881036,1.0784956,1.0145298,1.0368006,1.0627291,1.0130602,1.0475662,0.9892148,1.0371135,1.0019424,1.0395858,1.0268625,1.0543901,1.036371,0.98304266,0.9856891,1.0756402,1.0209792,0.9848552,1.0651798,1.0315261,1.0201416,1.0628519,1.0466444,1.0439692,1.0476586,1.0522367,1.0321195,1.0440317,1.0196551,1.0381371,1.0382754,1.0250956,1.0533491,1.0252538,1.0597348,1.0218511,1.0012758,1.0020196,1.0259564,1.0182838,1.0657767,1.022417,1.0094059,1.017952,1.044935,1.0237756,1.0315074,1.062615,1.0524495,1.0433013,1.0225269,0.99949163,0.99491405,1.0257455,1.0356112,0.9886574,1.0034244,1.0155559,1.0804886,1.0400136,1.0119407,0.9741071,1.0298507,0.9863074,0.9957254,1.0319428,1.0341903,1.0398815,0.9892713,1.0002224,1.0202814,1.0797458,1.0052923,0.9716965,1.0086818,1.0177888,1.0053616,1.030881,1.0391966,1.0083596,1.0073793,1.052836,1.0501853,1.0648588,1.0532229,1.031556,1.0405363,1.0518206,1.0355617,1.0534004,0.9991759,1.0298651,1.0156063,1.0180135,1.0282928,1.0480856,1.00603,1.0283847,1.0673904,1.0286863,1.0638227,1.023259,0.9889489,1.048604,0.9973599,1.0528216,1.0272851,1.0163141,0.9878637,1.0482764,1.0398259,1.034227,1.0438619,1.0509288,1.0286859,1.0088147,0.9991125,1.0136769,1.0280209,1.0331459,1.036833,1.0095185,1.0180638,0.9949507,1.0423334,1.0339059,1.019683,1.0065438,1.0506519,1.0579749,0.9820062,1.0044436,1.0473598,1.0277526,1.0339917,1.0283394,1.0212736,0.9939295,1.0229518,1.0546746,0.9580528,1.0808216,1.0606807,1.0327234,0.99616414,1.0449903,1.0283039,1.0372938,1.0364016,1.0568669,1.0425192,1.0716012,1.0307091,0.9884214,1.013684,1.0484273,1.0549519,1.0142319,1.0090753,1.0616751,1.0228924,1.0481529,1.0006497,0.99460757,1.0779693,1.0162351,1.0673454,1.0430996,1.0236833,0.97805184,1.0412176,0.9994249,1.0648811,1.0029078,0.9986561,1.0288469,1.0599419,1.0267333,1.0221384,1.0258758,1.0167435,1.0226537,1.0287607,1.0364245,1.0534884,1.0259614,1.0152565,1.0619421,1.0966127,1.0285405,1.0333997,1.0592458,1.0401877,1.0347325,1.029228,1.0259848,0.9804088,1.0184195,1.0283184,1.020244,1.0367129,1.0356581,1.0736096,0.9950266,1.0472218,1.0140266,1.0276295,1.0156269,1.0308502,1.0301979,0.9565071,1.0283207,1.056555,1.0131764,1.0159461,1.0076394,1.0306995,1.0216582,1.0098453,0.9699412,0.9784551,1.0724688,0.99471056,1.036275,1.027408,1.03648,1.0365502,1.007735,0.98219585,0.9895928,1.0088975,1.0426338,1.0037583,1.0157144,1.0603281,1.0135292,1.0283831,1.0093389,1.0272751,1.0350164,1.0529019,1.0471064,1.0661268,1.039087,1.0269136,1.031819,1.0401347,1.0142384,1.0100065,1.05008,1.0102706,1.0411868,1.0302198,1.0722101,1.033136,1.0172638,1.0350147,1.0557009,0.9899434,1.0132954,1.0216268,1.065835,1.0411631,1.0099037,1.019374,1.0314577,1.0511503,1.0065079,1.0493237,1.0023295,1.0145152,1.036777,1.069895,1.065034,1.0277488,1.0197351,1.0818636,0.99962515,1.0008109,0.98897564,0.99091387,1.0179402,1.0410239,1.0307606,1.0821776,1.0540204,1.0751032,1.0612566,1.0476277,1.0320027,1.0405132,1.0428545,1.0476118,1.0330837,1.0190387,1.0523714,1.0769724,1.0413779,0.9974301,1.0353698,0.9807432,1.0614872,0.99113667,1.039262,0.99727315,1.0215783,0.9846839,1.0167514,1.0103188,1.0264674,1.0067631,1.0236791,1.0152698,0.97706336,1.035029,1.0089787,1.0352161,1.0150028,1.0541922,1.0391854,1.0268064,0.9989164,1.036066,1.0119631,1.0509672,1.0174992,1.0347413,1.0062138,1.0319563,1.0573684,0.9945043,1.0418911,1.0502349,1.0146672,1.0817684,1.0334573,1.0486281,1.0172216,1.0082192,1.0137224,1.0309664,1.0825385,1.0090044,1.0295069,1.006463,1.0419359,1.0454729,1.0275803,0.98455626,1.0163636,1.0325115,1.0622942,1.0180634,1.0118532,1.0334098,1.0292482,1.0549958,1.044251,1.0180486,1.0495609,1.0080575,1.0322248,1.0355124,1.0218837,1.0244684,1.0331957,1.0123254,1.0116053,1.0112934,0.9931294,1.0114402,1.0442895,1.058481,1.0077897,1.0655898,1.0350871,1.0149025,1.0369282,1.0198556,0.9861351,1.0261286,1.0469012,1.025999
1.398714,1.3538057,1.326987,1.3327887,1.3106337,1.3288873,1.3429779,1.3419622,1.3748719,1.3564512,1.34034,1.3115591,1.368387,1.3245703,1.3618926,1.3215144,1.3345178,1.3572186,1.3778509,1.3464696,1.3087819,1.2834718,1.367746,1.3301446,1.3943921,1.3237565,1.3497463,1.3438965,1.314744,1.3284726,1.3459747,1.3592751,1.3452483,1.3809975,1.3629833,1.3365889,1.3416923,1.3606039,1.3508351,1.3496811,1.3221931,1.3795543,1.36157,1.3137097,1.3429953,1.3810617,1.3558766,1.350225,1.3848062,1.3470362,1.4166758,1.3310026,1.3545328,1.3396382,1.3301905,1.4012728,1.3389044,1.3252077,1.3443687,1.3440423,1.365873,1.3791795,1.3675429,1.3834335,1.3643414,1.3259699,1.3587596,1.3108568,1.3847538,1.3627392,1.3499211,1.3398341,1.3556464,1.3181663,1.3816411,1.3470668,1.3503234,1.3216119,1.3560557,1.3434346,1.3443383,1.3548443,1.3478397,1.2896847,1.329852,1.3616091,1.344256,1.3134507,1.3769464,1.3688061,1.3733854,1.3752335,1.3887833,1.3838159,1.3432701,1.3144126,1.3755795,1.3736482,1.3314676,1.3711958,1.3662302,1.3519702,1.3264697,1.3615725,1.4270282,1.3828256,1.3432168,1.3762857,1.3385869,1.3474339,1.350634,1.3623098,1.3307651,1.3261241,1.3924547,1.3370826,1.3227259,1.3689086,1.3594335,1.3204951,1.3329785,1.3334672,1.2958232,1.3560205,1.324125,1.3590549,1.3764588,1.3386127,1.3194572,1.3313204,1.3418051,1.3111087,1.3279876,1.352839,1.3920573,1.3928633,1.3131772,1.3048854,1.3350514,1.2792375,1.3661278,1.34439,1.3361175,1.3231003,1.3376161,1.3466492,1.3466483,1.3658975,1.3530936,1.4168007,1.2970096,1.3500054,1.3647007,1.353219,1.3693709,1.3452582,1.4137241,1.3560882,1.3399464,1.3354225,1.3656734,1.3884972,1.3064954,1.333458,1.4016535,1.3512902,1.370328,1.391243,1.3552091,1.3708036,1.3349783,1.3531753,1.344435,1.3335096,1.3084884,1.3778956,1.3017006,1.3665901,1.31852,1.3585478,1.3292705,1.3583452,1.3367184,1.3776863,1.3426099,1.3124299,1.3256472,1.3481176,1.3745222,1.3310518,1.338279,1.3889942,1.336514,1.3665764,1.35428,1.355533,1.3507426,1.3273044,1.3450102,1.3306372,1.3514661,1.327519,1.371535,1.3321843,1.3689926,1.3588151,1.3831633,1.3708421,1.3617601,1.3477408,1.363044,1.3824574,1.36727,1.3859751,1.3276559,1.3552283,1.3696585,1.3261254,1.3802577,1.375953,1.3611854,1.3417803,1.317656,1.3241297,1.3348848,1.3629936,1.3330169,1.3544589,1.3995676,1.3675064,1.3691465,1.3171942,1.3832206,1.3499029,1.4085424,1.3637159,1.3979203,1.3436913,1.3344103,1.3551942,1.3318428,1.3658856,1.3734491,1.3932611,1.3828644,1.2917659,1.3510853,1.3085647,1.3364216,1.3254405,1.3463676,1.3625966,1.436669,1.4111981,1.3821566,1.3461266,1.3473779,1.3696163,1.3135524,1.334735,1.3785504,1.4009569,1.3377243,1.3504753,1.3378376,1.2873629,1.3492892,1.3572133,1.3679374,1.3301922,1.3848096,1.3664273,1.3312595,1.4141101,1.3553003,1.3572829,1.3428658,1.3615234,1.3496978,1.3579938,1.3575206,1.3659678,1.347852,1.3649145,1.3334143,1.3699766,1.3367957,1.3856512,1.3467686,1.3332722,1.3725799,1.3541809,1.3238994,1.3349142,1.3225312,1.3180943,1.351466,1.3420593,1.3493018,1.4088919,1.339418,1.3490864,1.3550389,1.3555473,1.3111858,1.3377906,1.3523064,1.3186371,1.3221288,1.3663201,1.346041,1.3259766,1.3421934,1.3319178,1.3630095,1.3114499,1.3969373,1.3319087,1.3627251,1.2871945,1.3458416,1.3209164,1.3542782,1.3397259,1.3267076,1.386123,1.3400841,1.3521184,1.376355,1.3546255,1.3538997,1.3515221,1.3610646,1.3010703,1.323429,1.339573,1.3521041,1.3877856,1.349636,1.3805417,1.3665558,1.3497844,1.3208296,1.3724741,1.3385073,1.3451504,1.3240006,1.3561671,1.375361,1.2963583,1.3355978,1.3457253,1.3640271,1.3190055,1.3667222,1.3381894,1.347764,1.3407674,1.3880401,1.3412905,1.3338274,1.3383183,1.3216251,1.3579838,1.3397913,1.3270775,1.348125,1.3530778,1.3385329,1.4129989,1.3247504,1.3500113,1.3246418,1.3662608,1.3524805,1.3864982,1.3543513,1.3185724,1.3491855,1.3353417,1.3047599,1.3883405,1.3683534,1.3259984,1.3373897,1.3349057,1.3506213,1.3752195,1.3618712,1.3433732,1.3346503,1.3064579,1.3224972,1.3866383,1.384377,1.3471651,1.4000535,1.3805053,1.3546977,1.3286618,1.3545465,1.330868,1.3308642,1.3843706,1.3782897,1.3101811,1.3861846,1.378743,1.3356376,1.3623586,1.3371259,1.3429629,1.3752443,1.323983,1.3347099,1.3492861,1.3253165,1.3804338,1.3493474,1.2914264,1.3871963,1.358311,1.3140092,1.3925456,1.359443,1.4102893,1.3424422,1.3437313,1.3091007,1.3889139,1.3929322,1.3544523,1.3669916,1.3611194,1.4106461,1.2864568,1.3527651,1.3277673,1.3444899,1.327627,1.3441507,1.3210106,1.3052082,1.3715526,1.3927578,1.3558711,1.3899746,1.3253853,1.3671591,1.3251784,1.3664503,1.3300501,1.3351055,1.3320111,1.3432117,1.3646753,1.3526328,1.3336294,1.3259221,1.3344798,1.3376964,1.3544638,1.3813226,1.3350064,1.3824042,1.3664203,1.3688976,1.3569511,1.3378477,1.35832,1.311067,1.367069,1.3366244,1.3657013,1.3515112,1.339461,1.3327032,1.371491,1.353967,1.3624148,1.3492727,1.3510963,1.3946267,1.3104192,1.3042536,1.3418093,1.3452951,1.3246886,1.369196,1.3548638,1.3434919,1.3789332,1.3845615,1.3921746,1.3453069,1.3426514,1.3717312,1.3306189,1.3742437,1.3653328,1.3414781,1.3680015,1.3419439,1.3691809,1.3417782,1.348677,1.3382194,1.3510936,1.3537126,1.301647,1.3163768,1.3602034,1.3735338,1.4036318,1.3608674,1.3126297,1.3294647,1.3548224,1.353803,1.3180475,1.3496786,1.3607101,1.3645239,1.3826004,1.3439076,1.3292466,1.3603334,1.3721545,1.3733432,1.3112816,1.3701437,1.3463337,1.3431013,1.3528126,1.3583925,1.3552632,1.3607736,1.3422319,1.3585306,1.3490772,1.3506491,1.3453058,1.3627864,1.342434,1.3581141,1.2883577,1.3234409,1.3341196,1.3333683,1.3359733,1.3646616,1.329529,1.3615711,1.3327925,1.341254,1.3786262,1.3824377,1.3258384,1.3228207,1.3550537,1.3704965,1.3791896,1.363533,1.3147315,1.372396,1.3307474,1.3043609,1.3728276,1.3900305,1.3498266,1.3292723,1.3492658,1.3381209,1.3168004,1.3283405,1.308428,1.3923312,1.4003567,1.3562428,1.3084017,1.3921218,1.3464743,1.3918052,1.3812423,1.3201452,1.3732942,1.3760101,1.3599479,1.3218691,1.3318492,1.380801,1.346971,1.3570286,1.336198,1.3461595,1.3463434,1.3799436,1.3214839,1.3702478,1.350186,1.3258269,1.3029844,1.3563026,1.3563018,1.3559788,1.344654,1.3296239,1.3876431,1.353602,1.3723742,1.3797977,1.3522136,1.3317105,1.3458757,1.3343209,1.3435382,1.3328847,1.3976051,1.3240764,1.3949003,1.3620516,1.3366042,1.3632667,1.3462119,1.3770367,1.3557642,1.3563867,1.3750029,1.3863611,1.3425725,1.3392977,1.367682,1.3589512,1.3155304,1.3442671,1.3557785,1.3597794,1.3221227,1.3591644,1.356975,1.3431098,1.389704,1.3437427,1.3573967,1.3460629,1.3317156,1.3813708,1.3326774,1.3383908,1.3930995,1.3412726,1.351177,1.3399109,1.3369464,1.3435268,1.3424379,1.3535433,1.304016,1.3638043,1.3488774,1.3732569,1.3005705,1.3155422,1.3515171,1.3515811,1.3362405,1.3029372,1.3716086,1.3539431,1.3397903,1.3581593,1.3262389,1.3327738,1.3714634,1.3773478,1.357866,1.3966751,1.3677582,1.3288764,1.3512682,1.3470199,1.3779355,1.3445699,1.3299626,1.3649027,1.3227934,1.322368,1.3279223,1.3814296,1.3177804,1.3372934,1.3805772,1.4112244,1.3470731,1.3741223,1.3461717,1.3478785,1.3137363,1.3418702,1.3773754,1.3765837,1.3478194,1.3570775,1.3828115,1.3292582,1.3623388,1.3913449,1.346285,1.3368977,1.3260447,1.3227873,1.3496109,1.3641663,1.3269234,1.3300872,1.3305789,1.365421,1.3472272,1.3446751,1.2963821,1.389509,1.3763345,1.3691883,1.3267112,1.3552444,1.3177376,1.3557839,1.3515806,1.3256462,1.3237592,1.3852162,1.3430781,1.3524113,1.3207216,1.3770066,1.3680847,1.3576335,1.361892,1.3519077,1.3346708,1.3389648,1.3555123,1.3560925,1.3553133,1.315265,1.393413,1.3744231,1.3166342,1.3512256,1.3382994,1.3607029,1.3660078,1.3710505,1.3551098,1.3418573,1.3437487,1.3490975,1.3282677,1.3861831,1.3504384,1.3966221,1.3393458,1.3872356,1.3756152,1.3497967,1.3294666,1.3691524,1.3523989,1.3621933,1.3391948,1.357658,1.3853298,1.3664315,1.3439924,1.3497006,1.3377527,1.344852,1.3413895,1.3399967,1.3475679,1.3583667,1.314044,1.3861759,1.3866371,1.3203162,1.3104849,1.3428094,1.3558414,1.3944578,1.3618009,1.3072957,1.3425717,1.3454127,1.362762,1.3805745,1.3210428,1.3217106,1.373754,1.3353964,1.3337588,1.3878723,1.3511838,1.3712809,1.3237541,1.372119,1.3690296,1.3647485,1.3795946,1.4062437,1.4123635,1.3719507,1.3406874,1.3465804,1.3411047,1.3065126,1.2970484,1.3444027,1.3613554,1.3652672,1.340593,1.3577495,1.3801944,1.3591728,1.3280107,1.3666276,1.3243002,1.3259561,1.348586,1.3968389,1.3186831,1.3325758,1.3301672,1.3609248,1.3272555,1.3453206,1.3136442,1.3407828,1.3632715,1.3586661,1.3663841,1.3694586,1.3657094,1.3250145,1.3411961,1.3706952,1.3375516,1.3886536,1.3366104,1.3281901,1.2915883,1.311918,1.3615716,1.3383145,1.3306198,1.3203751,1.3533727,1.3556831,1.3367949,1.3227324,1.3460132,1.3252066,1.3601277,1.3506529,1.3870374,1.3687375,1.3086408,1.3709795,1.3317584,1.3772442,1.3644047,1.3486552,1.3334448,1.2970314,1.3993604,1.3650385,1.3236612,1.321239,1.3604815,1.3394874,1.407355,1.378462,1.3416009,1.356771,1.349855,1.3456537,1.3281137,1.3230556,1.2883979,1.3509625,1.3183148,1.3484602,1.3609465,1.326134,1.3756387,1.3453385,1.3513879,1.34785,1.3138919,1.3274246,1.346585,1.3461461,1.3739283,1.3646222,1.3226666,1.3122355,1.3832827,1.3074716,1.3382478,1.3756948,1.3376348,1.3427811,1.3691088,1.3116004,1.3794948,1.386842,1.314988,1.4134971,1.3354326,1.3417996,1.3221099,1.3415743,1.3596551,1.3485401,1.2985344,1.3134841,1.3799096,1.3510461,1.3506323,1.3356012,1.3299439,1.2917523,1.3355922,1.3406359,1.3397357,1.3556132,1.351618,1.3700858,1.3833709,1.3434539,1.3128762,1.4046123,1.3775073,1.353042,1.3724532,1.3295673,1.3482339,1.3347592,1.3359163,1.367586,1.3495139,1.3311094,1.3366302,1.3359895,1.3741971,1.3785816,1.3559582,1.3414985,1.3623258,1.3369706,1.3791388,1.3369894,1.325278,1.3576316,1.3682897,1.2850826,1.2683132,1.34822,1.3730239,1.3565413,1.3236654,1.3433521,1.350935,1.3519285,1.3513789,1.3588287,1.3323513,1.365771,1.3614063,1.3438233,1.3181906,1.3363937,1.3053185,1.3562074,1.3281143,1.3443682,1.3557476,1.3776145,1.3506868,1.3896209,1.3512207,1.3259592,1.372512,1.3258601,1.361281,1.3477929,1.332907,1.3322965,1.3619367,1.3405834,1.3041546
1.4051234,1.3395132,1.36495,1.3874446,1.3469945,1.3761231,1.3607582,1.3692905,1.3874032,1.4024352,1.3909782,1.3729103,1.3766899,1.3816382,1.3797169,1.3769083,1.3491436,1.4047811,1.3877273,1.383326,1.3727564,1.3141099,1.395362,1.3601593,1.3626131,1.3612155,1.3756262,1.3328409,1.3315779,1.3473252,1.4121304,1.3917481,1.3725873,1.3583074,1.3608418,1.3124044,1.3874846,1.3792096,1.3825203,1.3138554,1.3550138,1.4395218,1.3552673,1.3772556,1.3947132,1.4214134,1.409691,1.3878055,1.3645273,1.358126,1.4047608,1.3645775,1.380477,1.3477198,1.3509691,1.3883321,1.380251,1.3344889,1.3752947,1.3659327,1.3554298,1.3831961,1.3626775,1.3515655,1.3541293,1.3358736,1.3766694,1.313168,1.3925017,1.4007381,1.4028901,1.3949257,1.4021088,1.3491137,1.3981992,1.3491769,1.345738,1.3392218,1.362853,1.3612841,1.3437281,1.3666887,1.3769304,1.356176,1.3419075,1.3614163,1.3070575,1.3497267,1.3828934,1.3740783,1.3604912,1.3981006,1.3875407,1.4216306,1.3781637,1.3682002,1.3881843,1.3924879,1.393198,1.4207766,1.3622155,1.3667067,1.3600259,1.3312286,1.4274194,1.3659439,1.3953118,1.3565515,1.3841861,1.354749,1.4147102,1.3731123,1.369352,1.3466787,1.3515615,1.3889008,1.3959577,1.3980987,1.3521552,1.3527385,1.3126719,1.3515247,1.3589385,1.3524877,1.3619999,1.3616168,1.3861994,1.385646,1.3649355,1.3425823,1.3745617,1.3358712,1.3592756,1.3763119,1.3989877,1.4027756,1.3543377,1.33871,1.3305526,1.3444775,1.3850595,1.3626438,1.3075216,1.3539066,1.3966302,1.3564779,1.3507986,1.3373193,1.3736159,1.4067981,1.326237,1.3842497,1.34896,1.4053668,1.378335,1.3519601,1.4304312,1.3480741,1.3702227,1.3434012,1.3986492,1.3997326,1.348743,1.332891,1.3733156,1.3809737,1.3773909,1.3843131,1.3600042,1.3896623,1.3839924,1.3449036,1.3678705,1.396473,1.3705555,1.3893063,1.3716109,1.3250537,1.3503593,1.3678409,1.3232532,1.3937566,1.3399807,1.383691,1.3685697,1.3713822,1.3514956,1.3628852,1.387462,1.3292917,1.3391359,1.3618631,1.3694348,1.3497293,1.3695996,1.3649482,1.3741355,1.3562697,1.3224882,1.3830042,1.3293216,1.3846645,1.4148206,1.3610325,1.3790011,1.3586388,1.3801725,1.3946267,1.3824943,1.3922839,1.3591546,1.3929514,1.3545692,1.403734,1.3756098,1.3742039,1.3886851,1.3360734,1.3698382,1.4210571,1.3321148,1.3703932,1.3254807,1.4022926,1.3595959,1.3910711,1.3849483,1.3437605,1.3765411,1.3927552,1.3203983,1.3406386,1.3852816,1.3511324,1.4112061,1.3566998,1.3536166,1.407579,1.3583443,1.421485,1.381482,1.3665836,1.3976187,1.4015158,1.3923298,1.3564157,1.3883659,1.3515234,1.348522,1.3284501,1.354233,1.379272,1.3945887,1.4068489,1.3615863,1.3523695,1.3446425,1.3938683,1.3539418,1.3445532,1.4094272,1.406177,1.3779365,1.3692551,1.3476944,1.3372147,1.3923087,1.3395904,1.3529117,1.3765875,1.4119335,1.3878115,1.3819339,1.417798,1.3699547,1.3636949,1.3618596,1.3793914,1.3554116,1.3660268,1.3935189,1.4314151,1.3922753,1.3700522,1.3665069,1.3307676,1.354471,1.3956622,1.3802708,1.3370343,1.3601923,1.3931905,1.3776038,1.3476048,1.3464994,1.3695138,1.3505573,1.3779666,1.3904955,1.3755505,1.3846784,1.3807741,1.3594773,1.4036922,1.3408498,1.3399353,1.3538816,1.3444115,1.3719037,1.3428184,1.3719735,1.35174,1.4016262,1.361294,1.3732798,1.3674024,1.3946033,1.3653127,1.4088324,1.3496524,1.3538433,1.4005764,1.3997135,1.358224,1.3615615,1.414913,1.3666705,1.4013317,1.3501806,1.3913344,1.3602096,1.3509318,1.3614211,1.3679862,1.3443698,1.3826993,1.3660647,1.3788002,1.3679715,1.3597658,1.350877,1.3851244,1.3532505,1.3769473,1.3597485,1.4177724,1.355226,1.3654627,1.4030623,1.3209723,1.3940345,1.3701086,1.3978732,1.3791902,1.3862237,1.3398125,1.3618494,1.3603127,1.3652445,1.3397182,1.3533949,1.3223798,1.3972236,1.3722836,1.3992704,1.3547511,1.3820133,1.3956296,1.38011,1.4059684,1.3708245,1.3557028,1.3575398,1.4647725,1.3720753,1.4155419,1.388869,1.3694106,1.3685267,1.2943078,1.342449,1.3820187,1.4079235,1.315773,1.3753402,1.3742267,1.401922,1.4015338,1.3754816,1.3737701,1.3321965,1.3545977,1.3785278,1.3829637,1.3846707,1.3738582,1.4182545,1.3693395,1.40431,1.3593142,1.3464888,1.4217532,1.3696682,1.3592051,1.3914295,1.3213569,1.385654,1.3638706,1.3702928,1.3730676,1.3705841,1.3720968,1.3908873,1.321317,1.3527012,1.3934524,1.3563185,1.3899807,1.3418875,1.3466992,1.4009893,1.4187307,1.3575493,1.3816895,1.3411026,1.3949033,1.3245332,1.3400232,1.363832,1.4304658,1.4008442,1.3699942,1.4013888,1.4013935,1.3853052,1.3364513,1.3877997,1.3680722,1.3475399,1.3600073,1.3504394,1.3416852,1.3225474,1.3684534,1.3717375,1.3945335,1.3774667,1.3453653,1.3969033,1.3529676,1.3903177,1.3565235,1.3528497,1.3899721,1.3578247,1.3778481,1.3635378,1.3820337,1.3538252,1.3482625,1.3615936,1.3654078,1.3870916,1.3247201,1.387548,1.3789577,1.3860712,1.3737079,1.3560592,1.3885009,1.3807317,1.3835284,1.3931934,1.3809931,1.3527745,1.3792232,1.3552707,1.3511548,1.3717943,1.3364081,1.408598,1.4317651,1.4366183,1.3981957,1.3712195,1.3484038,1.371105,1.3762615,1.4022973,1.3550771,1.3564491,1.3781031,1.3562268,1.3601997,1.3998615,1.3689562,1.3615112,1.3559039,1.3738279,1.3787646,1.3615134,1.3967518,1.3672518,1.3829328,1.355295,1.3552163,1.3629633,1.3875097,1.3859305,1.362242,1.3586048,1.3888958,1.3897638,1.4218432,1.3999809,1.3642803,1.3699075,1.3648274,1.3905003,1.3651896,1.3732638,1.3682,1.4264998,1.3677329,1.3485515,1.3648111,1.3931742,1.445841,1.3609166,1.3537079,1.3663961,1.3780335,1.338229,1.3490431,1.3926246,1.3678644,1.4152238,1.369465,1.3605568,1.3942353,1.3764641,1.3617179,1.3461069,1.3705537,1.3349848,1.3667905,1.3780644,1.308718,1.3450153,1.3524504,1.3883451,1.3977023,1.3678491,1.3792597,1.3442466,1.420298,1.4374149,1.331753,1.3486102,1.3743931,1.387298,1.3829085,1.3805903,1.3601264,1.3703734,1.365885,1.3745497,1.4305315,1.3347168,1.3412199,1.3738589,1.4203284,1.3532877,1.3599913,1.3400639,1.3493017,1.3560506,1.3774618,1.3455805,1.3565966,1.418106,1.3311052,1.4473656,1.4017301,1.3779281,1.3915962,1.3882121,1.3794641,1.3711411,1.3529136,1.3508673,1.3522424,1.389732,1.3406985,1.333362,1.3423426,1.4091609,1.3708894,1.4230096,1.324732,1.3847749,1.308802,1.3568943,1.355024,1.3487542,1.3989973,1.3603816,1.3853867,1.3441031,1.3967083,1.3930652,1.3573611,1.3461882,1.3735684,1.3241581,1.3572111,1.3793026,1.3954108,1.3306867,1.3698786,1.3740704,1.3663758,1.4095412,1.3337581,1.4040754,1.3541243,1.3628122,1.3948526,1.3815995,1.3823398,1.3707223,1.394492,1.4168695,1.3603086,1.3334153,1.3633782,1.3527211,1.3666538,1.3949537,1.3682983,1.3775872,1.364715,1.3856037,1.374176,1.3729948,1.2995011,1.3786342,1.3456235,1.3653989,1.4173158,1.3940232,1.3738307,1.3593544,1.3646208,1.3578464,1.3761313,1.3551644,1.3271061,1.3788283,1.3495939,1.3770785,1.3372704,1.380872,1.4132638,1.3645517,1.3619409,1.3493179,1.3744323,1.3618672,1.3715526,1.3598721,1.3630266,1.3224007,1.3631036,1.3767327,1.407661,1.3683004,1.3416667,1.3655308,1.3778906,1.3795708,1.3538153,1.3720046,1.344248,1.4084601,1.3780936,1.3502517,1.3449044,1.429228,1.3307681,1.3411009,1.3728242,1.3495928,1.3967667,1.402679,1.3885882,1.3023783,1.3442373,1.360596,1.377273,1.3728682,1.357007,1.3708465,1.4091929,1.377347,1.3581449,1.3373114,1.4074781,1.3474725,1.3798984,1.3621219,1.3362365,1.3613939,1.3025525,1.3673517,1.3851378,1.370448,1.4025409,1.3281629,1.3370174,1.3755459,1.3767474,1.3631607,1.3286748,1.3774863,1.3660616,1.3203481,1.3646561,1.3507955,1.3225759,1.3772129,1.3321687,1.412931,1.3198911,1.3695648,1.3652589,1.3570304,1.3482113,1.3845682,1.3731521,1.3612398,1.3732305,1.3925006,1.3753539,1.3426623,1.3921381,1.3875335,1.3223768,1.391163,1.3727548,1.3815348,1.3751984,1.3562295,1.3719068,1.3337737,1.3807333,1.3696136,1.3869647,1.3840777,1.3859047,1.4087781,1.3352523,1.4133234,1.3780162,1.3252039,1.3542373,1.3285482,1.3879724,1.3742409,1.3655035,1.3375635,1.3603575,1.4004512,1.3830342,1.367364,1.3996816,1.3862593,1.340687,1.3941224,1.4103824,1.397437,1.383127,1.4039838,1.3605058,1.366402,1.3349786,1.3979281,1.3702469,1.3382132,1.3906227,1.3424509,1.3587054,1.3689561,1.3781229,1.403743,1.36285,1.363254,1.3550814,1.3367151,1.348065,1.4056567,1.3641427,1.3744892,1.3403618,1.3891493,1.3916491,1.369518,1.3748833,1.3786331,1.4023491,1.3376212,1.3347293,1.370771,1.3177496,1.3305233,1.3271194,1.3766004,1.3821683,1.3738037,1.3597198,1.3873287,1.3683587,1.3663368,1.3285303,1.3603619,1.351033,1.3548887,1.3639024,1.4005691,1.3926809,1.345973,1.3446878,1.4115636,1.3552374,1.3709179,1.3401036,1.3397638,1.3624005,1.3507293,1.387257,1.3887427,1.3575417,1.3505242,1.3755319,1.3958122,1.3605388,1.4001385,1.3613526,1.3472006,1.3138489,1.3462228,1.3737773,1.3469365,1.3043953,1.3109906,1.3689256,1.3302464,1.3856884,1.3541656,1.3664306,1.353355,1.369149,1.3990256,1.4108224,1.3653512,1.3196898,1.4069911,1.3350638,1.4211136,1.4028947,1.3723963,1.3663999,1.342534,1.3584149,1.3497404,1.3556793,1.3242463,1.363544,1.3712213,1.393131,1.3952072,1.3717443,1.3531717,1.4013094,1.3466154,1.3827432,1.3524557,1.3323903,1.3502539,1.4045227,1.3814086,1.3661284,1.3245208,1.3801267,1.3635736,1.3520398,1.3693659,1.3362211,1.3684722,1.3599874,1.3737755,1.4072018,1.3837744,1.3826569,1.3464925,1.3998779,1.3346524,1.4156761,1.4071876,1.4002426,1.3496549,1.403958,1.3110332,1.3928914,1.4195257,1.3174679,1.3474709,1.3492678,1.3863326,1.3386452,1.3853539,1.3850615,1.354816,1.334721,1.3605332,1.3767898,1.341448,1.3820409,1.3818258,1.3675203,1.3145206,1.3751079,1.3658277,1.3480902,1.3561366,1.3767786,1.3620307,1.3830024,1.3694943,1.3654406,1.3733654,1.3813976,1.3639674,1.3656875,1.36227,1.3644918,1.3464851,1.3120564,1.3835232,1.405362,1.3430686,1.3593721,1.3742843,1.3582991,1.3990177,1.3192289,1.3342524,1.3989793,1.3352884,1.3910131,1.3524379,1.3520846,1.3907738,1.3849292,1.339484,1.348087,1.3794888,1.3864747,1.3804227,1.3513372,1.3608835,1.3647668,1.4142165,1.3629158,1.3545542,1.3499337,1.3745294,1.386258,1.3665001,1.356425,1.3378042,1.3363984,1.3904251,1.357211,1.3619943,1.3543583,1.3866179,1.398558,1.3801234,1.381844,1.3637817,1.3990592,1.3352262,1.3481963,1.3668417,1.3587143,1.3899896,1.3532441,1.394979,1.327924
0.3662998,0.39187866,0.3625628,0.3889236,0.36486349,0.40276897,0.36790124,0.4094505,0.37815192,0.37586802,0.38055587,0.39790854,0.3947838,0.4154202,0.40062875,0.34723303,0.34962496,0.405166,0.39892608,0.35962117,0.3763106,0.37711596,0.34168768,0.3591482,0.41909814,0.38152874,0.381652,0.37218148,0.39025792,0.36904544,0.4247497,0.36829484,0.38631076,0.32602113,0.364443,0.37000668,0.4008094,0.39930746,0.37629014,0.33293208,0.3738112,0.38701603,0.37181342,0.35842744,0.39304268,0.43367445,0.42084914,0.39036864,0.38762307,0.41882536,0.3662745,0.36914504,0.4299516,0.35948238,0.42713726,0.3373766,0.38675383,0.40781265,0.421184,0.39806733,0.39174756,0.39243907,0.37581456,0.41807717,0.43737993,0.3751239,0.4001925,0.35711533,0.40184426,0.44299644,0.40283304,0.38035905,0.38956442,0.39781266,0.40908977,0.35944715,0.36991605,0.373669,0.38761848,0.42000577,0.39956188,0.39197165,0.35368887,0.32319582,0.3395981,0.3869903,0.33261406,0.41725582,0.41105697,0.38165668,0.38953072,0.37961468,0.3900824,0.3850189,0.39676052,0.397241,0.41948742,0.3818787,0.39329377,0.4099865,0.4058779,0.35606092,0.37534103,0.34256038,0.37455213,0.4154849,0.41584283,0.37555733,0.38311973,0.35761267,0.4083653,0.38328725,0.38463494,0.36824626,0.35383964,0.3822345,0.40610552,0.41658416,0.38547042,0.38258037,0.37843573,0.39923316,0.3893431,0.38060352,0.3910935,0.38262874,0.37622887,0.4089919,0.3922312,0.39979106,0.39223272,0.38052776,0.3845785,0.39752203,0.3366477,0.39366058,0.38230762,0.3916937,0.37479872,0.43874827,0.4047883,0.37803054,0.4170318,0.38289165,0.34726495,0.39674097,0.38485166,0.39372623,0.39752483,0.4021989,0.38633502,0.38602057,0.34078372,0.3936162,0.41907915,0.38822353,0.4154964,0.38448545,0.4381976,0.40408608,0.3915158,0.40939707,0.356095,0.3980103,0.39987963,0.40885213,0.34912318,0.36157572,0.3807474,0.38178495,0.4216018,0.3745358,0.39624143,0.39822394,0.38273588,0.40600568,0.40338185,0.39068207,0.36670315,0.40427583,0.38348565,0.38884827,0.37695536,0.3459373,0.38319188,0.37874496,0.39292276,0.37434024,0.40822938,0.40087515,0.35253108,0.37726432,0.40938166,0.3731057,0.40917066,0.37734005,0.3858411,0.37598473,0.3810222,0.41087437,0.39742365,0.38930786,0.40768653,0.36928722,0.3704162,0.38529557,0.3616598,0.38234872,0.42109412,0.3651732,0.4105866,0.39802885,0.380623,0.39218462,0.36551702,0.40032628,0.38358444,0.35319343,0.38185757,0.38627476,0.37074503,0.40578935,0.3632214,0.35894305,0.40291846,0.41142505,0.37160164,0.39808947,0.37537956,0.40582418,0.37276733,0.4113456,0.37975776,0.3912603,0.39119226,0.34676677,0.34796637,0.3539971,0.37034717,0.4017734,0.3877222,0.40614086,0.3474238,0.3791089,0.38690197,0.36424947,0.38034567,0.38807923,0.3635289,0.4197811,0.37588876,0.40767637,0.392812,0.36496836,0.4184446,0.3939134,0.36619413,0.41677326,0.34624553,0.38030204,0.37445563,0.38743776,0.38115063,0.39367005,0.37862903,0.40301615,0.36705154,0.37116426,0.38991967,0.41162905,0.4196322,0.34246975,0.3804436,0.37015635,0.41652748,0.38025913,0.38082924,0.3697627,0.36977226,0.3904543,0.3742134,0.42474973,0.37295434,0.38308316,0.39036834,0.3874592,0.3914967,0.38066107,0.42621905,0.35830343,0.3665166,0.405286,0.42835677,0.39536536,0.36610603,0.38802472,0.3792574,0.3656554,0.41657606,0.37642506,0.413635,0.41338998,0.38858023,0.40288493,0.40236515,0.33400005,0.40266815,0.40078348,0.38546863,0.33757102,0.37567604,0.38418564,0.37910002,0.37747005,0.4020976,0.42216337,0.422334,0.37803465,0.37258533,0.415768,0.3871978,0.39023817,0.40028214,0.414082,0.35294506,0.40818366,0.41461408,0.43296248,0.36356574,0.3949797,0.39550674,0.35816836,0.37408084,0.38118094,0.4144675,0.4542348,0.3667866,0.3967123,0.35783094,0.395492,0.36869973,0.37699485,0.39917392,0.37935996,0.3937741,0.36447966,0.3862544,0.3597576,0.38468224,0.3737496,0.37774804,0.38054508,0.40107846,0.353692,0.38054404,0.3616385,0.3908985,0.404997,0.4124889,0.39015627,0.40857255,0.35922873,0.39767975,0.3988918,0.43249017,0.39217255,0.36884028,0.37398213,0.36710227,0.39497715,0.39303678,0.3611391,0.3858505,0.41237485,0.35013714,0.37454468,0.36684978,0.35724044,0.36362875,0.3655128,0.3991717,0.36657283,0.4063365,0.3707245,0.3778803,0.3583132,0.422564,0.3725068,0.3765171,0.38878405,0.3826404,0.40779772,0.3928948,0.4025738,0.3765372,0.35607538,0.4291776,0.4012558,0.38135034,0.366125,0.39012608,0.35887712,0.39971387,0.41776815,0.39611012,0.37640303,0.41428176,0.35047576,0.4254301,0.3612882,0.37183952,0.39037317,0.3809421,0.40209404,0.38862526,0.39983392,0.3839747,0.42931092,0.39673015,0.37285635,0.40493366,0.3926108,0.3830089,0.41117728,0.32842675,0.33573514,0.3714788,0.38540316,0.42501363,0.3823293,0.37485093,0.3557634,0.40538433,0.4563207,0.40009564,0.4039878,0.37982264,0.38099465,0.37955695,0.4141244,0.3879546,0.3577199,0.42320314,0.38269278,0.38614452,0.38198325,0.3939253,0.4185122,0.39364868,0.36327434,0.36449686,0.37973756,0.38051936,0.37845683,0.3784657,0.38455316,0.38950735,0.41997886,0.36049578,0.40688628,0.37490377,0.38142946,0.40107659,0.35306385,0.3716863,0.4106395,0.45051396,0.3824361,0.37231025,0.3752755,0.38900357,0.40216509,0.3900221,0.3897562,0.37700272,0.3790251,0.3794881,0.37536383,0.35753983,0.37278327,0.3911768,0.40633655,0.41013205,0.40310282,0.3745113,0.3753181,0.42861545,0.36645553,0.35760817,0.3527403,0.37948155,0.3881957,0.32731768,0.34845862,0.35801372,0.38984352,0.39456323,0.41333187,0.36075452,0.4293067,0.36302036,0.43547553,0.39578128,0.4254557,0.39187118,0.389254,0.3940521,0.40292934,0.41789544,0.3830173,0.38885006,0.35967207,0.37818688,0.42942607,0.37353498,0.3987502,0.421229,0.3811615,0.38310206,0.36750132,0.35592595,0.37005502,0.39099687,0.39898148,0.39241004,0.38640195,0.37491384,0.39212146,0.3947282,0.35515136,0.38984513,0.38796932,0.4057549,0.3758614,0.386182,0.3932496,0.3704074,0.33041668,0.38325316,0.41524628,0.42334348,0.39031774,0.35625488,0.40394238,0.35198405,0.41702121,0.36891595,0.35582706,0.39158496,0.38534576,0.38561034,0.40503412,0.37307578,0.45788836,0.38690466,0.38179904,0.44114894,0.33929437,0.34938222,0.37484705,0.38686424,0.3818418,0.39326033,0.3890305,0.36491805,0.40143618,0.39751214,0.4075059,0.3781981,0.3797699,0.39350012,0.36134475,0.37042466,0.39704937,0.33042774,0.33684304,0.3704997,0.38842586,0.35616004,0.39360097,0.36150795,0.37405667,0.41057497,0.3574326,0.37462956,0.41060117,0.35487646,0.3805681,0.40847838,0.38401702,0.38537627,0.3705839,0.3854398,0.39310613,0.3684677,0.40059516,0.3700832,0.40510136,0.427554,0.40863466,0.38967222,0.4075563,0.36000317,0.40496254,0.35075694,0.38448754,0.41409546,0.3983516,0.42101952,0.38741267,0.39948392,0.40179005,0.38991103,0.3939194,0.33809054,0.34482893,0.35457736,0.4161501,0.40826672,0.3908823,0.41644585,0.36631235,0.42727897,0.36708146,0.4020858,0.34761596,0.391329,0.39001015,0.3795226,0.4259347,0.41234553,0.33939794,0.39256585,0.35901606,0.37893495,0.38273084,0.38364923,0.3823661,0.4018614,0.40492153,0.39656353,0.3819641,0.38667312,0.397493,0.41265023,0.37255168,0.41255346,0.36309332,0.40341622,0.39983407,0.40159047,0.39917326,0.36943138,0.33562568,0.399757,0.38700402,0.32820043,0.38140467,0.3691389,0.39255005,0.37800395,0.38408834,0.3997506,0.39053583,0.3973194,0.38393146,0.41126543,0.37978885,0.3569397,0.390714,0.34033838,0.3799204,0.3437034,0.35821247,0.39282417,0.42980525,0.41113406,0.3965997,0.3760648,0.40788943,0.3594651,0.34951365,0.3835469,0.36114773,0.38574624,0.38877714,0.37985858,0.38066512,0.39321184,0.3397103,0.35355997,0.35215664,0.36326876,0.36925435,0.37894505,0.35102242,0.37728542,0.38755822,0.40162534,0.36473536,0.42743474,0.42372698,0.41104394,0.42385787,0.3802791,0.3989688,0.3931607,0.3961863,0.37842545,0.37182152,0.39838827,0.37735006,0.39114252,0.35399568,0.3614791,0.41918352,0.35332352,0.41065893,0.3779622,0.3641617,0.3927689,0.35568747,0.4142307,0.38545772,0.36395997,0.3465637,0.36829144,0.39587772,0.39599526,0.36181742,0.3833243,0.39272153,0.3819122,0.36345905,0.3696336,0.37631148,0.41137812,0.36306897,0.37314558,0.4088368,0.37370408,0.38380596,0.4169315,0.39412642,0.37404525,0.38570708,0.36860275,0.35044283,0.36412865,0.3716121,0.3724844,0.393462,0.37465456,0.3752004,0.36668828,0.3762079,0.3434924,0.36913735,0.39810807,0.37016234,0.41623572,0.38104993,0.4080128,0.39073265,0.3369393,0.34363768,0.3907428,0.37806776,0.38620237,0.38291192,0.3453083,0.35733867,0.40549052,0.39189464,0.36745313,0.3758797,0.42618585,0.42776722,0.4021695,0.38762414,0.3937987,0.4029414,0.365473,0.38032314,0.3731917,0.42589918,0.35215658,0.38673198,0.35810325,0.39389366,0.3725698,0.36062217,0.4119554,0.42635873,0.3770653,0.3767572,0.4208827,0.37727857,0.40302932,0.39537942,0.40055645,0.4134375,0.40340176,0.38446164,0.3950759,0.39924616,0.4008094,0.36476713,0.39201286,0.38544893,0.37599194,0.39976805,0.38773733,0.35091,0.37734365,0.37942296,0.378119,0.38055104,0.37574935,0.41806874,0.38773197,0.4092507,0.3698806,0.3992535,0.3590848,0.3854434,0.37356722,0.35191208,0.44331282,0.38323298,0.42749536,0.42436644,0.35921085,0.41160268,0.40803158,0.3880515,0.351992,0.39719367,0.37335277,0.33806655,0.41062272,0.3743893,0.40183485,0.41231856,0.37304306,0.36777875,0.37109733,0.3838405,0.40052575,0.4161324,0.38450453,0.3842282,0.38138068,0.40067852,0.36701125,0.39083692,0.38557208,0.39379573,0.37938544,0.396052,0.37387514,0.3868881,0.4168228,0.3844366,0.3689317,0.39533842,0.38922042,0.38948274,0.38469797,0.40204197,0.3896649,0.37575567,0.38427207,0.3589678,0.39065734,0.35426277,0.37169698,0.42342332,0.42271376,0.36263236,0.39792207,0.3158933,0.39195317,0.4377908,0.3766221,0.37913126,0.39503208,0.3796512,0.39341843,0.41388553,0.39986068,0.3924042,0.39254764,0.4394357,0.3923567,0.38535702,0.41171893,0.38148242,0.39569294,0.41593477,0.37777525,0.4549955,0.4030406,0.43573713,0.39837554,0.3724583,0.37693012,0.4064992,0.44684544,0.38118678,0.42367604,0.3862215,0.418608,0.40316913,0.4070874,0.3791793,0.36154684,0.3868025,0.40712133,0.39004374,0.39285785,0.3959874,0.3871632,0.35748994,0.38274533,0.37243348,0.37092397,0.3767107,0.4132878,0.3923408,0.33528236,0.4171313,0.33141732,0.38670382,0.36282718,0.41109318,0.36692175,0.38094726,0.42055833,0.37547004,0.3449072,0.40359056,0.3851665,0.36271656,0.38038492,0.42337933,0.39541563,0.34765497,0.41270906,0.41650975,0.36535463,0.3699785,0.376711,0.380381,0.386284,0.3640342,0.37545073,0.4194671,0.3846199,0.38170487,0.39111742,0.41721028,0.38916892,0.4222873,0.39961168,0.33772695,0.36222973,0.37078306,0.39578897,0.38136128,0.37457573,0.37776172,0.3937312,0.3819805,0.36977932,0.38694143,0.39446452,0.3568269,0.40301955,0.36586985,0.38440835,0.3847881,0.3732087,0.3747005,0.3459275,0.41809258,0.36833817,0.38198736,0.40593582,0.39088878,0.39717728,0.39829558,0.39721206,0.37956917,0.41596043,0.34100857,0.36215022,0.35856748,0.42666572,0.38794905
1.6489902,1.6245129,1.6342554,1.6108124,1.5960852,1.6255065,1.6277022,1.6575776,1.6399721,1.6388016,1.6302817,1.6139876,1.6335411,1.6251146,1.6743313,1.6435771,1.6330849,1.6381036,1.6100864,1.6493245,1.6329194,1.623305,1.6294055,1.6370878,1.6276811,1.6217154,1.6252627,1.6100631,1.6195625,1.6368525,1.6218469,1.6311032,1.6347771,1.6118101,1.6444877,1.6089638,1.6367055,1.6263511,1.6511227,1.617476,1.6334496,1.6610687,1.6194054,1.6375962,1.6342764,1.637231,1.6664631,1.6530298,1.6130526,1.6529982,1.6857722,1.6264099,1.6730798,1.6500083,1.6042304,1.6342247,1.6305971,1.6082795,1.6483085,1.6317935,1.6434543,1.6520276,1.64713,1.6745157,1.6489879,1.6068164,1.6483008,1.6053256,1.6764452,1.6643835,1.6468427,1.632519,1.6378708,1.620716,1.6454451,1.6436815,1.6132958,1.6469995,1.6436782,1.6011931,1.636066,1.6126478,1.6293805,1.6122675,1.6391926,1.6053975,1.6147801,1.635595,1.6656023,1.6525066,1.6481606,1.6612892,1.6480091,1.6363583,1.6337277,1.6307958,1.6581223,1.6495874,1.6415647,1.6500216,1.6384163,1.6017287,1.6530411,1.6251234,1.6963656,1.6432846,1.6310978,1.6385497,1.6332597,1.6200533,1.6176863,1.6507506,1.6246419,1.6049577,1.6317954,1.5954603,1.625385,1.6565956,1.6648017,1.5909818,1.6104412,1.5990385,1.6251084,1.6360158,1.6173342,1.6181041,1.6547936,1.632242,1.6507651,1.5822899,1.6032848,1.5846009,1.6492268,1.6173502,1.64327,1.6552867,1.6072503,1.6426125,1.5919417,1.6215609,1.6225111,1.6516626,1.6075156,1.6004387,1.6401968,1.658725,1.6100575,1.6134506,1.6309572,1.6719,1.6261857,1.6343882,1.6312729,1.6328547,1.6232265,1.6162603,1.6772568,1.6449304,1.6137459,1.617896,1.6700778,1.6421858,1.6193413,1.596129,1.6211759,1.6762495,1.6436831,1.6725352,1.646282,1.6263257,1.6301705,1.6196012,1.6400614,1.6602316,1.6307999,1.6417791,1.6139178,1.6087154,1.588692,1.6720245,1.6151501,1.6440752,1.6114848,1.6285224,1.6320701,1.6445867,1.6319546,1.6314589,1.6351345,1.6364118,1.6313764,1.6569799,1.6232522,1.6022656,1.6308312,1.6467115,1.5876795,1.5779971,1.6056005,1.6270933,1.6049907,1.6442504,1.6511954,1.5939887,1.63445,1.612209,1.6743497,1.6407791,1.6432891,1.6469362,1.6302224,1.6251017,1.6193055,1.6657614,1.6449713,1.6390021,1.6349207,1.6238924,1.6198198,1.656386,1.6020749,1.6217456,1.6503445,1.6386611,1.6210529,1.6324898,1.6475511,1.6150649,1.6706737,1.6592245,1.6156746,1.6319755,1.6749464,1.6138707,1.672329,1.657055,1.6308266,1.6514442,1.6282437,1.6669745,1.659915,1.6596648,1.6353952,1.6465739,1.6486148,1.6139679,1.6328212,1.5912255,1.6083755,1.6013769,1.6266797,1.6777519,1.6693699,1.6314253,1.6438805,1.6094899,1.6213511,1.6550555,1.6364646,1.6241313,1.6692367,1.6421434,1.6198286,1.6128826,1.6253159,1.5913879,1.6406565,1.5932904,1.6201729,1.6187873,1.7058692,1.640844,1.6311957,1.6617997,1.6316404,1.6603343,1.6582978,1.6308644,1.6430521,1.6355859,1.640797,1.6559471,1.6347154,1.6610515,1.6498623,1.6145976,1.6268262,1.652726,1.6074243,1.6170545,1.5891352,1.6642743,1.6251543,1.5813866,1.6215327,1.6103057,1.6535649,1.6113062,1.6502384,1.6990964,1.6568602,1.6493864,1.6058275,1.6366539,1.6296991,1.616355,1.6089779,1.6237993,1.6388241,1.6263957,1.6365051,1.6334152,1.6502705,1.6459074,1.6311647,1.6159005,1.6729043,1.5993074,1.6409248,1.6133124,1.6211212,1.6354554,1.6631799,1.6782463,1.6157635,1.6617458,1.6082162,1.6334195,1.6488708,1.6585392,1.6316332,1.5953376,1.6385566,1.6228687,1.6175696,1.6169702,1.6516641,1.6500529,1.6226369,1.6423088,1.6480954,1.6482265,1.6249938,1.6388723,1.6404295,1.6462779,1.575899,1.6436536,1.6530796,1.6139897,1.6474707,1.6278839,1.6781458,1.6378686,1.6259166,1.6148684,1.6377035,1.6440406,1.6207044,1.6151196,1.632969,1.6235862,1.6311975,1.6317152,1.6465563,1.6173136,1.6553515,1.635828,1.6522461,1.6588844,1.627434,1.6028566,1.6093595,1.6787022,1.6293597,1.6510148,1.6341994,1.6132473,1.613732,1.6055332,1.6282296,1.6499224,1.669129,1.5825068,1.6325369,1.6204947,1.6378981,1.642023,1.6341689,1.6522417,1.607731,1.6476051,1.6479738,1.6351173,1.6643221,1.6154461,1.6676342,1.64703,1.6489829,1.6150529,1.6154935,1.6272368,1.6092111,1.6165711,1.6398046,1.6260947,1.6660936,1.6542505,1.6643659,1.6675256,1.664947,1.6246005,1.6496655,1.6136285,1.6110227,1.6250603,1.6232253,1.6274974,1.6433003,1.6213211,1.6241134,1.6122512,1.604253,1.6664166,1.6134951,1.6724869,1.6150422,1.6581113,1.62539,1.6440536,1.6566837,1.6248218,1.6681074,1.6117654,1.6755347,1.6289779,1.6502284,1.6476235,1.6253787,1.6096232,1.6257752,1.635552,1.6042962,1.6474462,1.5955976,1.6599245,1.635123,1.6395907,1.6404889,1.5970845,1.6173912,1.6490707,1.587735,1.6531602,1.6135625,1.6275097,1.6411141,1.6378098,1.5989171,1.5999731,1.611245,1.656425,1.6940196,1.6167252,1.6577078,1.6511853,1.6438699,1.6457528,1.6659399,1.6167514,1.6022508,1.6374512,1.6425043,1.6720678,1.617457,1.5993453,1.5963886,1.6330807,1.6288459,1.648844,1.6431817,1.6596254,1.6429967,1.6329104,1.5855002,1.6193833,1.6273227,1.6236289,1.6310332,1.6116902,1.5927023,1.6697949,1.6236548,1.6242646,1.6536702,1.5882372,1.6434104,1.6343434,1.6614435,1.628117,1.6287869,1.6575218,1.6073872,1.6260682,1.6036744,1.6065147,1.5943766,1.6365572,1.6011894,1.6316613,1.6271901,1.6983621,1.5933883,1.6776127,1.6698524,1.5936445,1.6395795,1.5986564,1.6122657,1.6223828,1.6424457,1.6372968,1.6769371,1.6559416,1.5988382,1.6272033,1.6389778,1.656548,1.6339707,1.5940065,1.6409372,1.6609824,1.5843079,1.6359998,1.639116,1.6264693,1.6402007,1.641799,1.639751,1.6402351,1.6404362,1.6185086,1.5898579,1.6041985,1.6198568,1.6113596,1.6020482,1.6184471,1.6157207,1.6334856,1.6438766,1.6235968,1.6452286,1.620964,1.6051645,1.6462009,1.679409,1.6262261,1.6127186,1.6183035,1.657404,1.658139,1.6486099,1.5774369,1.6760931,1.6050386,1.6362879,1.6849282,1.6375201,1.6206087,1.612524,1.6426411,1.6086531,1.6119009,1.6246861,1.6104875,1.6389387,1.6623629,1.6052947,1.5756658,1.6758342,1.6464504,1.6772844,1.6736187,1.6190763,1.6187586,1.6310271,1.6507682,1.6259615,1.649897,1.6497227,1.6024855,1.6151065,1.6012205,1.6198801,1.619707,1.6628332,1.631803,1.6680284,1.6114935,1.659039,1.5822287,1.6113005,1.6208488,1.6399562,1.6186185,1.6177181,1.6555928,1.6435225,1.6641989,1.6917243,1.5926746,1.6158196,1.618855,1.6166592,1.6325698,1.616826,1.65463,1.6248386,1.6366597,1.656584,1.635462,1.6583887,1.6078033,1.654551,1.6134404,1.612472,1.6688256,1.6585687,1.6190968,1.604705,1.6615744,1.6493924,1.669347,1.6222711,1.6515665,1.6683654,1.6038399,1.6459854,1.6119825,1.6440349,1.6300199,1.6503971,1.6482581,1.6224363,1.5746845,1.6392308,1.6332952,1.6332098,1.6531925,1.612723,1.6116815,1.5862371,1.595365,1.6250867,1.6274987,1.6119393,1.6389128,1.631311,1.6315315,1.6069008,1.6110275,1.6232537,1.6326871,1.6277026,1.6181078,1.6273077,1.6363137,1.6396326,1.5924047,1.6580435,1.6218637,1.5999689,1.642973,1.6582475,1.6265739,1.6437483,1.632842,1.6371875,1.6300335,1.6498736,1.6327606,1.6550777,1.6517842,1.6548584,1.6333375,1.6398388,1.613251,1.6551481,1.6226795,1.6529125,1.6272585,1.6027122,1.6594267,1.6587145,1.6128764,1.6429391,1.5899053,1.6219623,1.670485,1.64132,1.6081567,1.6241823,1.6569109,1.6105667,1.6364837,1.5838525,1.6338831,1.6324914,1.6247056,1.6426562,1.6355579,1.6150693,1.5872233,1.6220882,1.6033988,1.638469,1.6062442,1.6035435,1.5848051,1.6173233,1.6616818,1.62655,1.6177948,1.635182,1.6317558,1.6043044,1.6444318,1.6139534,1.5826852,1.6657966,1.6196998,1.6708107,1.6071465,1.6332277,1.6305381,1.6368666,1.6105355,1.6748031,1.629195,1.6100624,1.6258087,1.6785966,1.6575494,1.6236973,1.6460121,1.6451854,1.5806942,1.6636976,1.6341861,1.6155143,1.6527468,1.633436,1.6187218,1.6176268,1.6406441,1.6260707,1.6177889,1.6602622,1.6619096,1.6278098,1.6416667,1.6787283,1.6328014,1.59339,1.6193724,1.620388,1.6229353,1.6395348,1.6426742,1.6133565,1.6002293,1.6620178,1.6584859,1.6518104,1.6274979,1.6689987,1.6134294,1.6014063,1.6419504,1.6422937,1.6353604,1.6435138,1.6530967,1.639132,1.5782052,1.6284199,1.6494244,1.635754,1.661858,1.6034275,1.6213447,1.6321862,1.6293284,1.6609377,1.6076642,1.638563,1.6145258,1.6332883,1.5975759,1.6886401,1.6246036,1.6415659,1.5961723,1.6488749,1.6565703,1.639456,1.6861261,1.6583077,1.6540867,1.6250538,1.5867162,1.6534979,1.6394362,1.5922725,1.5862827,1.61823,1.6538535,1.6421986,1.6495882,1.614011,1.6395975,1.6082864,1.6147748,1.6260432,1.6501845,1.6239077,1.6564445,1.6483437,1.6300352,1.6352308,1.5927213,1.6126182,1.6206105,1.6400865,1.6209646,1.5907328,1.635471,1.678701,1.6523702,1.6674016,1.6309372,1.6039938,1.614691,1.6166189,1.6373159,1.6164954,1.6045507,1.6019362,1.6440185,1.6134108,1.6569223,1.6240298,1.6036202,1.6122025,1.6740955,1.6214087,1.6241188,1.5814025,1.6338949,1.6284188,1.6118218,1.683395,1.6472709,1.6442086,1.6084785,1.6199089,1.6161157,1.6271095,1.6629837,1.6304415,1.6434258,1.5997292,1.6052678,1.6477411,1.6111718,1.583778,1.6240761,1.619389,1.6965475,1.6196848,1.6437867,1.636619,1.6251931,1.6139811,1.6399641,1.6120629,1.5981693,1.6006327,1.6395499,1.6541907,1.6253773,1.566233,1.6275951,1.6213474,1.626739,1.6416419,1.6275482,1.6363845,1.6081663,1.603068,1.6403981,1.6380142,1.6620073,1.6050447,1.6357749,1.6163026,1.6352717,1.629911,1.6207973,1.6162775,1.6285644,1.6467834,1.6709657,1.6820651,1.6079417,1.6523951,1.6536461,1.64786,1.625806,1.6540993,1.641706,1.6400325,1.5864407,1.6163982,1.6511084,1.6402183,1.6435728,1.6352671,1.6184852,1.5737901,1.6326842,1.6198412,1.5859596,1.6278585,1.6420482,1.6202787,1.652302,1.6303036,1.6145221,1.6752452,1.6640693,1.6308396,1.6175528,1.6140057,1.6057842,1.595095,1.5833406,1.6426412,1.6530868,1.6421015,1.6140746,1.617255,1.6288236,1.6734886,1.6170876,1.5861685,1.6599636,1.6262113,1.6214298,1.6299844,1.6063445,1.6603731,1.6707681,1.6139286,1.6170336,1.6502686,1.6589128,1.6321061,1.5912484,1.6304299,1.6131963,1.6649772,1.6128591,1.6196294,1.5996507,1.6617945,1.6159364,1.6433729,1.6227745,1.5861648,1.5644436,1.6440306,1.6190648,1.6131266,1.5774844,1.6464807,1.636264,1.6701932,1.6488348,1.627206,1.6239755,1.581583,1.6458268,1.6275637,1.6280553,1.6615187,1.6621801,1.6116933,1.5878478
1.1031156,1.1438371,1.0971711,1.0893755,1.1195463,1.122255,1.1111331,1.1221263,1.1471986,1.1335663,1.1514758,1.1137692,1.1416624,1.1380477,1.1271642,1.1270566,1.1595771,1.1724497,1.1337374,1.1258726,1.1069219,1.1085094,1.137185,1.0930053,1.1768674,1.1231438,1.1385121,1.1483397,1.1232501,1.134686,1.0974689,1.11558,1.1190938,1.1079143,1.0763453,1.1496004,1.1316621,1.1210327,1.1251214,1.1360728,1.1108956,1.1161798,1.1304531,1.1085224,1.1309592,1.1143156,1.1328192,1.1351202,1.0934675,1.145927,1.1587275,1.108822,1.1374099,1.1040444,1.1066927,1.1419904,1.169216,1.0989735,1.1035634,1.1321619,1.101952,1.1779828,1.1351602,1.1161648,1.1063354,1.1477367,1.1369641,1.139055,1.1273543,1.1342695,1.124993,1.1224391,1.1156753,1.1146853,1.1100183,1.143649,1.1223304,1.1321777,1.1443826,1.1212221,1.1146927,1.1310292,1.1041665,1.1293663,1.1390802,1.1245532,1.1752704,1.1182889,1.1589376,1.1582178,1.1537254,1.1221414,1.1180273,1.1319547,1.1292042,1.159204,1.1394324,1.152591,1.1204566,1.1350558,1.1242238,1.1183933,1.1209309,1.1516095,1.1457323,1.1122357,1.149052,1.1622977,1.1226084,1.1342317,1.1171232,1.1362313,1.0876447,1.1293122,1.1549269,1.1039952,1.0761861,1.1120347,1.11451,1.1066664,1.1036904,1.0615258,1.0964863,1.1489947,1.120761,1.0954113,1.1526562,1.1403637,1.1206982,1.0984794,1.1103083,1.1319258,1.151892,1.1033764,1.1470088,1.1576866,1.1204538,1.1773944,1.1482074,1.0866165,1.1527132,1.1175,1.1309862,1.1263442,1.1402172,1.1334298,1.0919256,1.085085,1.1652496,1.1368115,1.1215098,1.1352229,1.1852973,1.1485509,1.1223063,1.1238797,1.1468992,1.0979592,1.0897638,1.1077538,1.1658984,1.1408076,1.1283742,1.1058593,1.1136942,1.1667578,1.1154227,1.1545854,1.149215,1.135754,1.1558347,1.124543,1.1350492,1.1378849,1.1094335,1.1516317,1.1242579,1.1051472,1.1299365,1.1192291,1.0979427,1.1489031,1.1179,1.1674329,1.1481227,1.131645,1.1209358,1.110489,1.1248131,1.1614349,1.12509,1.1276753,1.1059576,1.1489127,1.1256725,1.127144,1.1388375,1.0840157,1.1352266,1.1246182,1.1284627,1.1444932,1.1414657,1.1151851,1.1225597,1.1333166,1.1455854,1.1469024,1.1286352,1.1522999,1.1077204,1.1293755,1.1148202,1.122012,1.1154525,1.1475927,1.110257,1.1101965,1.1247808,1.1119152,1.1334431,1.1075734,1.1442366,1.1257898,1.0948786,1.1429623,1.1021438,1.1427536,1.1765815,1.1082662,1.1323584,1.1238714,1.1558505,1.1176586,1.1504157,1.1796317,1.1666746,1.1571183,1.1051975,1.1416675,1.1478685,1.1191119,1.1652755,1.1260079,1.1428422,1.1134979,1.1564342,1.0683395,1.1137509,1.1124077,1.1485668,1.098885,1.1696043,1.0877408,1.1244237,1.1483516,1.1489826,1.1480626,1.1162819,1.1218257,1.1756871,1.1665356,1.1086168,1.1204802,1.1347532,1.100734,1.1295198,1.1213391,1.1234282,1.1021332,1.1397289,1.1390432,1.1206175,1.1404576,1.0895674,1.1350801,1.1678606,1.1457143,1.1844732,1.1346017,1.1380465,1.1782429,1.1177963,1.146819,1.1087314,1.1214721,1.1119475,1.1019106,1.1107515,1.0989757,1.1125445,1.126958,1.1194974,1.0795825,1.1387998,1.1181468,1.1017361,1.1297934,1.121245,1.1718714,1.1214305,1.1212205,1.1502404,1.1287315,1.0931551,1.1134033,1.1028665,1.1202751,1.1059958,1.1474063,1.1699255,1.1483884,1.1195357,1.1355337,1.1223288,1.0956792,1.1435101,1.1299727,1.1375644,1.0996894,1.1127275,1.1276765,1.1400809,1.1230971,1.1358007,1.1162038,1.1071488,1.0969312,1.1385882,1.148132,1.1085811,1.1208988,1.1415642,1.1218108,1.1753021,1.0939093,1.1360718,1.1523582,1.0949123,1.1280028,1.1324925,1.1550689,1.1191462,1.1304536,1.1003929,1.1267123,1.1227345,1.1192625,1.1689954,1.1532466,1.1303823,1.1345315,1.1633302,1.1098523,1.1122282,1.108024,1.1280375,1.1183294,1.1343968,1.1339546,1.0749404,1.1566033,1.1233058,1.1605449,1.0745921,1.1013145,1.136914,1.1054755,1.151181,1.1352912,1.1062577,1.1161313,1.1081324,1.1047546,1.1222634,1.1181029,1.1088662,1.1291578,1.1177251,1.1400838,1.1514002,1.1595948,1.169901,1.0711629,1.1349155,1.1003665,1.0888803,1.1291771,1.1314436,1.1558869,1.0956603,1.142288,1.1443418,1.0821991,1.1389393,1.1468307,1.1079829,1.0905403,1.1159434,1.1202996,1.1453744,1.1134149,1.1184934,1.1509937,1.1828746,1.0872285,1.1091717,1.1517668,1.1111321,1.1455444,1.1025407,1.0742996,1.1145463,1.1655691,1.1248431,1.1417177,1.1601549,1.1642531,1.1375134,1.1210692,1.1043813,1.1309489,1.1144881,1.1319239,1.1525201,1.146773,1.1472179,1.1815073,1.1079018,1.1446654,1.1029891,1.14009,1.1414974,1.1333137,1.1339282,1.134872,1.1073318,1.1353542,1.1660591,1.1376816,1.1449602,1.1187242,1.1340014,1.1585978,1.1216277,1.1139405,1.1476128,1.09116,1.0875753,1.1159182,1.088548,1.1405088,1.122489,1.1496006,1.1311069,1.0982417,1.1113268,1.1351638,1.1051165,1.0918905,1.106142,1.1706195,1.1608741,1.1506865,1.1474636,1.1192648,1.1151024,1.1610967,1.1477197,1.1613282,1.1204275,1.1367662,1.0936229,1.1906737,1.1436343,1.1281576,1.1028503,1.1308439,1.1257774,1.1462903,1.1309845,1.137082,1.1091667,1.1282524,1.0850933,1.1324935,1.1367269,1.121043,1.1131096,1.1161885,1.1267684,1.1701283,1.1298501,1.1668699,1.1408974,1.1460316,1.1524463,1.1153138,1.1859396,1.1054558,1.1170495,1.0989108,1.1238457,1.1015095,1.1186829,1.123226,1.1190418,1.0902357,1.1064682,1.1166283,1.1502832,1.1442933,1.1249285,1.1510806,1.1338189,1.0937318,1.1322771,1.1059463,1.127314,1.1265402,1.169295,1.1294807,1.1130356,1.1441034,1.0850803,1.1389052,1.1231487,1.0967333,1.1480185,1.1218387,1.1704521,1.1431397,1.1090522,1.1491513,1.1010268,1.154525,1.1387279,1.1243798,1.08078,1.105789,1.1161933,1.0865011,1.1234093,1.1049037,1.1213852,1.0739264,1.0937004,1.155905,1.1187433,1.1326671,1.12457,1.1481072,1.1609336,1.0752771,1.1351739,1.1154295,1.1415354,1.1379989,1.1675099,1.1546459,1.0773184,1.1113962,1.1240366,1.1340171,1.1770947,1.1031356,1.0956309,1.1378964,1.1458423,1.0965712,1.1160028,1.0972354,1.1012816,1.0918788,1.1180389,1.1613219,1.1470695,1.162945,1.1359713,1.0844816,1.1104212,1.113912,1.1311563,1.118689,1.1159589,1.129591,1.1250205,1.1309692,1.1545138,1.1452416,1.1770757,1.1134003,1.1115117,1.1293604,1.1149511,1.1311599,1.1696702,1.1044775,1.1481582,1.0891516,1.0898546,1.1209278,1.1063861,1.1107752,1.129557,1.1282465,1.1133043,1.164081,1.1297309,1.1383812,1.1825047,1.0954647,1.1176697,1.1443479,1.1352885,1.1249253,1.1612129,1.1361836,1.1167325,1.1056073,1.1494913,1.1107863,1.1147817,1.0863643,1.1289759,1.1528519,1.0967313,1.169565,1.1465473,1.1274047,1.1222003,1.1564604,1.1470661,1.1447213,1.1479886,1.1350387,1.1694909,1.1371827,1.1119854,1.1313581,1.1507901,1.1626878,1.1192182,1.1217343,1.0970194,1.1151934,1.1304592,1.1254277,1.177635,1.1512556,1.0779783,1.0877206,1.1074991,1.1365272,1.1303322,1.1220496,1.1090397,1.1255078,1.1369743,1.1556113,1.1247241,1.12072,1.1378181,1.0961505,1.1415704,1.1162298,1.1250514,1.1295114,1.1213219,1.1144259,1.1572055,1.0944784,1.1517859,1.1759531,1.1286631,1.1409632,1.1466806,1.1586337,1.1427147,1.1234492,1.112354,1.1283044,1.1640366,1.1132183,1.170111,1.0885817,1.1774272,1.1089023,1.133293,1.1440622,1.1521169,1.1156795,1.1462855,1.135953,1.1320393,1.1325072,1.1157855,1.0713961,1.1183913,1.1756649,1.1222644,1.1327332,1.0933665,1.1483396,1.1591525,1.1452075,1.1365918,1.1191174,1.105874,1.1202118,1.1204815,1.1234645,1.129959,1.1564617,1.1511476,1.1174273,1.1581448,1.1333953,1.097295,1.1183969,1.1470482,1.1483927,1.137271,1.126347,1.1349,1.1394267,1.1579193,1.1789603,1.1466757,1.1317397,1.1111875,1.1053835,1.1106036,1.1317542,1.1530349,1.1573277,1.1432564,1.149743,1.1327057,1.0841128,1.106864,1.1251297,1.13266,1.1134312,1.1205887,1.1534666,1.1380934,1.1168959,1.1640999,1.1207554,1.0961922,1.136223,1.1232432,1.120272,1.1375681,1.138086,1.1544127,1.0919883,1.1582761,1.1364261,1.1181787,1.1327097,1.136933,1.1325487,1.122027,1.1165537,1.1291908,1.1133657,1.1241628,1.1132078,1.154596,1.1365874,1.1337748,1.148698,1.1668088,1.1236134,1.1422992,1.1133747,1.1111375,1.1236687,1.1072332,1.1340039,1.1996526,1.1430749,1.1083207,1.1249262,1.1368984,1.1516775,1.1434681,1.125531,1.1290076,1.1426939,1.1052212,1.1517351,1.1484143,1.0989875,1.133809,1.1288669,1.1298681,1.1475942,1.18509,1.1438153,1.1812216,1.1218679,1.1419593,1.1568007,1.1485376,1.1429511,1.1445704,1.1535121,1.1445246,1.1111556,1.1215303,1.160171,1.1094302,1.1235517,1.1684748,1.1431985,1.1175265,1.123768,1.1233975,1.1471262,1.1344209,1.1161336,1.10786,1.1580734,1.142106,1.0947565,1.0907779,1.1055142,1.1116709,1.0823452,1.149268,1.1254201,1.1312569,1.1273382,1.1549546,1.137074,1.1505681,1.1695467,1.1576539,1.1620927,1.1325873,1.1260576,1.1088512,1.1210656,1.1527119,1.1502748,1.1043667,1.1560102,1.095954,1.1697403,1.1221211,1.1652013,1.13287,1.1237996,1.1491606,1.1354357,1.1122452,1.1624875,1.1034515,1.0922347,1.1432048,1.1290056,1.1525925,1.0797085,1.1415472,1.1178677,1.169316,1.1443121,1.1393718,1.1229794,1.1028949,1.1124192,1.1324807,1.1261027,1.1329604,1.1463757,1.0922949,1.1476525,1.1225184,1.1210314,1.1292249,1.0912726,1.1266956,1.1414497,1.1176983,1.1128036,1.117797,1.0787989,1.1229362,1.1292087,1.1446726,1.0846931,1.1323322,1.1180004,1.1511315,1.1395193,1.1485412,1.125657,1.1503354,1.1250279,1.1461452,1.1103826,1.1018387,1.1351771,1.1584488,1.1056253,1.0996637,1.0941353,1.1477666,1.1069785,1.1437299,1.102795,1.1113673,1.1161852,1.1777169,1.1800381,1.1576029,1.1216261,1.1028953,1.1472481,1.136845,1.1458771,1.1216848,1.1316497,1.1154116,1.1466107,1.0772362,1.0855666,1.1207502,1.0932308,1.119861,1.111754,1.1065587,1.1152824,1.1290884,1.1130756,1.1479064,1.1003549,1.1555711,1.1282465,1.1291158,1.1394515,1.1124651,1.1115972,1.1147094,1.1417867,1.1233537,1.1119171,1.1295543,1.1208701,1.1309686,1.13348,1.1247319,1.1531061,1.1237139,1.0683498,1.140884,1.1310827,1.0954748,1.1357648,1.140126,1.0953931,1.0951899,1.1241006,1.1244857,1.1371593,1.1313326,1.1088884,1.1474068,1.1089641,1.1430526,1.1125724,1.1400063,1.0986488,1.1511265,1.0881777,1.1240599,1.1383438,1.1503347,1.0927597,1.1293565,1.1318313,1.1260864,1.0866878,1.1217467,1.1195874,1.1512545,1.1322308,1.1177456,1.0955328,1.1266582,1.1472713,1.1100179,1.1418414,1.1127436,1.1001225,1.0846274,1.1189314
1.6189924,1.5836725,1.552983,1.569694,1.5297554,1.5327262,1.5496855,1.5858042,1.6304389,1.5741388,1.6126528,1.5749017,1.5965807,1.528893,1.5744992,1.5707408,1.5671269,1.5840279,1.5324924,1.5777624,1.591927,1.561617,1.6008681,1.5628467,1.5889046,1.537267,1.5437695,1.5964596,1.5675809,1.5640043,1.538475,1.5892093,1.5548313,1.5699339,1.5722528,1.6117405,1.5989733,1.5922666,1.5627264,1.5841719,1.5577425,1.5937237,1.5424306,1.5544952,1.592477,1.5865257,1.588754,1.6113746,1.5472623,1.5587127,1.5794319,1.5629339,1.5731707,1.5390637,1.5874146,1.6065911,1.5748596,1.5485282,1.5266302,1.6023697,1.5632905,1.5679042,1.5952392,1.5556979,1.5540245,1.5943602,1.5670942,1.5215728,1.5746021,1.5910016,1.6137573,1.590881,1.5799011,1.5804228,1.563631,1.5634139,1.5383724,1.5573125,1.566674,1.5576782,1.5653238,1.530971,1.5911468,1.5640446,1.5966637,1.5360459,1.5644656,1.5065525,1.5276042,1.5685333,1.5668681,1.6032085,1.6237546,1.56759,1.5838087,1.596753,1.539463,1.6275138,1.5712051,1.6175402,1.5232663,1.5542066,1.5646609,1.6077029,1.5909156,1.5746751,1.5388554,1.5528383,1.5619638,1.5804346,1.5594426,1.5420383,1.543508,1.5649602,1.5860667,1.5358964,1.5657237,1.5750259,1.5744777,1.5589267,1.5717707,1.5538731,1.5489427,1.6043383,1.587467,1.5505835,1.5635628,1.5874573,1.5016266,1.5607533,1.5457658,1.5572057,1.5479923,1.6038722,1.5611459,1.6166263,1.506761,1.5270132,1.5534354,1.5453311,1.568094,1.5504966,1.5413458,1.5443192,1.5916942,1.5570194,1.5577624,1.5475847,1.5308969,1.5823854,1.611591,1.5485871,1.5753585,1.5794955,1.5666088,1.5890137,1.6003236,1.5498295,1.5607953,1.5424132,1.5579756,1.5901628,1.5490487,1.563317,1.5770445,1.5989153,1.5801301,1.5783583,1.5389978,1.558322,1.5741763,1.5770411,1.5551634,1.5766995,1.5747267,1.5749073,1.5657247,1.534269,1.5247642,1.5609483,1.5700457,1.5809811,1.5507245,1.5431601,1.5662222,1.556221,1.540351,1.5741818,1.595403,1.5962313,1.5599368,1.5583851,1.595366,1.5872513,1.5826113,1.5724753,1.5668497,1.5660669,1.5351033,1.5290977,1.5233154,1.5906054,1.5663086,1.5371194,1.5601286,1.5814155,1.5866475,1.569769,1.570776,1.5718217,1.52833,1.6071594,1.5466746,1.5565983,1.5794549,1.5366408,1.528447,1.5531021,1.5985284,1.5529287,1.5911484,1.5852101,1.5324862,1.5604053,1.5586277,1.562657,1.5447322,1.5551226,1.5723273,1.5608891,1.5492518,1.579256,1.5908138,1.5772268,1.596764,1.6017426,1.567324,1.5732033,1.5475858,1.603282,1.5790471,1.5751864,1.5844128,1.5751446,1.5526226,1.5273885,1.562741,1.4994017,1.59179,1.5180044,1.5669264,1.5953859,1.5997618,1.5512712,1.5581777,1.5686874,1.572989,1.5925137,1.5738536,1.5405649,1.5889956,1.5741704,1.5781673,1.5399104,1.5492676,1.5103438,1.5630727,1.575637,1.5477855,1.5599827,1.6117188,1.5864557,1.579037,1.5572567,1.5546046,1.5871847,1.5800195,1.5885347,1.5864505,1.5844756,1.5659752,1.5798492,1.5731894,1.5773677,1.5693899,1.5790416,1.5387738,1.5399572,1.5572603,1.5640707,1.5581055,1.5864929,1.6029246,1.5549752,1.563167,1.5518017,1.5545368,1.598919,1.5599178,1.5955839,1.5476073,1.5627977,1.6051836,1.5531621,1.5432775,1.5332284,1.5627556,1.5240775,1.5430313,1.5544447,1.5508159,1.5869205,1.5890602,1.5376182,1.5767357,1.5458419,1.5890919,1.5512626,1.5998446,1.5290556,1.5953636,1.569487,1.5744143,1.5575199,1.5812986,1.5956862,1.571536,1.5563726,1.6226618,1.6073724,1.559761,1.5825802,1.5742724,1.5498112,1.5534216,1.5794507,1.5539513,1.5452946,1.5488095,1.5921144,1.5853463,1.5470573,1.5827754,1.6063676,1.5594264,1.5547951,1.5692334,1.5681069,1.5599676,1.5593987,1.5521554,1.5902855,1.56027,1.5765808,1.5981725,1.5427029,1.5370349,1.5528793,1.5389863,1.5630937,1.5308108,1.5794252,1.5570922,1.5774236,1.574026,1.5177608,1.5608506,1.546071,1.5892426,1.5792733,1.5555869,1.5919054,1.5737164,1.5723121,1.5658424,1.5584441,1.55017,1.5575528,1.5668477,1.5532143,1.6060941,1.5841238,1.5835223,1.5032703,1.5564556,1.570593,1.5729007,1.6013784,1.5742573,1.6144686,1.5744625,1.583312,1.5583173,1.5566335,1.599845,1.5482702,1.6145064,1.5682633,1.5523794,1.5953579,1.5429523,1.5481448,1.5687901,1.5252125,1.6185715,1.5549269,1.563308,1.5589821,1.5558968,1.5625612,1.5834471,1.56014,1.5374926,1.5410465,1.5700798,1.5430433,1.5732733,1.5634091,1.5071298,1.5478253,1.5245163,1.562811,1.520738,1.565582,1.5760546,1.5997105,1.5558356,1.562674,1.552106,1.6086429,1.5615152,1.5972282,1.5844673,1.5961643,1.5016348,1.5782374,1.5569377,1.5510361,1.5812076,1.5663699,1.5570427,1.5648621,1.5203205,1.565016,1.5574049,1.5951389,1.5954016,1.5652924,1.5623276,1.5520065,1.5562135,1.5697601,1.5811151,1.5830519,1.5650862,1.5739006,1.5466213,1.5666512,1.5511248,1.5482281,1.5486207,1.5476536,1.601771,1.5660981,1.6119214,1.5843366,1.5765228,1.5790917,1.5842437,1.5335442,1.5537391,1.5848658,1.5620204,1.5863744,1.5543274,1.5632567,1.5422015,1.53799,1.5854788,1.5433012,1.5509226,1.5805076,1.6034983,1.5876255,1.5387095,1.6001147,1.5216887,1.5772231,1.5501885,1.5681059,1.60977,1.560437,1.5709916,1.5754173,1.5481257,1.5706644,1.5731729,1.5313694,1.5496489,1.5329816,1.5865161,1.5641503,1.5821058,1.5496417,1.5776403,1.5500221,1.565173,1.60184,1.5681186,1.5696203,1.547968,1.5759008,1.5542836,1.5814333,1.598587,1.5081567,1.586454,1.5404463,1.5753424,1.6125213,1.5384564,1.5567938,1.6065446,1.5727624,1.5436935,1.5603957,1.5730484,1.5794314,1.5579118,1.5620792,1.6076294,1.5653684,1.5529968,1.5484096,1.5930167,1.5702907,1.5793849,1.5636832,1.5605211,1.5893599,1.5652143,1.5727549,1.5562248,1.5489217,1.5442661,1.5848262,1.55456,1.534414,1.535983,1.5734584,1.583567,1.5509164,1.5546926,1.5399107,1.6074005,1.5655862,1.6083494,1.5695696,1.5864886,1.5214293,1.5785927,1.5959891,1.5499506,1.5840936,1.639794,1.5350937,1.545251,1.608172,1.6074561,1.5641143,1.5234709,1.5888323,1.5599838,1.5537367,1.5468462,1.5641391,1.5546749,1.6083554,1.587393,1.5566686,1.579652,1.5370421,1.5571868,1.5770075,1.558794,1.5126903,1.6005388,1.578557,1.567437,1.5926006,1.5755801,1.553578,1.583885,1.5496029,1.5700836,1.558962,1.5659916,1.5738785,1.5924567,1.5385482,1.5074983,1.5693059,1.5558571,1.5132598,1.5881459,1.5614808,1.5451256,1.6037843,1.5035514,1.5621437,1.5841546,1.5590826,1.5632135,1.5956916,1.6044319,1.566818,1.6016701,1.5928744,1.5397891,1.5595175,1.577222,1.5287323,1.5633254,1.5651839,1.5963109,1.5846097,1.5198269,1.5885493,1.6021003,1.527725,1.554846,1.5901656,1.5710293,1.5699253,1.5541462,1.5893223,1.5606229,1.5850765,1.5455908,1.580261,1.5395771,1.592426,1.5221776,1.5479091,1.5979738,1.5239041,1.5671716,1.5660467,1.5668015,1.5811294,1.5210893,1.5909065,1.5464973,1.5400217,1.5702754,1.5584993,1.5398809,1.5811775,1.5882778,1.5429978,1.5785761,1.5352801,1.5786451,1.5810449,1.5789105,1.5127871,1.5760405,1.577735,1.5812042,1.5398741,1.6189328,1.5502815,1.5429827,1.6430087,1.5894023,1.5723557,1.6013806,1.5535223,1.5574917,1.5732265,1.5591908,1.5752105,1.5904216,1.5641448,1.5930651,1.5593446,1.5344282,1.5575321,1.5932639,1.5986472,1.5283718,1.5877208,1.5607932,1.5865183,1.6196488,1.5275977,1.541274,1.5596826,1.5422205,1.5923483,1.5357171,1.5690188,1.5513277,1.5503905,1.5585177,1.5583799,1.5492902,1.5465969,1.5327194,1.5577137,1.5372845,1.5520296,1.5758514,1.5294086,1.5839636,1.5346671,1.5992278,1.5794121,1.5306935,1.5345154,1.5362862,1.5661551,1.5532162,1.5765216,1.5683533,1.5883844,1.5715659,1.5457273,1.559014,1.609868,1.539653,1.5698576,1.6055639,1.5051837,1.5976441,1.6080639,1.5811937,1.5248064,1.596395,1.5178605,1.5450836,1.5324454,1.574373,1.5735701,1.5104204,1.6128312,1.5936337,1.5616475,1.5963461,1.5757511,1.5139064,1.5904288,1.5484222,1.588236,1.587042,1.5511185,1.5750222,1.5436116,1.5979183,1.5968299,1.5142488,1.5383941,1.588404,1.575372,1.567051,1.5516288,1.5336168,1.5730096,1.5514715,1.5896987,1.5701337,1.5698584,1.611926,1.567979,1.5907499,1.5382489,1.5813856,1.531181,1.5677142,1.568755,1.5502615,1.5633509,1.5878326,1.611871,1.5234733,1.5563871,1.5672569,1.5935807,1.5887018,1.5565736,1.5329156,1.5722699,1.562256,1.557832,1.6217461,1.5453086,1.5307406,1.5432411,1.5337088,1.5611497,1.5817287,1.5773853,1.5499933,1.5618714,1.5430124,1.5699857,1.5908275,1.5471772,1.5993292,1.6117887,1.5672295,1.5455339,1.5879644,1.5875291,1.5552057,1.5509543,1.5829294,1.5718368,1.5703255,1.5661271,1.5500624,1.5549238,1.5564748,1.5925571,1.5269111,1.5269355,1.6085812,1.5874807,1.5398287,1.5754755,1.5582055,1.4998546,1.556591,1.5657558,1.5529999,1.5676931,1.5042106,1.5354824,1.5819736,1.5987073,1.5802585,1.5242733,1.5851303,1.5737629,1.5476038,1.5479251,1.5728492,1.5542804,1.5496031,1.5427063,1.5279127,1.6192122,1.5929971,1.5710199,1.5611935,1.5828637,1.5735443,1.5630267,1.5562762,1.5494345,1.5756516,1.5088813,1.5769472,1.5665144,1.5262944,1.5014125,1.5476724,1.551332,1.6144661,1.6047409,1.586006,1.5604033,1.5196722,1.5283056,1.5872791,1.5890222,1.526758,1.5540751,1.5783111,1.5905341,1.5489483,1.5550162,1.569555,1.5378143,1.5541023,1.5635732,1.5603114,1.5615003,1.5489821,1.5812062,1.61136,1.5515819,1.5701207,1.5935063,1.5726619,1.5326644,1.5544384,1.5620259,1.5706526,1.5948765,1.5602272,1.5905654,1.5724663,1.5521581,1.559284,1.5403181,1.5106237,1.570897,1.5379546,1.5619316,1.5509789,1.5648501,1.5591125,1.6021147,1.5690206,1.5562363,1.5746127,1.602048,1.5759919,1.5560629,1.5296388,1.5855072,1.6097848,1.5251262,1.5200764,1.5792873,1.5427871,1.5983033,1.5229969,1.5414276,1.5231264,1.5459468,1.5379821,1.5742381,1.5651379,1.5481908,1.5529883,1.569042,1.5688835,1.5280244,1.5772139,1.5699399,1.6054385,1.566571,1.57795,1.5738249,1.5055958,1.5195674,1.5705599,1.5771205,1.5627505,1.5933931,1.5838963,1.5462639,1.5595796,1.5538405,1.5332701,1.5287876,1.541262,1.5523967,1.5601888,1.5260178,1.5705869,1.5585883,1.5672204,1.5876133,1.5942757,1.576138,1.5573537,1.5264213,1.5872083,1.5700097,1.5782743,1.5656649,1.5581454,1.5288446,1.5614661,1.5624564,1.587809,1.5834564,1.5254649,1.5415399,1.5768951,1.527356,1.5345836,1.5558937,1.5527178,1.5510452,1.6144094,1.5797409,1.5722289,1.5834765,1.5398347,1.5433407,1.5228441,1.5404835,1.5632116,1.5828949,1.6005766,1.5327392
0.7288122,0.6941288,0.70169663,0.7116094,0.70641553,0.72919154,0.7075291,0.7075863,0.74939704,0.68655276,0.71315366,0.7237829,0.7159138,0.7460452,0.692532,0.7112062,0.69498086,0.7111291,0.73007905,0.6889581,0.7165194,0.6624042,0.70892787,0.7133593,0.75299287,0.75758725,0.70971775,0.694232,0.6788723,0.6788348,0.68781114,0.68916047,0.7320337,0.7202241,0.7109976,0.713388,0.69605744,0.72776955,0.7283017,0.6994959,0.7096413,0.73371524,0.704002,0.7459339,0.69260275,0.7415075,0.7228267,0.7151679,0.7553772,0.6879877,0.73900014,0.71441984,0.7292886,0.70817065,0.71791184,0.72017574,0.6949283,0.7077163,0.7441425,0.7065152,0.7223146,0.7359635,0.7231997,0.741889,0.7318013,0.7049541,0.6990289,0.69840413,0.7122741,0.70178246,0.73798,0.72193277,0.7011942,0.72710633,0.7446599,0.6572838,0.7249745,0.67830664,0.726671,0.72403437,0.7161107,0.69332254,0.72332424,0.648745,0.6726333,0.73957527,0.6996044,0.7619941,0.7331833,0.7078008,0.7093648,0.70991284,0.70803344,0.739225,0.71661144,0.6824001,0.7595288,0.7213865,0.7078891,0.7560717,0.7392301,0.7561478,0.7236804,0.6956497,0.69506603,0.74063766,0.6985054,0.73949397,0.7016408,0.729149,0.72643036,0.672274,0.7135556,0.69617444,0.71146494,0.71415746,0.7194702,0.73358065,0.7307586,0.6876946,0.6728848,0.6890608,0.7107484,0.7250097,0.7157457,0.6800905,0.7139029,0.7143167,0.71628994,0.740346,0.706142,0.6741561,0.6890272,0.6943014,0.7230316,0.75133955,0.7185813,0.73692036,0.6737856,0.7033441,0.71616197,0.7196851,0.6899146,0.7128291,0.69113743,0.7138553,0.68800604,0.7177483,0.76299894,0.718201,0.66707385,0.71325153,0.7261838,0.7136159,0.7187095,0.6905273,0.7483382,0.6919365,0.73767376,0.69641954,0.7415847,0.73001206,0.705442,0.7152419,0.75482255,0.7104436,0.69680464,0.6992065,0.7090895,0.7289009,0.74615234,0.7115298,0.7134235,0.71762955,0.6957823,0.7126732,0.682143,0.71962595,0.6839696,0.72353995,0.7146145,0.7169195,0.69490397,0.72413415,0.691867,0.712002,0.7304416,0.6709547,0.7253064,0.6869685,0.68303084,0.7133491,0.7262536,0.73906094,0.7444165,0.7090676,0.7288206,0.68736917,0.70160824,0.7258943,0.7441748,0.69061565,0.75729823,0.69476867,0.6754725,0.69914794,0.7483178,0.69601166,0.7448851,0.708604,0.75602794,0.72033393,0.7254323,0.70540345,0.68634295,0.73209286,0.7357684,0.69634724,0.7028372,0.76732993,0.7276565,0.71999955,0.7007285,0.6894817,0.69891393,0.7218261,0.6993882,0.7227459,0.7140337,0.728701,0.7168665,0.7272637,0.7325851,0.72281605,0.7299721,0.7104927,0.6917765,0.74073005,0.7095988,0.72623056,0.7135898,0.7219805,0.69604486,0.73551166,0.75759053,0.6796999,0.69769293,0.7099203,0.68444926,0.72589344,0.7221403,0.70085955,0.7638838,0.69379514,0.72953844,0.7303106,0.69079024,0.7515857,0.70232636,0.70543927,0.7087747,0.72202605,0.7004594,0.7272434,0.7307619,0.7244233,0.70238984,0.67762285,0.7396513,0.7048341,0.724563,0.68896514,0.69592726,0.73955375,0.72038496,0.7176377,0.7022726,0.7069062,0.725523,0.7563104,0.68518144,0.7769929,0.7317125,0.7155429,0.68379223,0.73105913,0.72355247,0.67482275,0.7349499,0.6932265,0.72226804,0.72204715,0.7275671,0.71044344,0.7047577,0.6772738,0.70125055,0.71751535,0.7176563,0.70066375,0.71937525,0.7082073,0.68039525,0.7121488,0.7345573,0.687231,0.74619377,0.7134387,0.68838143,0.71092427,0.72144085,0.6869635,0.74552196,0.72405493,0.7258753,0.7542456,0.75171924,0.72779185,0.7727676,0.73964435,0.69112366,0.6966135,0.7220489,0.7234348,0.7198603,0.74051446,0.72308695,0.7469077,0.7009863,0.693568,0.7226671,0.736211,0.7177423,0.70548177,0.73353803,0.738697,0.71215045,0.7659595,0.71578294,0.7116341,0.74828565,0.7106093,0.72006905,0.733547,0.7190578,0.7259499,0.69513714,0.7254827,0.73144686,0.6484498,0.6967041,0.7063453,0.7305064,0.695437,0.7291882,0.7033148,0.7205831,0.7141662,0.753261,0.6884594,0.692558,0.69496095,0.7582464,0.72556937,0.74214715,0.7347375,0.7063095,0.7353558,0.6740097,0.74759686,0.72630394,0.7106837,0.69079787,0.75470865,0.67821836,0.70842516,0.709502,0.6690459,0.71870404,0.73624253,0.65753853,0.7285189,0.7441617,0.70731837,0.7013464,0.66752803,0.7226539,0.75924855,0.7005162,0.73367995,0.7014054,0.6768389,0.7133417,0.7269602,0.7227945,0.7286645,0.7620847,0.7031115,0.7449588,0.68780506,0.751514,0.7124737,0.69771713,0.7450269,0.69431406,0.6808582,0.7600962,0.7057502,0.71722853,0.73465586,0.6914005,0.70308155,0.74603975,0.7439444,0.6848682,0.7385088,0.6905903,0.72444123,0.71550906,0.7049647,0.756913,0.7215631,0.70833784,0.7267297,0.69251496,0.7316835,0.67568624,0.7172008,0.7081698,0.72823143,0.7413833,0.7299481,0.7183331,0.7604138,0.7430253,0.6832316,0.67876565,0.7045891,0.7268376,0.7067165,0.69590044,0.7148043,0.7312351,0.6915013,0.76444954,0.70680785,0.7134712,0.7176844,0.719287,0.68746984,0.7260671,0.72452545,0.67637444,0.71213424,0.6890901,0.7062784,0.6797165,0.70283425,0.71736133,0.70893633,0.7455777,0.7582273,0.73391104,0.7170557,0.70096415,0.7289285,0.72395706,0.728546,0.71943897,0.7289133,0.73093617,0.73864675,0.7016472,0.72995,0.701685,0.7239588,0.7033301,0.72110915,0.7209805,0.7217857,0.715682,0.72554475,0.73131585,0.7232099,0.7301102,0.73516065,0.7200182,0.6747042,0.70599693,0.689375,0.715523,0.7325804,0.74891084,0.712268,0.7222408,0.7226161,0.71811527,0.7150086,0.72385365,0.7116834,0.7207237,0.738614,0.7093859,0.71458167,0.7200581,0.7115136,0.70814496,0.7203389,0.7500147,0.70570475,0.7060197,0.6920281,0.765411,0.7731896,0.7216791,0.7358313,0.7149052,0.7443334,0.71654594,0.70374507,0.7318401,0.7175705,0.6946026,0.7230358,0.70451045,0.7370968,0.7377375,0.713131,0.7461441,0.67786753,0.71627617,0.71779126,0.71793896,0.7267869,0.70105296,0.7414587,0.71703225,0.6852384,0.6973313,0.7377081,0.7328404,0.6852939,0.7085484,0.7180053,0.7163733,0.68706906,0.6961373,0.67818606,0.7277268,0.6742432,0.7070844,0.7499276,0.72670466,0.7393494,0.71102566,0.7460964,0.77313554,0.69833505,0.71106607,0.6995663,0.7010701,0.6979841,0.72094154,0.7228555,0.69621134,0.7309172,0.6888572,0.73533106,0.73291975,0.67561686,0.72761434,0.69479585,0.6972565,0.6986438,0.6867395,0.6692453,0.7394536,0.70276964,0.6941252,0.6850297,0.7413468,0.68475646,0.72463006,0.6941948,0.6680904,0.74518144,0.6861027,0.7092259,0.6995562,0.7309528,0.692455,0.68343633,0.6948517,0.7314249,0.7372674,0.7188024,0.7482198,0.71866554,0.7478105,0.68210226,0.71165246,0.6709833,0.6872648,0.72400486,0.68876517,0.71637106,0.71731657,0.7210788,0.74946743,0.7024411,0.75747186,0.71131843,0.743791,0.7549348,0.70570487,0.6644814,0.6806988,0.7152945,0.73833776,0.6995797,0.7415685,0.7153357,0.74727166,0.69951636,0.74462396,0.71971136,0.68417853,0.73296267,0.7481532,0.7463913,0.71814895,0.718815,0.7233934,0.68106127,0.67281425,0.7241757,0.7073425,0.7159536,0.7503015,0.7398431,0.71773547,0.72348493,0.7021646,0.720405,0.70964944,0.72511727,0.72874975,0.71388793,0.71916085,0.7607617,0.73819196,0.6980149,0.6798455,0.72918016,0.69984585,0.7149372,0.7131633,0.702479,0.67343795,0.7573489,0.7278644,0.6924892,0.73289675,0.72332525,0.71345735,0.73010606,0.72076815,0.7298353,0.7033085,0.6990528,0.6873676,0.7336304,0.71614313,0.6779747,0.74895054,0.75918967,0.73336613,0.70872223,0.6937931,0.7277547,0.70212966,0.7161504,0.72041154,0.6788146,0.7282234,0.7037192,0.71607745,0.70439076,0.71677864,0.69018203,0.73130774,0.6831062,0.7367095,0.66755414,0.7110554,0.70616156,0.69298637,0.7049979,0.67071855,0.72431123,0.7490006,0.71512586,0.7302089,0.7548843,0.7511217,0.71851504,0.72483754,0.73004204,0.70297754,0.73651874,0.7167143,0.72508085,0.74881744,0.6946998,0.7020437,0.7048847,0.7364935,0.7471491,0.7063682,0.68959343,0.75247014,0.7078456,0.76083726,0.70022666,0.713472,0.6810194,0.6681215,0.7549061,0.6863857,0.7005115,0.72776693,0.72914964,0.6994225,0.66227394,0.70356643,0.7325629,0.7278135,0.74577,0.6699805,0.7233812,0.7043886,0.70559776,0.7634107,0.72980714,0.71530366,0.7011712,0.7055976,0.67784995,0.7262513,0.7648425,0.7134415,0.71651787,0.692329,0.7108507,0.6847488,0.6928038,0.6570594,0.70185304,0.74135673,0.69925386,0.7977631,0.71044135,0.75551337,0.7165065,0.7081957,0.72496426,0.7136032,0.6670834,0.7396739,0.729352,0.71460587,0.7234195,0.7049179,0.70529956,0.70807654,0.6782836,0.74293035,0.7172504,0.7271383,0.6998365,0.7420942,0.7231059,0.75991654,0.7536604,0.7006492,0.71228373,0.71168745,0.7424294,0.72868097,0.7082751,0.71946806,0.7026399,0.72686946,0.7310801,0.74276274,0.719674,0.70533574,0.75721616,0.74293184,0.72882634,0.7600949,0.72704905,0.7390059,0.7120126,0.7595966,0.75940275,0.70028424,0.69206554,0.75848407,0.744832,0.7077736,0.7338958,0.71149087,0.6908918,0.69136804,0.69800466,0.7251816,0.70493215,0.72551095,0.71095943,0.72299135,0.715995,0.71459484,0.6995121,0.71882236,0.68305784,0.68354535,0.67323434,0.73956966,0.73766357,0.67464894,0.71538466,0.7415969,0.70627654,0.722004,0.73031896,0.7435811,0.7256277,0.71872276,0.6827689,0.7646441,0.7592694,0.70833653,0.7122553,0.7779701,0.6758523,0.7161144,0.6990642,0.73394656,0.69157356,0.7026523,0.7273986,0.6828534,0.7179177,0.71084183,0.6946817,0.70108616,0.6989568,0.70270145,0.7280325,0.6959429,0.7503678,0.715665,0.7447117,0.73366463,0.6893107,0.75351405,0.6998462,0.7310279,0.7190589,0.7555763,0.70330656,0.73454654,0.72835076,0.7134402,0.69368356,0.696008,0.7425909,0.7220418,0.739353,0.77089936,0.66467714,0.7338538,0.7577601,0.7005366,0.7185967,0.73301893,0.7198644,0.7302763,0.72638965,0.7368708,0.7336941,0.7139288,0.74788725,0.6884742,0.67264855,0.72892106,0.7043869,0.72154003,0.7212454,0.72616196,0.7645488,0.6966868,0.7238598,0.6854097,0.73549217,0.7524022,0.7211875,0.78482544,0.71345407,0.7175591,0.7254084,0.70875335,0.68709254,0.73114836,0.67368686,0.72645146,0.71237594,0.6986076,0.70115703,0.693871,0.69783986,0.6997514,0.68420714,0.6749192,0.7074518,0.6957303,0.7447018,0.71602917,0.7144127,0.67466253,0.72385585,0.69539857,0.7327467,0.6709002,0.72946733,0.7189562,0.7108674,0.7597422,0.705959,0.7028331,0.7223296,0.7232099,0.72752887,0.69608724,0.69480217,0.75943017,0.69983447,0.7410112,0.6974113,0.7082988,0.7202665,0.7083982,0.70273167,0.72282934,0.70563054,0.7152188,0.74599737,0.74156666,0.73819196,0.6855019,0.7104404,0.7435534,0.7551192,0.7076155,0.6422931,0.7064196,0.71843415,0.7231878,0.69165874,0.6730391,0.6915951,0.74099004,0.7364293,0.66367626,0.7052305,0.70848817,0.726836,0.7106759,0.68888986,0.744334,0.69704944,0.7235564,0.71889925,0.69570875,0.70557755,0.7005024,0.72065324,0.74386865,0.7068947,0.6986525,0.73046476,0.74161917,0.7223773,0.6995065,0.73966837,0.7334211,0.68227595,0.70669526,0.7115435
