0.48403543,0.4633934,0.42741856,0.488486,0.4547845,0.41467145,0.4285723,0.44371182,0.48792487,0.44349054,0.42845425,0.5009385,0.45668575,0.48326796,0.4821949,0.45843655,0.44029754,0.5038447,0.5121944,0.45921794,0.45948887,0.46108684,0.4733609,0.4672083,0.48104802,0.49184155,0.44595468,0.45042837,0.5036853,0.49774277,0.46684724,0.42113093,0.45583203,0.493899,0.46848625,0.47037172,0.44426498,0.42567986,0.45435697,0.44501734,0.48948097,0.45094875,0.44912076,0.47627246,0.4668954,0.43683228,0.48313776,0.44996652,0.43777823,0.5079423,0.45992395,0.45545775,0.44637215,0.46567932,0.41138318,0.40112826,0.4303613,0.4789121,0.44690496,0.42268217,0.50804234,0.45945758,0.46716183,0.4545673,0.46688715,0.49805078,0.45654374,0.46023813,0.47140592,0.51468265,0.4616841,0.48657992,0.41682684,0.4765872,0.47720233,0.4644428,0.46542686,0.43601757,0.46839446,0.46492842,0.48348552,0.4976927,0.45981526,0.4535515,0.4608447,0.43427935,0.44083914,0.5128962,0.46404117,0.4878186,0.44590613,0.4231184,0.44978186,0.46894997,0.4450229,0.48186964,0.44613424,0.49158126,0.48394367,0.48126364,0.46331298,0.47818127,0.4592259,0.43994427,0.44697437,0.44887936,0.45218375,0.44939458,0.45859897,0.45297855,0.47957635,0.45238748,0.47619167,0.47919723,0.43085417,0.47946942,0.47689277,0.48365325,0.43123713,0.49030358,0.41658413,0.46585947,0.43303978,0.48382097,0.45693052,0.46238717,0.50457,0.454818,0.4445873,0.4304493,0.43618786,0.4767701,0.46297544,0.4494552,0.47836244,0.45883843,0.45006913,0.47847834,0.44819647,0.46564412,0.46482491,0.44236332,0.40074387,0.44787127,0.4774812,0.49637502,0.44210756,0.50537354,0.41409457,0.4320084,0.47451937,0.5121279,0.4655724,0.4716338,0.4137655,0.44938967,0.48178113,0.4312244,0.47978064,0.4705234,0.48094285,0.4462269,0.47454566,0.43896294,0.48040408,0.46576202,0.48403245,0.44748664,0.46564296,0.46871716,0.472349,0.42840976,0.45364025,0.47678447,0.4853253,0.47933903,0.5025943,0.4825577,0.46191797,0.49038005,0.48947763,0.4464993,0.4817447,0.4826384,0.47178897,0.47738743,0.4904783,0.46312445,0.4997475,0.4420035,0.48260006,0.4461714,0.49999326,0.43198153,0.48964974,0.48371345,0.4648463,0.49624732,0.4707965,0.47384623,0.43701205,0.4298944,0.45486563,0.49957296,0.46524483,0.45051473,0.43640164,0.44725674,0.46480608,0.454544,0.47292802,0.47064382,0.4870896,0.500925,0.4752168,0.45280924,0.45331955,0.46699446,0.43956116,0.480336,0.5005401,0.46218884,0.47080752,0.40590414,0.50828016,0.45829228,0.4621694,0.44303545,0.42267048,0.45818532,0.50112224,0.43594167,0.4309738,0.42724216,0.45521197,0.41257662,0.4839049,0.4785985,0.4595144,0.4449349,0.5072139,0.4312188,0.5079451,0.45098937,0.5070538,0.4466002,0.44594336,0.44166887,0.3916668,0.4634697,0.46706444,0.4706949,0.4051195,0.4442113,0.46441853,0.49697435,0.45801646,0.44123837,0.45603177,0.46239424,0.49831557,0.52146953,0.43160737,0.46938163,0.44825685,0.43535647,0.478479,0.5133189,0.45827675,0.46701077,0.43587345,0.47205707,0.44940576,0.49548578,0.48098692,0.46246254,0.43083048,0.4170537,0.5118951,0.49396563,0.45740575,0.45513663,0.4478595,0.46772623,0.46511468,0.4821149,0.47147712,0.45561355,0.4664744,0.45559397,0.5026965,0.49336833,0.41942117,0.46997023,0.42674863,0.44158632,0.45348755,0.49847367,0.5036623,0.46704298,0.4912779,0.46475974,0.44665205,0.42023703,0.49487004,0.46459633,0.44479057,0.4818114,0.4150658,0.4631647,0.41404802,0.5092541,0.5070553,0.45031977,0.45216027,0.47055495,0.45291185,0.463999,0.45847535,0.42647588,0.49487537,0.44606167,0.4368571,0.47029343,0.49605012,0.46938443,0.39992163,0.44224608,0.4144424,0.47667992,0.40988016,0.45829856,0.45796543,0.46543887,0.45624098,0.48881042,0.44228262,0.46622965,0.45093882,0.45541394,0.4524114,0.42809755,0.43460855,0.48757416,0.4524901,0.47976857,0.47029555,0.46356827,0.4429943,0.43409628,0.49022353,0.4572018,0.45953065,0.47913367,0.47801998,0.4610615,0.46772417,0.44021696,0.46394646,0.44038147,0.48508683,0.49811456,0.45939755,0.4415736,0.44539154,0.4413565,0.45380488,0.4603848,0.47807965,0.47063142,0.45321342,0.44785294,0.4549875,0.4668467,0.4725997,0.4769166,0.45235115,0.47682863,0.47434247,0.47813404,0.43321735,0.4556141,0.46415222,0.46639705,0.47655314,0.45613992,0.46432135,0.46664876,0.459998,0.42627734,0.46815103,0.44461572,0.4683967,0.45588326,0.4468174,0.45681977,0.49875134,0.46842694,0.45186397,0.50084215,0.4871554,0.39697003,0.47404262,0.45141405,0.4355548,0.5256898,0.48456696,0.48132318,0.4872771,0.48345137,0.4329147,0.48965546,0.46030414,0.435391,0.44477725,0.4552738,0.4636694,0.456249,0.47619766,0.4868745,0.4581858,0.44849044,0.42360723,0.4558421,0.51024747,0.4145732,0.47392902,0.4122638,0.46877736,0.44730574,0.48799986,0.5014555,0.4581073,0.4762941,0.4788451,0.45831722,0.43598154,0.48656303,0.4874912,0.4462219,0.40240988,0.4592547,0.47005153,0.4562009,0.47587875,0.44016737,0.45087695,0.48851365,0.46016183,0.43420216,0.43869567,0.44073248,0.46314335,0.4560297,0.46415025,0.496737,0.48051727,0.45175466,0.4343983,0.4507556,0.4873592,0.4331929,0.46706235,0.44801986,0.4673198,0.45274732,0.50120693,0.49353826,0.43977916,0.43843842,0.44852737,0.49140453,0.4830944,0.48487112,0.42336237,0.45043936,0.5197552,0.52499306,0.47411767,0.44287166,0.4776501,0.48498115,0.47396386,0.5180253,0.47172648,0.4442815,0.4484236,0.4982571,0.44932145,0.4815838,0.45377833,0.4842708,0.4980382,0.4778201,0.4787145,0.4273378,0.4996825,0.4658582,0.46591127,0.43818307,0.46152282,0.45963776,0.4670492,0.5051896,0.48375088,0.4370848,0.4520235,0.47992167,0.46652725,0.47969314,0.4875647,0.45058215,0.44348344,0.4967724,0.45722634,0.43566573,0.48452663,0.45401087,0.47709954,0.434956,0.44663543,0.46422157,0.48372248,0.49725968,0.50598377,0.46588922,0.47748372,0.5024294,0.43077403,0.47827083,0.4621542,0.5168533,0.47743696,0.43316922,0.4785003,0.50254136,0.44908306,0.44693643,0.50771505,0.4750861,0.4706241,0.4540196,0.41387317,0.4668736,0.4658715,0.44107962,0.4558981,0.47290608,0.47021815,0.4471323,0.44046414,0.47556886,0.43850175,0.53347903,0.470543,0.48480865,0.49796212,0.4407313,0.49190778,0.45787868,0.44276512,0.47607484,0.483565,0.46487665,0.4420888,0.44748265,0.45581192,0.44172788,0.4282828,0.5044184,0.50443316,0.46135134,0.44692913,0.5105963,0.4786229,0.47468546,0.4986462,0.47371298,0.4648174,0.4504281,0.491588,0.47009483,0.5129779,0.5163313,0.46932197,0.4506284,0.44280356,0.46692896,0.46112922,0.4430428,0.43516892,0.45875233,0.47409916,0.46178335,0.46139625,0.4473182,0.47279978,0.46531966,0.45692953,0.47917166,0.50406134,0.42284638,0.46899477,0.47742733,0.45739308,0.4660715,0.44594368,0.45403132,0.47485358,0.4608556,0.45117965,0.50207,0.50347716,0.4849581,0.46934834,0.4801603,0.42773616,0.5010298,0.46520722,0.49459952,0.4367048,0.4344896,0.4340596,0.45944268,0.45310253,0.49714494,0.4520773,0.48421547,0.4675212,0.44284678,0.47058162,0.46721748,0.4281345,0.42232716,0.43090388,0.45992407,0.4697642,0.45073077,0.4659455,0.44873407,0.46239948,0.4484281,0.49521434,0.47592545,0.45967114,0.45678958,0.4571243,0.4634166,0.51594996,0.47730172,0.45385158,0.47131664,0.46305907,0.41697463,0.48549142,0.48637855,0.45035666,0.46111894,0.46721977,0.4843254,0.42922324,0.4489795,0.45393702,0.4459123,0.4974745,0.4555274,0.429506,0.4720617,0.47122803,0.47971612,0.4265051,0.42294708,0.4963029,0.45920604,0.46196908,0.45227635,0.4554295,0.50984085,0.49746886,0.45930302,0.45751888,0.43209922,0.48628455,0.47587454,0.52278084,0.48441577,0.5015538,0.4525243,0.4502566,0.44707128,0.4291741,0.48097897,0.4540965,0.48025414,0.4617324,0.47426224,0.46703285,0.49003595,0.48460495,0.4364757,0.47677255,0.46681115,0.50257957,0.47231063,0.4648714,0.45108947,0.45280877,0.4110103,0.46091235,0.4702807,0.44110158,0.45338345,0.45904875,0.43554452,0.45503998,0.4995945,0.4908579,0.46938708,0.46947137,0.4435784,0.45897323,0.46202037,0.48483512,0.48384032,0.46680355,0.45649123,0.4581477,0.43613896,0.43928954,0.4685846,0.45041236,0.46978477,0.49032533,0.4567353,0.44898617,0.44279575,0.4684897,0.48454833,0.39589858,0.4468717,0.4246989,0.45765442,0.4688257,0.41518462,0.4178176,0.42655528,0.42402023,0.40456066,0.43291718,0.4560595,0.49491465,0.46972093,0.44829455,0.48345715,0.47525984,0.51286334,0.4591985,0.46988398,0.4441028,0.5007973,0.4672702,0.46497738,0.4852633,0.4750408,0.43072382,0.4602998,0.48873034,0.48871195,0.4871299,0.45570952,0.4330203,0.45590568,0.45615155,0.4631313,0.42454875,0.45838755,0.44391105,0.4529451,0.5021826,0.45647207,0.49227104,0.47109666,0.46550786,0.50614846,0.47796112,0.49196264,0.46332732,0.42365697,0.4944537,0.4411589,0.41854936,0.48476666,0.4453296,0.48395205,0.44501722,0.46810052,0.4278204,0.47263873,0.46074563,0.49650228,0.42987218,0.4820482,0.44208983,0.44987124,0.44442263,0.44894654,0.44064468,0.45894557,0.45289072,0.49615628,0.49847454,0.48629123,0.4557732,0.49362028,0.47454107,0.44403183,0.46934643,0.5049315,0.4520041,0.46635377,0.47385755,0.46870255,0.4768238,0.47233886,0.47569558,0.4329003,0.44467777,0.46159917,0.45377085,0.42186534,0.48004743,0.5098034,0.45882934,0.46891415,0.44253588,0.48130283,0.436063,0.4402879,0.4460106,0.45165622,0.47305912,0.47251886,0.46519077,0.4445773,0.47867024,0.43244258,0.46791312,0.42959213,0.46719632,0.4706509,0.4207965,0.46897906,0.43560967,0.51565033,0.47609168,0.45582277,0.47934696,0.43288013,0.46678767,0.47563803,0.486573,0.48503307,0.46581453,0.4511406,0.4974187,0.4850797,0.47181916,0.4015554,0.44929433,0.42276576,0.4868831,0.4323296,0.46943027,0.47106194,0.4098153,0.4188004,0.46655837,0.46342525,0.4800194,0.4165438,0.50007826,0.47192934,0.39106846,0.49012345,0.46589875,0.45470822,0.49626184,0.47968566,0.46889526,0.44965708,0.5234523,0.4448336,0.4585101,0.47192633,0.47424603,0.47656542,0.50922555,0.47402996,0.46963385,0.49426764,0.46536544,0.49506274,0.44498873,0.50322634,0.4265691,0.46398565,0.44358745,0.4752096,0.47534093,0.4436102,0.49659562,0.4466092,0.46208096,0.46608633,0.4385051,0.45515344,0.46684885,0.4423396,0.42745563,0.47052774,0.4692097,0.47854477,0.43555138,0.47065198,0.45349103,0.492238,0.480262,0.46451968,0.46109474,0.52658117,0.45205298,0.46404868,0.46023497,0.47961622,0.4649094,0.43776542,0.47445387,0.47547543,0.49993464,0.43464458,0.47859398,0.45041224,0.4840899,0.47595763,0.5021165,0.4627613,0.4612484,0.46903455,0.46657795,0.4578544,0.47618034,0.4591576,0.47054127,0.4159873,0.4578743,0.43155438,0.4777598,0.48443785,0.4810838,0.46816677,0.47005546,0.44835573,0.48660177,0.47615042,0.45787072,0.43985742,0.44999135,0.48413968,0.48209408,0.48316127,0.48994267,0.43090832,0.49036783,0.47493917,0.5104104,0.52178794,0.45666453,0.4322611,0.47187266,0.4505216,0.4534495,0.46469003,0.451555,0.40506214,0.44165242,0.4515001,0.48229343,0.4583537,0.49289316,0.4242754,0.4737618,0.45344415,0.40682107,0.45301953,0.42592743,0.45737597,0.4974846,0.452632,0.4792664,0.48740283
0.40857542,0.4160596,0.4496087,0.44797486,0.44233063,0.41412142,0.45568532,0.43780896,0.41334194,0.4152599,0.43862346,0.49454975,0.39944005,0.4725662,0.44322222,0.47971776,0.4497658,0.44962034,0.46424443,0.41116813,0.41283903,0.4208786,0.45214,0.41142833,0.4692562,0.43468016,0.42821607,0.42051968,0.42545283,0.43162286,0.41854322,0.420305,0.41084084,0.44420308,0.4316125,0.45472968,0.43243462,0.40288818,0.436253,0.42668915,0.44586363,0.40697488,0.4309556,0.4294201,0.43522644,0.43526015,0.43184027,0.438065,0.41688743,0.45178497,0.46317533,0.40500936,0.42469785,0.46421516,0.39576793,0.4052538,0.36426365,0.46290082,0.4596492,0.4044997,0.43422765,0.41941547,0.46470845,0.42436758,0.4404769,0.44332227,0.40815875,0.47108662,0.36981744,0.43544626,0.4080878,0.4701077,0.46315107,0.46599787,0.4246585,0.42608443,0.3938465,0.40520126,0.44381353,0.4164675,0.42326707,0.386084,0.42102438,0.4236608,0.43804902,0.45488948,0.42172202,0.45988703,0.4432833,0.40871975,0.45104638,0.4251296,0.41094187,0.43037578,0.45122778,0.43685624,0.45060906,0.48216054,0.4275256,0.42940983,0.42904174,0.46602067,0.41385978,0.4011369,0.45599854,0.42899337,0.41052192,0.43308458,0.42137712,0.39396572,0.44555515,0.4312841,0.4568776,0.47296736,0.44285873,0.44390377,0.44590896,0.42500225,0.40631837,0.4569733,0.39660174,0.44962677,0.45049378,0.41364115,0.39732862,0.3831382,0.43413025,0.45363325,0.42103025,0.43745235,0.40589592,0.43222708,0.4409259,0.43319163,0.44546995,0.43897855,0.42333788,0.41084084,0.4219796,0.4305745,0.45726594,0.4583372,0.4307426,0.42629224,0.38728797,0.4331463,0.44298828,0.418144,0.41502428,0.4402671,0.41957018,0.48135188,0.41844773,0.42105302,0.44467628,0.42113417,0.4412477,0.43479815,0.42545527,0.4373374,0.42666224,0.40831903,0.4407045,0.41885746,0.4336524,0.42975995,0.45984048,0.39754283,0.40982085,0.43560332,0.46355608,0.47467804,0.44014943,0.45964742,0.40458387,0.42276746,0.42657527,0.45807788,0.412538,0.43418235,0.42149377,0.40392923,0.4357679,0.4524607,0.45759898,0.41968685,0.4740867,0.4141579,0.43166533,0.43277434,0.47135127,0.43325952,0.4274752,0.39574283,0.44205743,0.44551072,0.42669767,0.46049207,0.45453003,0.44491762,0.42097795,0.41611236,0.43641442,0.43623948,0.41597563,0.40765065,0.45532188,0.42920488,0.4388662,0.42726067,0.41648108,0.44512895,0.39973173,0.44876787,0.38305652,0.402503,0.43866408,0.46442485,0.40288228,0.42817244,0.4936126,0.3952597,0.44054294,0.44116026,0.45510975,0.43363398,0.45507777,0.41408876,0.42929855,0.4316943,0.4168053,0.45792332,0.44551504,0.41056758,0.4385303,0.43186474,0.4136895,0.41665497,0.4517989,0.44338688,0.44638598,0.39467835,0.39038944,0.42164028,0.41993272,0.41576937,0.43656278,0.39546824,0.4156429,0.42274344,0.41744453,0.45443964,0.40161383,0.3942829,0.4560706,0.500724,0.39310053,0.40472117,0.41395074,0.4358716,0.42926636,0.43694603,0.41221592,0.40729332,0.4306678,0.43136692,0.44168565,0.45931306,0.44427472,0.42881614,0.41773584,0.4645692,0.468778,0.43907323,0.45183083,0.42754596,0.41946715,0.41070926,0.4414406,0.44579095,0.48460346,0.43924287,0.43738616,0.4163721,0.4146343,0.42552412,0.4298887,0.45131806,0.41906548,0.41328466,0.4563787,0.4592322,0.39647764,0.40715158,0.40084064,0.4094873,0.42656744,0.42240748,0.46982765,0.43632168,0.44181305,0.4580664,0.44662946,0.4365481,0.4201251,0.41134813,0.44234398,0.45789248,0.42390996,0.48577312,0.4222773,0.43831366,0.40736648,0.47927454,0.44667187,0.40659243,0.40005782,0.438255,0.42936832,0.40099353,0.47528347,0.46669066,0.41605842,0.4581401,0.4475365,0.40439448,0.42255336,0.4282515,0.39997286,0.4022886,0.41082618,0.46052104,0.40166843,0.4578496,0.41288596,0.48737738,0.42444962,0.4173334,0.41080886,0.45832908,0.44426408,0.43264663,0.3994299,0.42681882,0.46424577,0.4326976,0.42856964,0.4624458,0.42187747,0.41416693,0.4207227,0.42928383,0.4295774,0.45707044,0.40950024,0.4331259,0.412814,0.43569836,0.42455,0.41106895,0.41817188,0.43145317,0.44106686,0.41329342,0.4207145,0.44953385,0.41662782,0.40099508,0.4185783,0.4251388,0.44005767,0.43286544,0.41818476,0.4155838,0.41390622,0.44467175,0.45242217,0.43800214,0.47611058,0.4296659,0.42877892,0.4696802,0.45580402,0.40687498,0.44606102,0.44518673,0.42129034,0.4263527,0.43984523,0.43202004,0.43120915,0.42853943,0.44302854,0.43307036,0.42473564,0.42649785,0.4485187,0.4436501,0.45615473,0.43495533,0.42264533,0.4029814,0.4348707,0.40621033,0.45977375,0.43882424,0.4343064,0.4440753,0.42430872,0.43854663,0.45804793,0.4490768,0.4471359,0.4103205,0.41111845,0.42545974,0.44342473,0.43830413,0.4204685,0.4586496,0.43574798,0.44154555,0.44981998,0.40650108,0.43258166,0.41276696,0.42331055,0.4043876,0.41407055,0.43707013,0.41429192,0.45958522,0.42504287,0.44841462,0.4151936,0.43211278,0.40177816,0.4373153,0.4614679,0.44947147,0.40806288,0.45762822,0.41619688,0.43870866,0.44418103,0.47960296,0.4477753,0.43350974,0.38353425,0.40107447,0.45352298,0.44433272,0.43560624,0.40103108,0.42649516,0.4304923,0.46497282,0.43564022,0.41857183,0.4269262,0.46559024,0.4329115,0.44308367,0.4655286,0.42124474,0.45233494,0.3897469,0.44217673,0.417554,0.4691422,0.46599013,0.4300194,0.42966995,0.43585747,0.43562198,0.38993582,0.45474702,0.44897288,0.43552262,0.43253806,0.41447514,0.41874462,0.45196283,0.42679566,0.42570674,0.42614955,0.4332968,0.44414687,0.41471207,0.41081387,0.4134199,0.41299883,0.44323897,0.43182436,0.45836443,0.40715057,0.455015,0.42360675,0.44512802,0.43963078,0.4140363,0.44738185,0.4187276,0.42847303,0.4422289,0.41218978,0.4614517,0.4593982,0.470105,0.4317661,0.48030055,0.41345295,0.41801858,0.42191786,0.4109196,0.4613235,0.46940273,0.4239152,0.40935832,0.42249566,0.40061635,0.42535752,0.4388252,0.45523515,0.44717085,0.41184518,0.42605954,0.46935767,0.4281521,0.40172702,0.4291864,0.41788873,0.42641297,0.39752036,0.43766743,0.43287784,0.46071288,0.41638264,0.44015038,0.46320128,0.44037604,0.40536258,0.38970006,0.43959153,0.41590536,0.43720755,0.46359882,0.4447352,0.45871153,0.4476888,0.433586,0.4228978,0.42166412,0.47875902,0.4479387,0.4300301,0.4346257,0.41033915,0.441812,0.4268785,0.42543712,0.41343385,0.43320563,0.43123797,0.44038212,0.4287463,0.43675554,0.4272385,0.4624891,0.4506914,0.4786597,0.39037153,0.4135498,0.4660928,0.44096863,0.4167294,0.45884633,0.45599818,0.45358232,0.4115186,0.47370568,0.4301485,0.4621768,0.4417403,0.42786092,0.45182374,0.38731128,0.4353566,0.45505437,0.45607013,0.42742592,0.39422765,0.47368693,0.40174046,0.40885502,0.40067187,0.40813777,0.44388363,0.42996654,0.3964995,0.4559878,0.45421416,0.46053767,0.45080063,0.4080236,0.42439473,0.42018053,0.39998624,0.47969294,0.47206205,0.43432355,0.42360085,0.40663758,0.41030157,0.37173507,0.44348782,0.44824326,0.44278675,0.44112623,0.45348305,0.43927923,0.41915748,0.45571724,0.42350835,0.4147523,0.41461375,0.39955926,0.41754866,0.43691036,0.40209466,0.42186558,0.4333101,0.39948452,0.42555106,0.41652972,0.48457712,0.45313233,0.43939948,0.40769997,0.42333788,0.42182916,0.40812096,0.41968107,0.38055056,0.4310775,0.41357517,0.42532003,0.41718826,0.41128772,0.42475113,0.42628932,0.4572274,0.42170727,0.4172155,0.46809942,0.43935648,0.4590631,0.44989127,0.43286115,0.456936,0.42036885,0.38356885,0.38455063,0.4135044,0.47286618,0.42855257,0.43468475,0.45205134,0.43683892,0.42479086,0.40661216,0.39571086,0.43573624,0.43600267,0.41672808,0.42993164,0.42706588,0.45209295,0.43292588,0.4704309,0.41215792,0.4302172,0.43158716,0.44668755,0.4318589,0.46116978,0.43427488,0.4242638,0.42819852,0.44880638,0.42535427,0.43467212,0.4180459,0.43626937,0.41384786,0.4218944,0.4249726,0.39756864,0.4582869,0.42840195,0.4570146,0.41595632,0.41291517,0.40291777,0.437401,0.44992948,0.42247787,0.42223096,0.50205916,0.42385468,0.41187173,0.4448786,0.44374135,0.43960595,0.44361722,0.4600382,0.47115618,0.42601237,0.41129676,0.4393485,0.46958184,0.44346008,0.45079154,0.43438536,0.43533066,0.4478138,0.4280195,0.41832128,0.4385868,0.42954457,0.4102026,0.4029864,0.5036646,0.41680223,0.4336438,0.42667025,0.44389945,0.4566314,0.4288629,0.439663,0.4061503,0.42156187,0.41309983,0.3908007,0.4008063,0.44154269,0.4070537,0.43858802,0.44561204,0.43675587,0.42402953,0.42612457,0.40698197,0.4798379,0.45404717,0.43651268,0.4293381,0.4193802,0.3873244,0.39529842,0.44196922,0.4100418,0.46841663,0.4124536,0.42381063,0.40470725,0.43032718,0.40913492,0.42289597,0.43792763,0.44627187,0.45712107,0.43431956,0.4382487,0.40947837,0.42246714,0.42453834,0.42037636,0.43657288,0.44228634,0.4578429,0.4294904,0.46994954,0.43749967,0.391112,0.4600999,0.41853902,0.45387453,0.41100174,0.4207561,0.40528026,0.43474287,0.392258,0.45101303,0.44892114,0.4581891,0.46026015,0.4187619,0.4165816,0.41853198,0.4406058,0.4609895,0.44193578,0.42001492,0.43442452,0.43718597,0.4181861,0.4150117,0.40491018,0.44813585,0.45134646,0.44846043,0.44124472,0.40932858,0.416906,0.4241585,0.4294987,0.44792283,0.37937212,0.43638158,0.42761046,0.42581135,0.41034666,0.43414387,0.4295712,0.3913518,0.4380008,0.3950336,0.47522244,0.42635775,0.45773724,0.39472374,0.44852638,0.43233424,0.4157052,0.41254386,0.44151813,0.4581119,0.4367336,0.43023998,0.40689868,0.4351254,0.42349368,0.4126542,0.4070042,0.4344705,0.43654573,0.41831893,0.39994442,0.44439697,0.40317807,0.41444534,0.4333776,0.43782836,0.42841193,0.3811577,0.42297605,0.45496154,0.46699306,0.4760594,0.42775676,0.4229699,0.4354924,0.40096858,0.42803082,0.42449808,0.457355,0.4226952,0.4415965,0.40555885,0.39256373,0.4316578,0.41619924,0.44966245,0.38259542,0.43197337,0.42448065,0.4206729,0.4244527,0.37306046,0.40089706,0.41761696,0.41408348,0.448253,0.44899786,0.44165614,0.45997676,0.43003407,0.4396808,0.4446549,0.42934436,0.41051567,0.42522198,0.4148419,0.40942296,0.45721805,0.45858887,0.4161198,0.4163159,0.4783992,0.41964555,0.43798253,0.3914807,0.4428786,0.425592,0.43487433,0.44243258,0.43846086,0.42527413,0.44593766,0.4072898,0.44488454,0.43722248,0.4575327,0.4431604,0.39345616,0.45908368,0.43004787,0.4176322,0.3688632,0.4642918,0.42021382,0.42633343,0.43835247,0.45173353,0.41819656,0.44082063,0.3996315,0.4743928,0.4392511,0.42878592,0.43109965,0.4150387,0.43186122,0.40011784,0.45978472,0.46459463,0.42075345,0.40147918,0.41412416,0.43431765,0.404309,0.40969604,0.3685383,0.4694031,0.4395713,0.4417706,0.4167372,0.4337205,0.40312544,0.44056737,0.48647606,0.4101029,0.44988668,0.415082,0.4158828,0.44167784,0.4325663,0.43647414,0.44773483,0.42335695,0.43763936,0.43890676,0.45170927,0.42441908,0.42621252,0.47796226,0.46988127,0.42746508,0.43818185,0.45511103,0.40063226,0.45377535,0.42020205,0.44396675,0.48874778,0.42813218,0.45729482,0.40687,0.38886264,0.44008398,0.42970034,0.4377941,0.43195733,0.43853915,0.39045623,0.44820055,0.44412017,0.4267399,0.4400859,0.46683985,0.4055989,0.4375565,0.4085667,0.39969665,0.42144668,0.4376919,0.41017088,0.41039592,0.45533338
0.45643455,0.44161332,0.52170855,0.49476537,0.46188515,0.4454543,0.47515106,0.45918784,0.4631928,0.4129301,0.46127596,0.48055047,0.4712023,0.49434656,0.5058938,0.47616607,0.45512423,0.48334813,0.48705938,0.4474207,0.46116653,0.47323456,0.4475477,0.45008695,0.47770768,0.46481422,0.43864438,0.46456343,0.4594356,0.47825778,0.42240733,0.46816707,0.4450552,0.48797613,0.45757157,0.47163954,0.45779952,0.44630885,0.44937122,0.4514776,0.47818658,0.40973756,0.4886067,0.46386176,0.505331,0.47558588,0.4579017,0.43757832,0.4593605,0.4958412,0.47577637,0.4276967,0.43224922,0.49093375,0.4432758,0.4141382,0.41343367,0.48033524,0.4625253,0.43893108,0.48835585,0.4540576,0.47352493,0.47702697,0.49479142,0.49407798,0.46972793,0.5029483,0.43407765,0.46734458,0.40740842,0.49755523,0.4659679,0.50193787,0.50634664,0.44774547,0.44871286,0.42450875,0.4599481,0.46252033,0.46238342,0.46297175,0.4482001,0.464069,0.4451347,0.4623617,0.457873,0.4698674,0.4507413,0.47348803,0.4764505,0.4875126,0.43851796,0.4689354,0.4486373,0.45225987,0.47788653,0.49339944,0.46283472,0.46383673,0.48500943,0.4685114,0.4621967,0.4442897,0.46810633,0.47600082,0.46938974,0.448366,0.44121608,0.44785792,0.48500532,0.47214642,0.46016783,0.508085,0.47752306,0.47922927,0.4977921,0.4657067,0.4616474,0.5065171,0.4542408,0.48133048,0.46267286,0.42758733,0.45871022,0.43407252,0.5028685,0.47605357,0.4611114,0.445692,0.46003512,0.45875096,0.45022961,0.46611807,0.4802354,0.4914881,0.42773122,0.45282683,0.48410258,0.45339647,0.45657104,0.4715683,0.42409176,0.46213222,0.43413466,0.48367602,0.46362376,0.47483233,0.44587904,0.45077157,0.456249,0.4880957,0.46481013,0.44802454,0.44105268,0.45904672,0.45861253,0.4470538,0.4521886,0.45817873,0.46086878,0.45871705,0.48346978,0.44880342,0.4703179,0.47393382,0.4838344,0.4223373,0.46395475,0.47605252,0.52212524,0.45693696,0.49689776,0.4760601,0.4530504,0.44941252,0.46950802,0.52098984,0.4642286,0.4767706,0.47595093,0.41236335,0.451435,0.49711165,0.47893333,0.4690388,0.50270414,0.46131063,0.4874066,0.41842014,0.45704105,0.46947098,0.43598512,0.44229499,0.4793348,0.45040104,0.4559772,0.49002996,0.478323,0.45467415,0.46845776,0.48515978,0.45611283,0.51764214,0.46919793,0.4394208,0.49520898,0.43476337,0.46504083,0.46900237,0.44487205,0.47520703,0.4789133,0.45702535,0.40400678,0.4460364,0.46853876,0.511545,0.4264283,0.4604657,0.5210197,0.44412622,0.47425026,0.44844997,0.4907827,0.46325928,0.4873163,0.4449511,0.44570306,0.47948593,0.47930208,0.44025418,0.44233778,0.459859,0.45526263,0.46193814,0.4495843,0.47823605,0.48578158,0.49964902,0.4824059,0.43297932,0.44565678,0.44551942,0.48324096,0.44288066,0.48370263,0.4379393,0.43578175,0.43951923,0.4779029,0.4702137,0.41471016,0.42284933,0.5050312,0.5081407,0.4533901,0.43579495,0.44382513,0.47652835,0.48116297,0.47543237,0.45984116,0.42768198,0.45351616,0.44043285,0.4856709,0.5076828,0.45923075,0.50216544,0.4371386,0.48069072,0.47458392,0.4610303,0.45858866,0.44649893,0.47934276,0.43367976,0.47091696,0.4814669,0.49668738,0.46564344,0.4545237,0.4463104,0.4747283,0.482996,0.42543578,0.46574378,0.4581604,0.4513823,0.4992613,0.49124447,0.42135382,0.43975204,0.41734558,0.45122725,0.48325986,0.48065674,0.508108,0.4723497,0.46725193,0.44828215,0.46139777,0.47506392,0.46728134,0.49030674,0.45512176,0.5025499,0.4981633,0.515738,0.43091726,0.47847727,0.4532884,0.48266232,0.44743592,0.47891688,0.44234884,0.4757799,0.45788738,0.42734012,0.5103501,0.46989405,0.43160567,0.48995465,0.48056924,0.43330747,0.4330783,0.47506782,0.41360444,0.45004097,0.43219697,0.4840676,0.4742298,0.46518555,0.4511746,0.51570296,0.46834844,0.4475242,0.46083513,0.45795262,0.45882303,0.43141538,0.43465874,0.45852536,0.5052447,0.4868787,0.45200926,0.4534884,0.39949533,0.44271457,0.47898778,0.46308953,0.46863657,0.46780363,0.4347229,0.47273284,0.4463768,0.4561219,0.4790432,0.4627828,0.43529123,0.48705667,0.4606213,0.47069418,0.45698142,0.4879848,0.43672633,0.43487567,0.43375516,0.46496204,0.44682214,0.43803692,0.40032786,0.4527815,0.4795015,0.45711493,0.45430773,0.46489027,0.49497023,0.48439926,0.4579906,0.47332513,0.4913221,0.46625012,0.5134304,0.4659594,0.46024847,0.47210732,0.4558558,0.46052754,0.47040272,0.47419792,0.4852124,0.46764135,0.45282093,0.45099345,0.46314842,0.46196482,0.46370947,0.49662504,0.48333627,0.4325107,0.4574276,0.49263683,0.4835064,0.4892392,0.4578581,0.46499044,0.44355708,0.49651125,0.47686857,0.5154484,0.44672087,0.44935262,0.47294348,0.4733875,0.47376806,0.48193237,0.49921918,0.49791852,0.4652557,0.4679096,0.44938368,0.4162311,0.50407594,0.4297037,0.43988627,0.44880435,0.4440894,0.45443085,0.47706595,0.51132333,0.447777,0.4958719,0.45860887,0.45178846,0.4506767,0.46744236,0.46867794,0.48165196,0.42912123,0.48141533,0.4877073,0.4471546,0.47301775,0.50953674,0.4804765,0.47580862,0.45366365,0.44589967,0.5078384,0.46777368,0.47109297,0.46694112,0.4670396,0.44922173,0.48375434,0.4150381,0.43749332,0.45462567,0.46482003,0.4755686,0.48130792,0.45987192,0.46288106,0.47766763,0.45707002,0.46637547,0.45292217,0.47572178,0.49829692,0.484058,0.45272923,0.44524753,0.47163334,0.4497409,0.49762425,0.4819329,0.49872595,0.44795075,0.46290484,0.4448838,0.4799382,0.44751045,0.45774683,0.4745154,0.4716895,0.48110646,0.45617723,0.48200157,0.4682136,0.47158784,0.49746752,0.48788518,0.4977988,0.4967086,0.49481264,0.4804484,0.48916784,0.45352834,0.43350047,0.4746459,0.44358176,0.4939599,0.48405275,0.45712137,0.46083295,0.44094402,0.47260982,0.4623477,0.46335268,0.44472033,0.4767143,0.48904637,0.44225657,0.4679457,0.4977538,0.45410982,0.45740655,0.46643558,0.43006307,0.45697942,0.47981107,0.49717668,0.47987735,0.42337313,0.45918137,0.49130067,0.44941226,0.47066233,0.47357875,0.44772682,0.44839722,0.44496042,0.46597594,0.46039355,0.49024567,0.45595992,0.4929922,0.47997835,0.46681276,0.4493607,0.43360746,0.46134943,0.43669206,0.47486418,0.4749624,0.4743915,0.4636375,0.46528685,0.47189748,0.4494294,0.43383318,0.49546313,0.47137198,0.47904202,0.48684308,0.45422554,0.4803155,0.45074666,0.45267448,0.46875596,0.48950136,0.46446288,0.49100882,0.48283553,0.47828844,0.4546962,0.45601785,0.47607872,0.48789933,0.43082383,0.4312846,0.51537544,0.4649198,0.45945346,0.45853925,0.48344532,0.4728435,0.46318746,0.47942096,0.48393428,0.49633363,0.47369558,0.47075555,0.4784147,0.44682303,0.45738176,0.4493599,0.46358526,0.43971527,0.4670539,0.45907465,0.4137167,0.4350942,0.41848615,0.44954517,0.45057666,0.47246635,0.47402453,0.46152097,0.4541138,0.49651408,0.4699397,0.44518688,0.48339126,0.46755412,0.4292205,0.49656013,0.49201584,0.4453152,0.48283818,0.4800311,0.46793962,0.42590326,0.47889537,0.4622744,0.49595,0.4562319,0.49326298,0.4515267,0.46167448,0.45511326,0.45722485,0.45641047,0.4495804,0.4288494,0.46322876,0.44877326,0.40706852,0.4905739,0.48197526,0.45798427,0.4571407,0.48410702,0.5035737,0.46794465,0.46580553,0.43746376,0.4473664,0.45892796,0.41719306,0.46105507,0.3969021,0.47602215,0.46191844,0.44530445,0.44472855,0.45579255,0.46015054,0.42522836,0.44052637,0.4570386,0.44315344,0.47911763,0.47544667,0.47411138,0.4762383,0.4516899,0.47665617,0.47172213,0.4193945,0.43961042,0.43100715,0.49869832,0.45223945,0.44460326,0.47622624,0.4769788,0.476076,0.4454736,0.46011624,0.48964757,0.48598182,0.47078726,0.44265777,0.46960163,0.50658983,0.47971088,0.4848244,0.47244883,0.46984574,0.47825453,0.4997046,0.45755306,0.4972446,0.47251397,0.44573095,0.45945877,0.48853636,0.44373226,0.46035877,0.48198768,0.4857634,0.49422228,0.43886757,0.45312133,0.4291478,0.51147413,0.46816975,0.49705076,0.4144646,0.48520294,0.44583982,0.4539288,0.45885205,0.4869998,0.45089075,0.4794226,0.44238424,0.46234486,0.4713888,0.46254507,0.42978266,0.48949596,0.5014226,0.49687764,0.46084398,0.4429649,0.48552215,0.48489404,0.5022594,0.49054077,0.47157532,0.45075783,0.48360717,0.46090716,0.47258863,0.43736237,0.45528153,0.4502303,0.45529664,0.51411414,0.48864233,0.48884878,0.45609564,0.45595,0.4751951,0.42282858,0.43883628,0.4362901,0.47922975,0.43155938,0.4176113,0.4377473,0.49540854,0.44298175,0.46220228,0.44155866,0.47537625,0.47954383,0.45400158,0.47339284,0.5183453,0.46723524,0.48641393,0.4761892,0.4626675,0.41627386,0.46206406,0.47242826,0.47220445,0.5090068,0.44557282,0.4555003,0.43743387,0.45752043,0.4521197,0.44335055,0.42760637,0.4798416,0.50042176,0.4556135,0.48031408,0.4622378,0.47661814,0.4727839,0.48111862,0.4832477,0.4541773,0.5011694,0.49582496,0.478161,0.45544124,0.44429922,0.49096438,0.4318791,0.4842345,0.47796813,0.47937092,0.45947683,0.47857744,0.46951643,0.45534033,0.49691465,0.5077983,0.46507788,0.4644412,0.44641215,0.47298962,0.46403357,0.46952042,0.49410373,0.46293592,0.4591375,0.4720941,0.4348845,0.4209752,0.42163628,0.49104884,0.48227334,0.4613542,0.48139808,0.45766753,0.48707172,0.47316352,0.44690436,0.47868457,0.432945,0.44959182,0.44013265,0.48081434,0.42283404,0.48494437,0.44513077,0.42581207,0.44059682,0.439875,0.48264378,0.44811687,0.50532806,0.47010398,0.4913924,0.48011845,0.48449528,0.48000827,0.46463248,0.4896565,0.4518115,0.4702844,0.42068967,0.48749703,0.46949157,0.4144578,0.4659671,0.43525666,0.45413402,0.45943993,0.44886982,0.4446926,0.4386751,0.44475693,0.4644456,0.47617304,0.48205185,0.45266452,0.47456652,0.49380222,0.44846871,0.52884316,0.5081402,0.4620908,0.48315212,0.42810923,0.4498821,0.47924635,0.4587904,0.45484722,0.46367693,0.4365665,0.4630792,0.46603382,0.4480995,0.4715431,0.41729575,0.43881586,0.47240588,0.49281293,0.46887112,0.40307704,0.46085614,0.4476,0.43260372,0.47302115,0.5020182,0.45996773,0.47912663,0.4494919,0.46192652,0.44406644,0.46410316,0.45578352,0.47174656,0.49343237,0.44646347,0.49319363,0.47498596,0.45878303,0.46137547,0.48608994,0.4625574,0.48115444,0.4527336,0.5134522,0.4518812,0.48277807,0.47096443,0.4827066,0.47940272,0.45468155,0.46761233,0.42328435,0.47919568,0.49945018,0.48312923,0.43812212,0.4650523,0.48743626,0.43902645,0.4181211,0.487754,0.45783055,0.47632793,0.4978335,0.45510015,0.46317828,0.47953522,0.46460503,0.5116055,0.48148912,0.48373806,0.48942187,0.4501288,0.48116958,0.45526335,0.46003285,0.49702406,0.46288416,0.48819554,0.49475914,0.45597285,0.45434707,0.47055897,0.43824872,0.4812835,0.46216437,0.48083806,0.46681193,0.4495018,0.43500918,0.48262712,0.51263326,0.46489847,0.46362597,0.47527975,0.4626184,0.44177812,0.4721471,0.4900697,0.4593844,0.45891434,0.4538467,0.5303827,0.496337,0.44430023,0.4685806,0.5003046,0.4961933,0.4445113,0.49830636,0.45951283,0.44657177,0.50718087,0.4752942,0.40957978,0.49568945,0.46216634,0.4958149,0.47469094,0.46748352,0.46185976,0.4861141,0.4659222,0.40873933,0.4517121,0.4338618,0.49424937,0.46655497,0.4489907,0.45544618,0.44718656,0.45099044,0.4304145,0.44054672,0.4584194,0.45391706,0.458206,0.4242113,0.44417998,0.4876932
0.40051034,0.3895783,0.43450725,0.42175996,0.4196726,0.40571102,0.369558,0.3884774,0.4142706,0.37917203,0.43918607,0.40366897,0.4121498,0.42268994,0.4397996,0.37531856,0.38913247,0.4419717,0.38227543,0.38921633,0.42852688,0.37743723,0.4060702,0.37655473,0.37644804,0.39969477,0.41390884,0.39879423,0.4533453,0.4259805,0.3753402,0.39442912,0.38399094,0.45600015,0.3944065,0.41967553,0.4000786,0.3754531,0.38515455,0.42630696,0.44045973,0.40076,0.38229766,0.38781106,0.42206764,0.3785652,0.45809174,0.42104888,0.37971735,0.39847812,0.41530132,0.39916664,0.4098766,0.40377247,0.41413048,0.38752657,0.39340872,0.42504737,0.4251752,0.3878963,0.42649484,0.41465876,0.39213163,0.40979838,0.37676203,0.38683808,0.39441717,0.40790224,0.41460606,0.4185599,0.3965164,0.40127113,0.34917694,0.4211833,0.41774637,0.39867818,0.43851474,0.39878163,0.40889773,0.40295786,0.3901395,0.43788216,0.37811482,0.39475012,0.3780554,0.36327595,0.43255407,0.4512077,0.37217733,0.41984597,0.39629957,0.3905814,0.4120222,0.40486357,0.40311992,0.39173347,0.41651312,0.38820666,0.40380174,0.39055872,0.4252177,0.38586128,0.40891355,0.42617482,0.41322878,0.42965913,0.44838607,0.3839509,0.39528683,0.40875024,0.39443684,0.41465816,0.40037522,0.4054016,0.39343175,0.443036,0.41538322,0.39651117,0.38893953,0.3937792,0.37738207,0.4045459,0.37878573,0.3936305,0.40264452,0.43382272,0.43996772,0.3977458,0.41541594,0.38445598,0.43597007,0.4567481,0.3804513,0.38659677,0.40661192,0.4056926,0.39460266,0.38495448,0.40770844,0.3951621,0.38377708,0.40359554,0.38545695,0.4318598,0.4350298,0.46371228,0.40874994,0.38325566,0.38136926,0.37594172,0.39318323,0.4122028,0.37269193,0.43624473,0.3840853,0.42957267,0.43181512,0.37450013,0.41924053,0.43491146,0.36567247,0.40727967,0.41016087,0.43595755,0.4102762,0.43745995,0.39851356,0.39322457,0.41848424,0.40728024,0.43062535,0.39232013,0.4123338,0.41816407,0.39657143,0.39393285,0.42615455,0.44106472,0.4577353,0.38889223,0.4321521,0.39944804,0.43652722,0.44302604,0.40037867,0.4166801,0.40972298,0.43481183,0.4241047,0.4023005,0.38833335,0.38858014,0.3963057,0.3944525,0.4369251,0.43220264,0.41372907,0.4177069,0.38971004,0.3638966,0.41089848,0.4494611,0.38748997,0.42094252,0.3708227,0.4049835,0.40470588,0.39882928,0.449948,0.43441314,0.38623592,0.40368235,0.4411742,0.40604463,0.4005924,0.38961524,0.40105164,0.40163904,0.35502115,0.4333046,0.41106772,0.4358964,0.38626984,0.40246075,0.4094262,0.43354735,0.38889676,0.39580724,0.43063155,0.3951572,0.44399586,0.3641708,0.42340073,0.39352497,0.4235664,0.39539313,0.43890333,0.38240266,0.39128757,0.39859125,0.387383,0.37904248,0.44114932,0.44073322,0.42696646,0.41960406,0.39309993,0.39954227,0.40624517,0.39883107,0.418991,0.4079787,0.38194463,0.40840262,0.42146248,0.40852606,0.40870512,0.37498006,0.41157943,0.39869985,0.4204439,0.43159935,0.37173098,0.42311233,0.40787667,0.40006223,0.4597557,0.39959928,0.3887471,0.43290448,0.3966139,0.4174067,0.36224186,0.37772,0.40309757,0.389616,0.41117346,0.38970548,0.3982113,0.4445992,0.39188924,0.40027842,0.39568704,0.38415855,0.376855,0.42267802,0.38948697,0.35860738,0.4086249,0.4491855,0.42633808,0.43136826,0.37462527,0.41040683,0.36600468,0.4112405,0.3952281,0.42502362,0.43137524,0.39387235,0.38204992,0.40165216,0.3895535,0.4135425,0.4469517,0.42529365,0.3950164,0.38565487,0.4249528,0.40377152,0.37697515,0.42165715,0.4247931,0.39535764,0.38179374,0.4461574,0.41891915,0.40253133,0.4049442,0.41063023,0.4293674,0.3814897,0.3964623,0.38748187,0.3954471,0.373317,0.41335657,0.3905034,0.37210804,0.41277194,0.38791558,0.40656117,0.3798291,0.36711788,0.40459993,0.39066738,0.37755945,0.35329065,0.39424932,0.40956867,0.39065355,0.3534569,0.3836779,0.43254718,0.40300068,0.38529733,0.3962103,0.39986426,0.3242873,0.36463436,0.40013328,0.40311977,0.38920555,0.37436897,0.38595945,0.3998562,0.39343667,0.36348563,0.41870102,0.40552145,0.387183,0.41442138,0.41140112,0.43146065,0.3733551,0.41706613,0.39545947,0.40164286,0.3875382,0.38177657,0.3851229,0.4091779,0.38375187,0.37314424,0.37749523,0.39145768,0.3699309,0.41776407,0.40845194,0.43699944,0.3698707,0.39922118,0.3997902,0.44673398,0.41327053,0.37848008,0.39776635,0.4053552,0.36292237,0.36827844,0.38862255,0.41070455,0.44585872,0.38471356,0.3895157,0.3795502,0.37832344,0.41549528,0.39573175,0.4539283,0.4144568,0.38154435,0.4400343,0.40052366,0.36072537,0.43289983,0.41955352,0.43991545,0.40328497,0.38378376,0.40943608,0.43684223,0.35365048,0.3667919,0.40782595,0.40261036,0.43556243,0.39953384,0.40827012,0.4019498,0.4369196,0.38899148,0.37746745,0.3985331,0.4194504,0.4149706,0.39726976,0.38221905,0.43773454,0.3818091,0.41523445,0.40474692,0.42658436,0.42753336,0.3701169,0.4092801,0.42437986,0.3860442,0.4171286,0.4128745,0.43296015,0.4548201,0.38927352,0.42459148,0.39210814,0.38891846,0.4069993,0.42651874,0.4466489,0.4043727,0.38832217,0.37867782,0.41188753,0.39635068,0.42374688,0.398144,0.41833133,0.35685351,0.37761956,0.3988359,0.3724017,0.3968896,0.39695817,0.3842692,0.36878255,0.3926438,0.4429193,0.40297312,0.38711327,0.3863877,0.4252646,0.4197969,0.39581472,0.383795,0.39996707,0.38380492,0.42179114,0.37088567,0.38808683,0.36005718,0.40911275,0.42936605,0.42786407,0.42890605,0.4327237,0.40216234,0.40678677,0.4404628,0.3778115,0.42464733,0.4320342,0.38474557,0.4248188,0.43593556,0.40426004,0.42109284,0.39714816,0.3979476,0.44703794,0.40405172,0.4194728,0.41879225,0.36758098,0.43933356,0.4374809,0.42798147,0.41180333,0.37070298,0.4089243,0.4015265,0.38230082,0.40201122,0.38211653,0.40139902,0.3796481,0.3659252,0.3925337,0.42220354,0.4071468,0.38699377,0.40694544,0.41693994,0.37203598,0.39431587,0.4069202,0.4116123,0.44514793,0.4222566,0.40398645,0.41162446,0.36789563,0.44235986,0.4445223,0.39102465,0.40543193,0.43037087,0.41668963,0.42735836,0.40845695,0.41727847,0.39684612,0.4241447,0.43403852,0.3941677,0.39989847,0.4427335,0.39866012,0.41883647,0.3865904,0.3992805,0.37153086,0.41350526,0.42168456,0.39919317,0.39878803,0.42439857,0.39805728,0.41903532,0.42923054,0.40771532,0.4045113,0.4177297,0.4117388,0.41524947,0.40445572,0.38944978,0.43261912,0.37201867,0.3641727,0.42490897,0.41491413,0.45369723,0.39594227,0.42395687,0.39848483,0.39580023,0.39404002,0.43572128,0.42033458,0.45674133,0.39331073,0.40865818,0.42471257,0.39345482,0.3923578,0.42464322,0.40121642,0.4290666,0.378637,0.38938665,0.39798298,0.40659314,0.40753552,0.3655493,0.3937803,0.38389412,0.4393546,0.37816733,0.3622055,0.43998584,0.4083755,0.3941143,0.41116908,0.41641122,0.393533,0.3612469,0.37606284,0.35802513,0.4184385,0.40031376,0.4095711,0.43102825,0.44485974,0.40792674,0.40995744,0.42371303,0.41469878,0.4433725,0.3964284,0.4334002,0.38811654,0.41438058,0.35508105,0.43997663,0.41747484,0.4423416,0.3944017,0.39226177,0.35901836,0.36575565,0.41952336,0.43117732,0.43086392,0.35450137,0.43243867,0.40618557,0.3956272,0.3836349,0.41893056,0.3784983,0.39545643,0.41439617,0.44066048,0.43949553,0.42459893,0.38612735,0.40019202,0.45116794,0.40413734,0.37158558,0.39448872,0.37740347,0.37756214,0.3508731,0.37567312,0.38528717,0.3815052,0.41784483,0.43567687,0.4258292,0.38536432,0.38629213,0.4298424,0.38540837,0.40940025,0.40259895,0.37075976,0.39310354,0.42538208,0.44462547,0.39147973,0.3747876,0.41224748,0.4131597,0.3902931,0.4051321,0.38201332,0.4159534,0.42464346,0.38442174,0.4336524,0.41353127,0.40367964,0.4200097,0.42441067,0.42860883,0.46028316,0.37667385,0.38555998,0.3963768,0.3702488,0.41465327,0.4266507,0.41523352,0.43932027,0.40029925,0.3782755,0.41315055,0.4390984,0.39998662,0.44047797,0.38513723,0.41478154,0.39101744,0.40300277,0.38756174,0.4236654,0.39582512,0.4265893,0.39314872,0.42474192,0.352749,0.37519968,0.3732116,0.39949083,0.41963705,0.43600035,0.4250229,0.43337864,0.3762002,0.36177278,0.41762713,0.41716403,0.3836486,0.38332295,0.4079443,0.389117,0.39996272,0.39246327,0.40037903,0.38215593,0.40009218,0.34786847,0.4119498,0.44523695,0.40980208,0.40508348,0.38810384,0.38675553,0.38017964,0.36288285,0.3996921,0.43318722,0.38526925,0.3900598,0.3839858,0.3981313,0.3807498,0.3725263,0.40480265,0.41056675,0.43750134,0.4017119,0.4182651,0.42926583,0.4626997,0.42394698,0.41166505,0.39518222,0.4129148,0.40782917,0.42919526,0.40433693,0.40560076,0.4107984,0.42948818,0.41846126,0.36937082,0.43210858,0.39462674,0.40907848,0.38983345,0.39887723,0.37704194,0.4070842,0.39963076,0.41102445,0.4286792,0.43146718,0.39830616,0.4251786,0.4031667,0.35746092,0.42584413,0.40979475,0.3944388,0.40614024,0.38069552,0.4020946,0.43776867,0.39972425,0.40564373,0.425975,0.3716612,0.40509513,0.42903665,0.40802827,0.41337863,0.4021889,0.38298538,0.38573205,0.41453177,0.39573404,0.39689052,0.3707279,0.41419253,0.4047672,0.3629896,0.38616705,0.46391848,0.39726675,0.42719546,0.40839225,0.3762016,0.4456425,0.40739536,0.39306384,0.39760405,0.4231276,0.43407524,0.4325676,0.4413073,0.43566355,0.4492181,0.37916538,0.39847004,0.39377612,0.41603547,0.44520205,0.3790828,0.3970348,0.40563393,0.37063402,0.41471356,0.42598456,0.4298059,0.3802654,0.43265885,0.4245621,0.4376815,0.39305902,0.43391263,0.43483478,0.39568684,0.42666396,0.3824548,0.37756255,0.4202147,0.41910186,0.41239387,0.39858162,0.39065513,0.38744974,0.42874008,0.43663886,0.40244874,0.42767718,0.38325366,0.3975419,0.43692467,0.42007035,0.45769194,0.39204186,0.39137027,0.36061868,0.40398097,0.39647734,0.3615211,0.4040786,0.34133983,0.40226787,0.39097124,0.4500416,0.42425025,0.38450855,0.35182756,0.4553262,0.43875146,0.43042305,0.4093436,0.40210268,0.42748976,0.34927726,0.4073087,0.40092182,0.37254086,0.37506846,0.41271812,0.4081078,0.3516318,0.43618366,0.3914073,0.44665614,0.4245383,0.38490617,0.41267872,0.40413284,0.4178701,0.38824123,0.39385527,0.44167334,0.43923238,0.4275964,0.4220746,0.41386047,0.3748436,0.36572117,0.43038216,0.40862733,0.4181798,0.4176823,0.41280133,0.4307236,0.45860595,0.38221022,0.42527416,0.41804954,0.3870168,0.40585968,0.40168223,0.3843552,0.4441023,0.39578333,0.41288272,0.40856615,0.38189507,0.40914887,0.40797368,0.39264572,0.43179566,0.4202472,0.40266868,0.38715163,0.40838242,0.42196235,0.38026813,0.4030941,0.41880673,0.45636395,0.38121593,0.4451852,0.41387048,0.4010506,0.42536917,0.41494593,0.39371538,0.38738474,0.35727018,0.39951688,0.4385239,0.39537698,0.42814803,0.4095946,0.41362292,0.44030154,0.43676016,0.39448488,0.4241309,0.39914677,0.38915178,0.3809343,0.39842105,0.40986186,0.4319306,0.3687297,0.38388297,0.38564104,0.39960152,0.40496105,0.4562677,0.40883458,0.41788375,0.42864248,0.4006785,0.3993935,0.40319845,0.41518453,0.39238134,0.40220872,0.4328578,0.40702856,0.4074713,0.3677471,0.3566088,0.37737092,0.44161043,0.4036947,0.42886996,0.40336892,0.38291144,0.39761257,0.41135144,0.37083003,0.38598967,0.39459917,0.38699883,0.40600336,0.40380973,0.41439915,0.3914498
0.22324038,0.2330457,0.22640318,0.24750194,0.21876371,0.2424771,0.21667613,0.21811181,0.24656993,0.22041312,0.21774077,0.21338148,0.23763925,0.232969,0.22699444,0.21451923,0.23309855,0.24209867,0.24527135,0.22073606,0.23263068,0.22969514,0.22598633,0.23973688,0.23709628,0.23783594,0.19747818,0.21535179,0.23598006,0.2232754,0.21756262,0.22345673,0.19640748,0.21765149,0.19937961,0.2393811,0.21370089,0.19852641,0.223576,0.23208171,0.24696466,0.21664327,0.21780474,0.23420234,0.2301315,0.2235629,0.23027822,0.22902878,0.2032592,0.18638104,0.23588397,0.22810027,0.23469126,0.19908398,0.21001992,0.18629612,0.21472684,0.21196763,0.23029919,0.22514553,0.21143079,0.21231265,0.22008559,0.24492256,0.215516,0.22618592,0.22148673,0.20239615,0.22555545,0.21287794,0.19592005,0.24762526,0.2131865,0.20559931,0.2253703,0.22778901,0.23761502,0.18155634,0.23055683,0.22709903,0.25788087,0.22918618,0.218194,0.23465602,0.23037735,0.19683644,0.24500991,0.24803115,0.2390839,0.23828408,0.22529528,0.20197813,0.257465,0.19923258,0.23278414,0.21568279,0.23052162,0.22232863,0.23905797,0.2150959,0.21882531,0.25862506,0.23749104,0.22774222,0.21327206,0.2220832,0.22131228,0.21331106,0.21291816,0.24495865,0.23528752,0.18921348,0.2126269,0.21748681,0.21332459,0.24624437,0.22648764,0.21256143,0.21941637,0.22554383,0.23617819,0.2007049,0.21807572,0.22425185,0.21535388,0.25729728,0.2394939,0.2196581,0.22045192,0.2108607,0.2297398,0.23278564,0.18794382,0.2408629,0.23542114,0.22214463,0.22638395,0.23309048,0.1845499,0.20118487,0.23338103,0.22474286,0.21102925,0.22568622,0.22003597,0.2826392,0.21166605,0.23382533,0.23456092,0.21906793,0.239337,0.2017907,0.20309459,0.23634931,0.2207423,0.23900649,0.21658078,0.23630081,0.21535957,0.21331729,0.2084459,0.23654377,0.2245444,0.26451916,0.21897969,0.2326856,0.1954939,0.23550108,0.22623816,0.25231612,0.234611,0.22564134,0.21694449,0.20671973,0.20731944,0.22584884,0.23568198,0.2789111,0.2207854,0.21463105,0.22318172,0.21913518,0.22085316,0.20079744,0.2499801,0.23225367,0.20791379,0.21844062,0.23155953,0.20651117,0.21384507,0.22631323,0.22736587,0.25474998,0.22644904,0.22697717,0.22631156,0.22512741,0.20923322,0.2083814,0.22618614,0.21117485,0.19961187,0.24090338,0.20606554,0.22096547,0.22253244,0.22106054,0.23774472,0.23281859,0.20247167,0.21057893,0.24190283,0.23936225,0.25150934,0.20593265,0.21701552,0.20050582,0.21803397,0.23444603,0.23607478,0.22636515,0.2439606,0.23016514,0.22762707,0.22135362,0.24068603,0.21980017,0.20142952,0.22067185,0.2272963,0.20682031,0.2185345,0.22837378,0.21201146,0.22856109,0.19692013,0.22487646,0.18693721,0.21963422,0.21155703,0.1988522,0.23492043,0.21285084,0.20103648,0.22241852,0.2256165,0.2349648,0.21919155,0.2183645,0.2344628,0.23117167,0.19721112,0.2295056,0.21601173,0.22161022,0.21171288,0.23326801,0.19953321,0.22994937,0.24310468,0.25403684,0.20768401,0.2253634,0.20009151,0.213783,0.22701669,0.2491339,0.22679313,0.217551,0.19271742,0.21589331,0.20948681,0.20493013,0.20384414,0.2122466,0.2157479,0.2042907,0.24235415,0.25023055,0.20203081,0.21286087,0.20983335,0.21102405,0.21037504,0.235976,0.2044932,0.22048667,0.19990978,0.23003867,0.23228247,0.2340317,0.20773229,0.23374858,0.1731017,0.22378558,0.22419566,0.24533835,0.24211162,0.22677723,0.23010981,0.2012319,0.23709722,0.22618103,0.24851991,0.20748672,0.20342118,0.2122398,0.21959391,0.2274352,0.20407024,0.24530621,0.23326874,0.21772501,0.254124,0.23013258,0.22519237,0.23568122,0.20562935,0.22626391,0.23031384,0.21112764,0.21989015,0.21131401,0.18963489,0.21515106,0.2469816,0.2167415,0.20027436,0.227916,0.21713684,0.21292028,0.19902775,0.21429966,0.1909412,0.21547118,0.19892822,0.19812839,0.20511425,0.23431963,0.229429,0.20588546,0.20668972,0.22294751,0.22055683,0.19131944,0.24544522,0.2085087,0.20377351,0.19990425,0.23144975,0.21770164,0.21480188,0.2297325,0.21231675,0.23411666,0.19958714,0.25298017,0.23166528,0.24520954,0.2215392,0.22081092,0.23483354,0.21757297,0.23496102,0.24615496,0.22532308,0.21463847,0.22772083,0.21277401,0.21188636,0.19947833,0.24191701,0.21515629,0.22011945,0.21539691,0.22846207,0.24725184,0.23359749,0.25663745,0.1969056,0.23825859,0.22601351,0.23074183,0.20965698,0.20731997,0.22285733,0.23331718,0.22363293,0.18514396,0.23586424,0.21557878,0.22661197,0.22181582,0.21404329,0.2337962,0.20032206,0.2518654,0.22879465,0.24598968,0.21210161,0.20197988,0.22990108,0.22001903,0.23223948,0.22885825,0.2280341,0.22214338,0.22460037,0.22375503,0.23134926,0.20688805,0.19285518,0.23377919,0.17632301,0.20616671,0.2544253,0.2385569,0.2498878,0.22260955,0.21943188,0.25329667,0.2271564,0.20611328,0.25654194,0.24406374,0.20883304,0.19801582,0.22794715,0.2070614,0.23568502,0.24635392,0.22095257,0.23852909,0.2357251,0.2128009,0.25754648,0.2270658,0.22050261,0.22868879,0.1873233,0.24168456,0.22396818,0.21504003,0.23053734,0.19380125,0.2585655,0.21974088,0.24498753,0.19874352,0.18477507,0.17956752,0.21627599,0.2441706,0.21562664,0.2166481,0.21848266,0.20108475,0.19942918,0.19795497,0.20779842,0.20971556,0.21230146,0.21586195,0.23578073,0.24758753,0.22601853,0.23403105,0.20339218,0.2145215,0.24124269,0.23497856,0.2258152,0.20307472,0.21482,0.20887698,0.22141552,0.24674319,0.21322528,0.19914064,0.22355177,0.2242063,0.22734243,0.24311817,0.23173624,0.22034916,0.24326397,0.22126308,0.23054394,0.23779047,0.25025555,0.23181714,0.24112304,0.23838897,0.23647384,0.21863979,0.2363058,0.22418346,0.24895896,0.19433117,0.23468925,0.23149389,0.19575202,0.24669638,0.2182637,0.22425425,0.19702059,0.21283782,0.2297788,0.24404332,0.20849878,0.24707696,0.21235433,0.20817594,0.2200544,0.21304488,0.27130508,0.20904005,0.21653074,0.20874724,0.21835482,0.22347872,0.20504908,0.23792818,0.23585412,0.22461009,0.2228682,0.21121123,0.21812955,0.2163943,0.21779694,0.22467773,0.23440948,0.26565966,0.22979966,0.21150443,0.23507163,0.23840284,0.21396889,0.23653695,0.18564907,0.23334035,0.20900914,0.19529977,0.2153897,0.22534353,0.2335445,0.23095758,0.22683336,0.19139494,0.19379473,0.22817509,0.22007023,0.21523315,0.20979774,0.2353499,0.20092705,0.20650724,0.22034168,0.23101687,0.20381054,0.23557708,0.2143457,0.22590972,0.23744223,0.21671616,0.20206743,0.21836826,0.2467692,0.22492962,0.24158269,0.20965868,0.19758241,0.23622027,0.23132518,0.19866212,0.22090729,0.2201561,0.20770285,0.2503867,0.24312747,0.232757,0.24691784,0.24406871,0.20480761,0.23922378,0.22164123,0.24285078,0.1926277,0.20864774,0.23935696,0.21449313,0.24226514,0.22408137,0.23956165,0.24443191,0.23553392,0.20440006,0.22232771,0.25445127,0.22515082,0.21937765,0.2284586,0.24385872,0.19554032,0.21313733,0.21778592,0.20516671,0.22203237,0.23260063,0.18934073,0.24270697,0.22995812,0.21462646,0.2360363,0.20203137,0.22527015,0.21095115,0.21980962,0.23801047,0.19867957,0.2192352,0.22116178,0.20931882,0.22377567,0.2315867,0.22404875,0.2265481,0.21140864,0.19117948,0.22599089,0.23592535,0.20988977,0.19997546,0.21188323,0.22772966,0.21251392,0.23619284,0.25167686,0.2253081,0.22165328,0.22164711,0.250808,0.22689526,0.21989578,0.19546986,0.20091036,0.23755474,0.23067014,0.19391832,0.22016647,0.20282212,0.2235085,0.19897279,0.23108844,0.22366181,0.21003461,0.2342412,0.20963801,0.19385651,0.20592842,0.22286576,0.23330727,0.22562456,0.20745848,0.22493649,0.20303568,0.20591637,0.24411385,0.23924237,0.2133941,0.20068488,0.22658858,0.22612578,0.20856985,0.22122508,0.23393857,0.23315173,0.22018999,0.20780586,0.21130982,0.20629719,0.230966,0.23027134,0.21389008,0.20160908,0.21407095,0.17811784,0.19844563,0.17608123,0.20870441,0.23348676,0.24537787,0.21600401,0.24299142,0.21818452,0.234393,0.23576966,0.26547432,0.21696413,0.2390559,0.19395614,0.22948074,0.22306618,0.20805266,0.22798547,0.2096542,0.19083707,0.22735095,0.24170794,0.25185254,0.20436546,0.22919989,0.23073253,0.20748502,0.21549714,0.21278723,0.22644952,0.21902694,0.23300627,0.19524893,0.2298226,0.2394316,0.21253482,0.2521848,0.21637493,0.2138834,0.21362469,0.20113128,0.19988863,0.2051749,0.23442742,0.22980396,0.20871374,0.22049573,0.22063735,0.21918672,0.21524663,0.19398427,0.22515649,0.21365951,0.19875997,0.23285368,0.20726082,0.2309384,0.22447073,0.21278046,0.19643468,0.21242586,0.21952042,0.22545543,0.20986372,0.20852154,0.19999117,0.2150821,0.25443017,0.23187447,0.22450188,0.21848173,0.22491845,0.23202762,0.21055374,0.2234214,0.20447588,0.22748524,0.22696269,0.24284095,0.22473633,0.22922397,0.2273932,0.22887929,0.20443982,0.21868621,0.21441638,0.2047477,0.21736652,0.23518425,0.21725114,0.20988438,0.22233479,0.23630986,0.235531,0.19280559,0.21681626,0.24252364,0.22288045,0.21892361,0.22830825,0.19972381,0.22943388,0.21862616,0.21491863,0.23568878,0.20104463,0.23508221,0.2205428,0.22879556,0.20312572,0.20187174,0.24078272,0.20615636,0.23173577,0.20496605,0.22894007,0.2094686,0.22559202,0.22424835,0.20491275,0.22172052,0.24664281,0.25523198,0.21260986,0.23249066,0.23581132,0.24040869,0.23383597,0.20337911,0.2549484,0.21785244,0.23698145,0.22054158,0.22555205,0.235519,0.22537853,0.215705,0.21527052,0.21527752,0.23272566,0.22138798,0.23072223,0.2447245,0.2136958,0.20668107,0.23210004,0.2170265,0.2236282,0.22537063,0.22053161,0.23458447,0.2369358,0.24560905,0.248398,0.20676085,0.24861091,0.21849637,0.20837471,0.21476048,0.21349101,0.27503988,0.25438836,0.21819334,0.22986993,0.23716246,0.20741951,0.21422608,0.22446321,0.2515551,0.21795908,0.20919165,0.2196405,0.22680396,0.24535233,0.20586053,0.24142787,0.23535264,0.19591385,0.20651883,0.23607454,0.21192339,0.19617355,0.23581798,0.20581283,0.23048648,0.22217265,0.21718702,0.19601318,0.24396682,0.22654594,0.21401164,0.21883227,0.24514304,0.21678136,0.17046809,0.22866106,0.21620667,0.20062117,0.25373942,0.21575287,0.21280453,0.19292873,0.2269503,0.18651885,0.23057744,0.26385355,0.21283433,0.21114466,0.22751848,0.22912796,0.22339183,0.22583237,0.2251745,0.22432375,0.22405311,0.23088866,0.22595778,0.21706483,0.1902699,0.25285774,0.23811662,0.21864593,0.23252232,0.22312567,0.23090059,0.22001936,0.21880983,0.24121065,0.21107523,0.19386914,0.2185687,0.21430615,0.22767301,0.24024534,0.23242047,0.1944841,0.22784835,0.21701714,0.22872536,0.20587552,0.22278547,0.23294026,0.2229105,0.21647593,0.2127235,0.22233911,0.22813092,0.2122162,0.22183028,0.22687039,0.2501259,0.21928953,0.22194234,0.2077729,0.22549112,0.20836978,0.2078813,0.19620882,0.2142125,0.21564338,0.23930803,0.24317229,0.22039944,0.22369397,0.20336239,0.22718818,0.21143562,0.21001479,0.20472917,0.2293939,0.22054096,0.24203499,0.23227115,0.21702944,0.22636205,0.22630191,0.22310305,0.21980917,0.21072643,0.20618759,0.26717103,0.22660357,0.24631996,0.21206121,0.22090684,0.2377961,0.22552446,0.22354364,0.21657798,0.24675284,0.22096556,0.23396271,0.24216211,0.22081475,0.22218242,0.23503277,0.21616614,0.24048823,0.20892122,0.22841707,0.25691465,0.21174285,0.2448059,0.23847753,0.22583704,0.21711911,0.18703902,0.22645141,0.23908022,0.22175938,0.23483203,0.23468083
0.0,0.0,0.0,0.0,0.0,0.0,0.0,0.0,0.0,0.0,0.0,0.0,0.0,0.0,0.0,0.0,0.0,0.0,0.0,0.0,0.0,0.0,0.0,0.0,0.0,0.0,0.0,0.0,0.0,0.0,0.0,0.0,0.0,0.0,0.0,0.0,0.0,0.0,0.0,0.0,0.0,0.0,0.0,0.0,0.0,0.0,0.0,0.0,0.0,0.0,0.0,0.0,0.0,0.0,0.0,0.0,0.0,0.0,0.0,0.0,0.0,0.0,0.0,0.0,0.0,0.0,0.0,0.0,0.0,0.0,0.0,0.0,0.0,0.0,0.0,0.0,0.0,0.0,0.0,0.0,0.0,0.0,0.0,0.0,0.0,0.0,0.0,0.0,0.0,0.0,0.0,0.0,0.0,0.0,0.0,0.0,0.0,0.0,0.0,0.0,0.0,0.0,0.0,0.0,0.0,0.0,0.0,0.0,0.0,0.0,0.0,0.0,0.0,0.0,0.0,0.0,0.0,0.0,0.0,0.0,0.0,0.0,0.0,0.0,0.0,0.0,0.0,0.0,0.0,0.0,0.0,0.0,0.0,0.0,0.0,0.0,0.0,0.0,0.0,0.0,0.0,0.0,0.0,0.0,0.0,0.0,0.0,0.0,0.0,0.0,0.0,0.0,0.0,0.0,0.0,0.0,0.0,0.0,0.0,0.0,0.0,0.0,0.0,0.0,0.0,0.0,0.0,0.0,0.0,0.0,0.0,0.0,0.0,0.0,0.0,0.0,0.0,0.0,0.0,0.0,0.0,0.0,0.0,0.0,0.0,0.0,0.0,0.0,0.0,0.0,0.0,0.0,0.0,0.0,0.0,0.0,0.0,0.0,0.0,0.0,0.0,0.0,0.0,0.0,0.0,0.0,0.0,0.0,0.0,0.0,0.0,0.0,0.0,0.0,0.0,0.0,0.0,0.0,0.0,0.0,0.0,0.0,0.0,0.0,0.0,0.0,0.0,0.0,0.0,0.0,0.0,0.0,0.0,0.0,0.0,0.0,0.0,0.0,0.0,0.0,0.0,0.0,0.0,0.0,0.0,0.0,0.0,0.0,0.0,0.0,0.0,0.0,0.0,0.0,0.0,0.0,0.0,0.0,0.0,0.0,0.0,0.0,0.0,0.0,0.0,0.0,0.0,0.0,0.0,0.0,0.0,0.0,0.0,0.0,0.0,0.0,0.0,0.0,0.0,0.0,0.0,0.0,0.0,0.0,0.0,0.0,0.0,0.0,0.0,0.0,0.0,0.0,0.0,0.0,0.0,0.0,0.0,0.0,0.0,0.0,0.0,0.0,0.0,0.0,0.0,0.0,0.0,0.0,0.0,0.0,0.0,0.0,0.0,0.0,0.0,0.0,0.0,0.0,0.0,0.0,0.0,0.0,0.0,0.0,0.0,0.0,0.0,0.0,0.0,0.0,0.0,0.0,0.0,0.0,0.0,0.0,0.0,0.0,0.0,0.0,0.0,0.0,0.0,0.0,0.0,0.0,0.0,0.0,0.0,0.0,0.0,0.0,0.0,0.0,0.0,0.0,0.0,0.0,0.0,0.0,0.0,0.0,0.0,0.0,0.0,0.0,0.0,0.0,0.0,0.0,0.0,0.0,0.0,0.0,0.0,0.0,0.0,0.0,0.0,0.0,0.0,0.0,0.0,0.0,0.0,0.0,0.0,0.0,0.0,0.0,0.0,0.0,0.0,0.0,0.0,0.0,0.0,0.0,0.0,0.0,0.0,0.0,0.0,0.0,0.0,0.0,0.0,0.0,0.0,0.0,0.0,0.0,0.0,0.0,0.0,0.0,0.0,0.0,0.0,0.0,0.0,0.0,0.0,0.0,0.0,0.0,0.0,0.0,0.0,0.0,0.0,0.0,0.0,0.0,0.0,0.0,0.0,0.0,0.0,0.0,0.0,0.0,0.0,0.0,0.0,0.0,0.0,0.0,0.0,0.0,0.0,0.0,0.0,0.0,0.0,0.0,0.0,0.0,0.0,0.0,0.0,0.0,0.0,0.0,0.0,0.0,0.0,0.0,0.0,0.0,0.0,0.0,0.0,0.0,0.0,0.0,0.0,0.0,0.0,0.0,0.0,0.0,0.0,0.0,0.0,0.0,0.0,0.0,0.0,0.0,0.0,0.0,0.0,0.0,0.0,0.0,0.0,0.0,0.0,0.0,0.0,0.0,0.0,0.0,0.0,0.0,0.0,0.0,0.0,0.0,0.0,0.0,0.0,0.0,0.0,0.0,0.0,0.0,0.0,0.0,0.0,0.0,0.0,0.0,0.0,0.0,0.0,0.0,0.0,0.0,0.0,0.0,0.0,0.0,0.0,0.0,0.0,0.0,0.0,0.0,0.0,0.0,0.0,0.0,0.0,0.0,0.0,0.0,0.0,0.0,0.0,0.0,0.0,0.0,0.0,0.0,0.0,0.0,0.0,0.0,0.0,0.0,0.0,0.0,0.0,0.0,0.0,0.0,0.0,0.0,0.0,0.0,0.0,0.0,0.0,0.0,0.0,0.0,0.0,0.0,0.0,0.0,0.0,0.0,0.0,0.0,0.0,0.0,0.0,0.0,0.0,0.0,0.0,0.0,0.0,0.0,0.0,0.0,0.0,0.0,0.0,0.0,0.0,0.0,0.0,0.0,0.0,0.0,0.0,0.0,0.0,0.0,0.0,0.0,0.0,0.0,0.0,0.0,0.0,0.0,0.0,0.0,0.0,0.0,0.0,0.0,0.0,0.0,0.0,0.0,0.0,0.0,0.0,0.0,0.0,0.0,0.0,0.0,0.0,0.0,0.0,0.0,0.0,0.0,0.0,0.0,0.0,0.0,0.0,0.0,0.0,0.0,0.0,0.0,0.0,0.0,0.0,0.0,0.0,0.0,0.0,0.0,0.0,0.0,0.0,0.0,0.0,0.0,0.0,0.0,0.0,0.0,0.0,0.0,0.0,0.0,0.0,0.0,0.0,0.0,0.0,0.0,0.0,0.0,0.0,0.0,0.0,0.0,0.0,0.0,0.0,0.0,0.0,0.0,0.0,0.0,0.0,0.0,0.0,0.0,0.0,0.0,0.0,0.0,0.0,0.0,0.0,0.0,0.0,0.0,0.0,0.0,0.0,0.0,0.0,0.0,0.0,0.0,0.0,0.0,0.0,0.0,0.0,0.0,0.0,0.0,0.0,0.0,0.0,0.0,0.0,0.0,0.0,0.0,0.0,0.0,0.0,0.0,0.0,0.0,0.0,0.0,0.0,0.0,0.0,0.0,0.0,0.0,0.0,0.0,0.0,0.0,0.0,0.0,0.0,0.0,0.0,0.0,0.0,0.0,0.0,0.0,0.0,0.0,0.0,0.0,0.0,0.0,0.0,0.0,0.0,0.0,0.0,0.0,0.0,0.0,0.0,0.0,0.0,0.0,0.0,0.0,0.0,0.0,0.0,0.0,0.0,0.0,0.0,0.0,0.0,0.0,0.0,0.0,0.0,0.0,0.0,0.0,0.0,0.0,0.0,0.0,0.0,0.0,0.0,0.0,0.0,0.0,0.0,0.0,0.0,0.0,0.0,0.0,0.0,0.0,0.0,0.0,0.0,0.0,0.0,0.0,0.0,0.0,0.0,0.0,0.0,0.0,0.0,0.0,0.0,0.0,0.0,0.0,0.0,0.0,0.0,0.0,0.0,0.0,0.0,0.0,0.0,0.0,0.0,0.0,0.0,0.0,0.0,0.0,0.0,0.0,0.0,0.0,0.0,0.0,0.0,0.0,0.0,0.0,0.0,0.0,0.0,0.0,0.0,0.0,0.0,0.0,0.0,0.0,0.0,0.0,0.0,0.0,0.0,0.0,0.0,0.0,0.0,0.0,0.0,0.0,0.0,0.0,0.0,0.0,0.0,0.0,0.0,0.0,0.0,0.0,0.0,0.0,0.0,0.0,0.0,0.0,0.0,0.0,0.0,0.0,0.0,0.0,0.0,0.0,0.0,0.0,0.0,0.0,0.0,0.0,0.0,0.0,0.0,0.0,0.0,0.0,0.0,0.0,0.0,0.0,0.0,0.0,0.0,0.0,0.0,0.0,0.0,0.0,0.0,0.0,0.0,0.0,0.0,0.0,0.0,0.0,0.0,0.0,0.0,0.0,0.0,0.0,0.0,0.0,0.0,0.0,0.0,0.0,0.0,0.0,0.0,0.0,0.0,0.0,0.0,0.0,0.0,0.0,0.0,0.0,0.0,0.0,0.0,0.0,0.0,0.0,0.0,0.0,0.0,0.0,0.0,0.0,0.0,0.0,0.0,0.0,0.0,0.0,0.0,0.0,0.0,0.0,0.0,0.0,0.0,0.0,0.0,0.0,0.0,0.0,0.0,0.0,0.0,0.0,0.0,0.0,0.0,0.0
0.5570615,0.54290044,0.5449531,0.5462468,0.54459107,0.5198603,0.5086386,0.5276964,0.5440027,0.51119584,0.552504,0.5188793,0.5211333,0.5544445,0.5480208,0.49685508,0.5228937,0.5598309,0.5240571,0.531494,0.55093944,0.5209064,0.5023917,0.5240862,0.5267863,0.55172443,0.5113529,0.5261427,0.56967884,0.5416016,0.51335114,0.5238647,0.5314868,0.5462779,0.54265237,0.54165334,0.5180568,0.51959515,0.5176555,0.53248256,0.548454,0.5242137,0.54937184,0.5434584,0.5269101,0.51735264,0.55353546,0.5297654,0.528974,0.50258136,0.51759386,0.5333704,0.539707,0.5371845,0.5144566,0.5256338,0.5108183,0.5513925,0.5348418,0.53947926,0.5244996,0.54198295,0.5525769,0.50037515,0.51874614,0.5231017,0.5096667,0.53959507,0.55457693,0.5528319,0.5298795,0.51845485,0.52999175,0.5419885,0.5551587,0.5499289,0.5400683,0.54647255,0.5364519,0.5332378,0.538098,0.54590464,0.5447803,0.5275972,0.52711666,0.5322382,0.56614983,0.5511653,0.5174231,0.53193647,0.5174075,0.5103621,0.5561045,0.5451135,0.48075584,0.5287451,0.516403,0.52255666,0.55114585,0.54244184,0.5193149,0.5086175,0.52956957,0.51097876,0.52589643,0.54438627,0.5609691,0.5158026,0.51874304,0.5375328,0.55047274,0.5434178,0.5189264,0.54132634,0.5303502,0.5431245,0.53746915,0.5170526,0.5378,0.51255894,0.5294516,0.52432764,0.51497936,0.5312904,0.55689895,0.53778076,0.55377567,0.5278217,0.5234574,0.5198795,0.53934693,0.55702597,0.5394619,0.5126027,0.5447258,0.52110296,0.52070224,0.5232352,0.5434437,0.5171405,0.5151441,0.54101866,0.52768147,0.53575784,0.5411089,0.55419934,0.5179559,0.5483149,0.50411075,0.4830655,0.53261685,0.5298825,0.5130247,0.5295261,0.49654585,0.53150386,0.5445074,0.51860344,0.5254157,0.52699244,0.5404265,0.51858294,0.5424148,0.5570417,0.53288925,0.5092719,0.53332263,0.522511,0.50261235,0.531338,0.54936266,0.49457705,0.53807783,0.5260943,0.5623929,0.5183685,0.5460002,0.56067306,0.5508784,0.5133118,0.55922973,0.54089946,0.54604954,0.5449717,0.52087283,0.54678506,0.54234236,0.5413959,0.539488,0.53077096,0.5408522,0.53084093,0.563499,0.5315616,0.5661547,0.5336204,0.523674,0.5438017,0.5205668,0.54443073,0.52426904,0.50583065,0.5397749,0.54292923,0.5139086,0.5547985,0.5182443,0.5251358,0.567973,0.5280496,0.538435,0.5128152,0.52616507,0.5317346,0.5302455,0.52840304,0.5302966,0.5307619,0.5162096,0.54794127,0.5435179,0.5749378,0.54948163,0.5204263,0.5382443,0.5522829,0.56344455,0.5473248,0.52145165,0.51619416,0.5459392,0.50588393,0.5219463,0.5591512,0.54247314,0.5381813,0.55393016,0.5370353,0.51450616,0.5419922,0.5560395,0.5219717,0.52148044,0.523026,0.53675073,0.5483817,0.49351078,0.53893244,0.55854666,0.53543276,0.5669061,0.5559875,0.5301795,0.52943873,0.536675,0.53531927,0.56015575,0.53665227,0.542152,0.5510933,0.56527317,0.5255202,0.53096956,0.5194751,0.5423098,0.5105128,0.5268463,0.5169063,0.5121104,0.54474574,0.5246196,0.5363829,0.5148051,0.530648,0.51656485,0.56343585,0.52682924,0.5420398,0.5577915,0.5476258,0.53153944,0.51972,0.49596694,0.5447415,0.5517603,0.5251721,0.54346466,0.5064796,0.547806,0.55352765,0.53894013,0.53596747,0.50793934,0.5217139,0.5158341,0.5465172,0.5449545,0.5326232,0.575685,0.56294364,0.52089727,0.5464681,0.515215,0.5614112,0.5554661,0.5295599,0.5466081,0.5546831,0.516628,0.51494616,0.5105224,0.56552726,0.5575254,0.52976966,0.53504384,0.5513428,0.51939726,0.52296454,0.53049624,0.53464645,0.5596976,0.50854194,0.52612865,0.51403284,0.529421,0.5103214,0.5305469,0.57449543,0.5149185,0.5286692,0.5294188,0.53890365,0.5191416,0.52972174,0.5157236,0.5552846,0.5266747,0.49801996,0.5707369,0.5107778,0.5383537,0.52393115,0.51363385,0.55685955,0.5210289,0.53445923,0.51183087,0.510992,0.51236904,0.4984505,0.5393639,0.5332991,0.54660434,0.51221156,0.51421696,0.5444199,0.53212297,0.52184296,0.5401182,0.5134052,0.5279348,0.5427413,0.5477836,0.5491408,0.53234076,0.5443358,0.52231604,0.5292216,0.5439064,0.52363664,0.5155401,0.52843195,0.5391871,0.51786923,0.5247092,0.5346497,0.5003518,0.5370945,0.49613637,0.5442445,0.50058377,0.52952754,0.5322934,0.5600716,0.5520957,0.5156293,0.5111947,0.5414747,0.5244682,0.5058611,0.5485803,0.5277283,0.540455,0.55275846,0.4986806,0.5274169,0.5418736,0.53975976,0.5134372,0.5694597,0.5321199,0.5237268,0.52329695,0.5551894,0.51063687,0.54783976,0.5372611,0.53993887,0.5176403,0.5550794,0.5373633,0.570164,0.5183953,0.523481,0.5074541,0.5089118,0.5527922,0.5508415,0.553104,0.516976,0.5400407,0.5262482,0.49400002,0.5431525,0.55997545,0.5479074,0.52718294,0.5316751,0.5214846,0.5214527,0.54574525,0.53932434,0.54958415,0.5536515,0.53962696,0.51156867,0.524809,0.54813445,0.54254687,0.5205229,0.53765297,0.5339936,0.5407637,0.53039205,0.530191,0.5079045,0.53556436,0.5649348,0.561141,0.53278106,0.5177737,0.5222373,0.53986675,0.5267902,0.55583096,0.509595,0.53925866,0.5201337,0.5255258,0.52707785,0.5267988,0.51850134,0.53666615,0.559501,0.53122926,0.52491045,0.5682199,0.554032,0.5214875,0.53383064,0.53172636,0.5544001,0.5377805,0.52195245,0.53475326,0.5336273,0.53086436,0.54197586,0.5363164,0.49907416,0.51799023,0.54112625,0.52175874,0.52802885,0.5570735,0.5317279,0.5332005,0.525659,0.51971436,0.5447127,0.5544646,0.5381626,0.5459785,0.5593888,0.5079296,0.5107954,0.54143596,0.5291004,0.5602288,0.5475253,0.56593686,0.565905,0.5204113,0.57411313,0.53906494,0.5348519,0.51102453,0.5199759,0.54577273,0.53940535,0.51654786,0.5456869,0.5071962,0.5350178,0.50350046,0.5124285,0.5385034,0.5256298,0.56119514,0.5451168,0.53750765,0.5294599,0.546377,0.52029204,0.5629394,0.5231519,0.536553,0.5598388,0.5247434,0.5325651,0.52868915,0.5664074,0.5428921,0.51332116,0.53115267,0.56134593,0.5478235,0.5487795,0.50861144,0.54683393,0.5329143,0.54940826,0.5510262,0.52681977,0.5543233,0.52908564,0.5361532,0.52742577,0.5221712,0.5244519,0.50615746,0.5488994,0.51709306,0.53301126,0.5530557,0.5185261,0.5293878,0.5370313,0.55561584,0.51091814,0.5306879,0.5396714,0.5467434,0.52692986,0.5250607,0.5372598,0.5333452,0.5295304,0.5240153,0.54501295,0.5456031,0.5343604,0.53029954,0.51383376,0.52068025,0.5475285,0.5515056,0.5558537,0.5307084,0.53344446,0.5157366,0.5351715,0.56334907,0.5569336,0.5239207,0.5635948,0.5570141,0.55978084,0.5047813,0.5212618,0.515297,0.52922726,0.52316415,0.5532087,0.5527848,0.5234747,0.53110504,0.5078305,0.5399861,0.559349,0.5401012,0.49928573,0.54397345,0.5605324,0.5096707,0.52130055,0.50707424,0.54573107,0.5685607,0.54456085,0.5573992,0.5169202,0.55074847,0.5500695,0.54426134,0.5089755,0.5440637,0.5635418,0.5461272,0.55820745,0.50784695,0.5359433,0.51499444,0.53658026,0.5462329,0.56118286,0.5352798,0.53977525,0.5231416,0.524785,0.5426455,0.5574499,0.52371705,0.49244934,0.54623467,0.5012131,0.51550317,0.52796674,0.5443175,0.52698326,0.4976938,0.5388288,0.55255985,0.5724204,0.5365532,0.50313866,0.545548,0.5253985,0.5398357,0.5181453,0.49776024,0.50164944,0.5211146,0.49563468,0.5119033,0.5329175,0.5206051,0.5287133,0.5500245,0.5525185,0.5116872,0.5244607,0.559317,0.5375406,0.56430507,0.5092597,0.5009749,0.5337711,0.52059835,0.5310485,0.52923816,0.53124255,0.53800464,0.55608034,0.5252772,0.5401231,0.5244464,0.55637753,0.55901945,0.53612566,0.53456336,0.50932866,0.5432763,0.54697454,0.54784286,0.5349534,0.5470077,0.51846296,0.5705228,0.5391381,0.4987896,0.54276395,0.5179871,0.5586819,0.54253256,0.5190736,0.5229651,0.5092023,0.5480841,0.52817595,0.53760284,0.5164758,0.53306717,0.5251192,0.5343114,0.4866886,0.5181335,0.5402479,0.5273801,0.51923245,0.5183819,0.54331666,0.5321555,0.5147426,0.50969565,0.53893995,0.54395735,0.5383866,0.56892663,0.5116644,0.5444684,0.52021664,0.5176927,0.51872385,0.5238451,0.5414265,0.53930354,0.5380612,0.5317569,0.50608444,0.5320657,0.5531563,0.5357695,0.54837906,0.54187834,0.5337999,0.5199519,0.5236955,0.5130141,0.5438618,0.52104867,0.5210384,0.5291648,0.5198822,0.5601766,0.52241284,0.5430753,0.5580933,0.5260503,0.5444093,0.52462554,0.53790134,0.5435263,0.51031566,0.53388983,0.57651687,0.54431826,0.5420034,0.54513216,0.5371235,0.5217912,0.52330923,0.5567377,0.52773076,0.5213162,0.53863764,0.5168178,0.53975755,0.53761846,0.5221304,0.5271495,0.52346873,0.5268289,0.5612909,0.56441134,0.5199833,0.5447268,0.52259195,0.5631233,0.5310456,0.55337584,0.53522915,0.49246806,0.52531636,0.53079456,0.5359067,0.54687274,0.52463305,0.5340326,0.52475566,0.5307459,0.5566848,0.54274094,0.50750506,0.5278877,0.5339493,0.52055764,0.53711355,0.53714585,0.5155792,0.528213,0.53931963,0.52766,0.5639427,0.5477687,0.5486693,0.5250602,0.5253544,0.50825787,0.53651106,0.5291221,0.561695,0.54508734,0.5133998,0.5206698,0.5248554,0.5305622,0.55434513,0.5244328,0.54104465,0.531673,0.56874585,0.5645632,0.5509115,0.5330879,0.48109102,0.51673263,0.5405684,0.5235143,0.5201257,0.5449622,0.5323066,0.5325699,0.5523956,0.5579063,0.5373872,0.5300769,0.51110655,0.5020677,0.5525397,0.51090145,0.55434096,0.5264897,0.5385019,0.5371412,0.54075754,0.5227375,0.5415925,0.5438517,0.54522187,0.51424927,0.5533018,0.5219984,0.56584024,0.5357223,0.53243583,0.5516698,0.48936436,0.53661263,0.5555708,0.544848,0.52879566,0.5243305,0.5488685,0.5350867,0.5090189,0.53631616,0.5114791,0.54024535,0.50806046,0.5124367,0.5115831,0.5520155,0.52422523,0.50279504,0.5064463,0.5632479,0.5663055,0.519301,0.51933676,0.5630239,0.54216444,0.50371516,0.5409692,0.5259191,0.513986,0.49018928,0.5626312,0.5701789,0.5330777,0.54056686,0.5498176,0.5450777,0.5639917,0.54488134,0.5155508,0.53733325,0.54610366,0.5497447,0.51883334,0.5333414,0.5435759,0.5279553,0.5352673,0.5375262,0.50797564,0.5095988,0.55848664,0.51340055,0.5369663,0.5400412,0.5238972,0.55668736,0.55011827,0.51463455,0.53368336,0.5219226,0.5153679,0.5376275,0.5455117,0.53574437,0.53022313,0.5555174,0.529335,0.53753406,0.5203106,0.52740526,0.5143736,0.5326876,0.55380845,0.5308468,0.52388793,0.5106133,0.5359525,0.5506733,0.5256621,0.53504175,0.524148,0.5594452,0.56315964,0.5231116,0.5281129,0.5452284,0.5638404,0.54271525,0.522921,0.5366211,0.5219608,0.52100056,0.55081975,0.5441246,0.53115463,0.52300763,0.52120113,0.55161726,0.55746573,0.5172553,0.52658343,0.5496471,0.52465177,0.52582365,0.569552,0.527063,0.5388245,0.5067869,0.5282998,0.529076,0.5174696,0.54044473,0.5751117,0.5521462,0.53481555,0.5508231,0.5252118,0.5390463,0.5266795,0.53670406,0.5237168,0.5110392,0.53671736,0.5365524,0.54122025,0.52104545,0.5178683,0.52108604,0.5523055,0.5450283,0.5434727,0.5382616,0.4887933,0.5529152,0.54587466,0.50571126,0.53382796,0.57027626,0.5206025,0.5299576,0.5144871,0.52868557,0.53065497
0.52768064,0.5253022,0.5637378,0.554328,0.52340364,0.50337106,0.51048154,0.46718922,0.54852235,0.49964458,0.56389326,0.54555833,0.5409758,0.5116255,0.53207976,0.4895585,0.5178328,0.51304126,0.48130104,0.50052357,0.5544756,0.49826112,0.54279065,0.49904412,0.49745986,0.5268052,0.5225533,0.5029205,0.5534998,0.5407517,0.5008782,0.5287997,0.5060552,0.5037987,0.49384153,0.51278704,0.5506008,0.529196,0.4847827,0.52528596,0.54197437,0.49951497,0.53402704,0.53098845,0.5146075,0.528623,0.54588664,0.52271444,0.52220255,0.4862144,0.51244384,0.50689024,0.5086147,0.5190452,0.56008923,0.5185318,0.48864654,0.5404211,0.5468562,0.49281856,0.50777555,0.47855398,0.50682235,0.49645755,0.5034878,0.47711644,0.51137817,0.53849,0.51784164,0.5255153,0.47938687,0.5391284,0.48990688,0.5077261,0.5423402,0.50236833,0.5112053,0.5111971,0.524851,0.50270116,0.5256447,0.5322044,0.53290635,0.52926135,0.48400706,0.4916216,0.57244307,0.5403112,0.5157059,0.51943934,0.49216986,0.4866917,0.5416619,0.5312558,0.5058863,0.5065561,0.5371788,0.5351951,0.5575285,0.5182249,0.52315646,0.50664854,0.550691,0.49612102,0.5050087,0.56745046,0.5353046,0.50148046,0.47492945,0.5139477,0.52785087,0.5306439,0.5193872,0.51963246,0.5511581,0.547264,0.5265224,0.5446006,0.5230804,0.51225936,0.5349138,0.5105487,0.48481798,0.5196845,0.52882373,0.5224957,0.51977074,0.52446634,0.53398633,0.5334592,0.5183073,0.5392337,0.5420413,0.5024029,0.54909205,0.54555106,0.5009307,0.50294363,0.5070394,0.5097782,0.5223362,0.53552675,0.53926057,0.5557199,0.5169521,0.5344373,0.53021187,0.5067443,0.5019219,0.5273433,0.5031501,0.50909144,0.5017253,0.5090306,0.50866157,0.5253791,0.5356663,0.546359,0.52499735,0.54680467,0.5135272,0.5225935,0.5352795,0.57864356,0.54716116,0.5157108,0.5195372,0.52385426,0.49391553,0.52083266,0.52541834,0.52293026,0.54387677,0.4996951,0.5354995,0.4857051,0.5418885,0.53834647,0.5299466,0.53032464,0.52893436,0.5383031,0.57292813,0.50694853,0.48403692,0.550678,0.5370274,0.5006846,0.51349115,0.5019221,0.504023,0.516399,0.53358364,0.53946686,0.55896235,0.52020293,0.51442605,0.5302509,0.49008885,0.53622884,0.49924883,0.50004923,0.5115081,0.53270334,0.4850292,0.55009216,0.49847755,0.5010001,0.5672697,0.54217434,0.50097907,0.5054138,0.5335472,0.5213882,0.5427783,0.54405224,0.5250416,0.5161538,0.5276003,0.53551173,0.5379002,0.54898715,0.53796965,0.56088305,0.51702726,0.5372386,0.55942816,0.50290215,0.5286022,0.53739744,0.5059003,0.50484073,0.5474797,0.52940863,0.54341626,0.5111361,0.52990174,0.48834315,0.48142028,0.52346677,0.538445,0.50588685,0.5006755,0.57092744,0.5030393,0.5423039,0.5214232,0.5308397,0.55867445,0.50170594,0.55217373,0.5082767,0.51373976,0.5195825,0.5195215,0.5165734,0.5270502,0.5010631,0.5583389,0.507859,0.5408825,0.52429336,0.53405213,0.54611176,0.52977914,0.54370034,0.53452235,0.5166752,0.51283765,0.53077936,0.5154152,0.51885486,0.51306903,0.49066097,0.5579018,0.52820957,0.5143919,0.48610914,0.55540437,0.53029853,0.5160638,0.5088349,0.49052706,0.5418613,0.49005672,0.54270434,0.52673686,0.51260364,0.5382968,0.529078,0.5160541,0.51607955,0.5335107,0.5182541,0.512369,0.5213492,0.5391764,0.49316722,0.538405,0.54356533,0.49006426,0.5244539,0.5403547,0.5614279,0.55216,0.53363085,0.53367716,0.50303054,0.53615105,0.5274846,0.53645587,0.544854,0.549509,0.5193409,0.51171625,0.5681198,0.54616475,0.53548336,0.53680825,0.5403391,0.54070795,0.50374234,0.5327338,0.51135486,0.4726659,0.5079166,0.5500436,0.52287275,0.49538714,0.5017445,0.5211011,0.54752105,0.48871875,0.49403277,0.5202099,0.5422614,0.5202453,0.49442694,0.52920467,0.5314291,0.52716506,0.5157756,0.5007459,0.55561346,0.5174471,0.5139428,0.5080094,0.479855,0.49083325,0.4756971,0.51843023,0.49956515,0.55172724,0.5219186,0.5130246,0.51344,0.5098552,0.5060861,0.5167604,0.51410794,0.50601935,0.50168407,0.52016085,0.53749394,0.51623267,0.5210942,0.49817765,0.53096795,0.50935906,0.5048303,0.5308021,0.5214635,0.55681145,0.53146166,0.502651,0.5111254,0.5081188,0.5221896,0.49871963,0.5480875,0.4944166,0.5085994,0.5272674,0.56920373,0.53084105,0.48924494,0.52236193,0.5342177,0.5141038,0.47575927,0.54265726,0.5380311,0.5325997,0.54673374,0.4908964,0.5012637,0.4935779,0.5132937,0.51676494,0.57252324,0.55777514,0.4986403,0.53317297,0.5172202,0.5447853,0.5443774,0.5250314,0.57078266,0.5358627,0.5274409,0.54140174,0.531823,0.5183018,0.5029556,0.5259799,0.5191178,0.57100165,0.5326865,0.564837,0.49267018,0.49374935,0.50587094,0.51436085,0.49757934,0.5389165,0.4916175,0.50775856,0.533468,0.5378858,0.50002444,0.54314744,0.5600237,0.55558157,0.5520533,0.5238632,0.49583215,0.5199696,0.5095688,0.50453687,0.5147326,0.5417084,0.55190194,0.5215908,0.51804036,0.5363919,0.53282815,0.5478347,0.5520638,0.54719687,0.5343423,0.48375547,0.5091641,0.55286384,0.53002846,0.5559262,0.5154489,0.505484,0.48478472,0.49284592,0.51799023,0.50938296,0.49409097,0.5297791,0.52244925,0.5029076,0.5351826,0.5488545,0.56428844,0.52420074,0.53411704,0.5485232,0.5343431,0.5395004,0.49380192,0.54566705,0.5295685,0.5040672,0.50657517,0.50980735,0.4758433,0.5197679,0.5314212,0.5054994,0.5220206,0.5300563,0.5080966,0.55356723,0.5479803,0.5077826,0.53607476,0.5224414,0.5230186,0.5098175,0.5474481,0.5206403,0.5259612,0.49264705,0.48524356,0.5789571,0.53362864,0.52562946,0.51850307,0.5015966,0.5441955,0.52484715,0.5674249,0.51450914,0.496687,0.54394513,0.5053426,0.49745542,0.52872586,0.49792027,0.51470906,0.5000965,0.5159297,0.547286,0.5074208,0.551917,0.52465284,0.54445887,0.49903607,0.50211936,0.50420004,0.54781663,0.515716,0.5764458,0.54048795,0.53070676,0.52587765,0.510099,0.5992342,0.5508502,0.5149953,0.48675197,0.53639233,0.5346002,0.5416111,0.50366235,0.47106075,0.51942,0.53037125,0.5612457,0.52996653,0.54590636,0.56914866,0.54308224,0.49147087,0.5173331,0.52636224,0.4991867,0.48519015,0.5201081,0.5382723,0.527985,0.50740814,0.50996363,0.5196053,0.52821,0.5010666,0.56632364,0.56693065,0.54975206,0.5293538,0.5390771,0.538562,0.51732606,0.5023077,0.5311583,0.55935293,0.55270517,0.56228983,0.53348845,0.50422263,0.5213304,0.54573506,0.5161632,0.5506971,0.50136566,0.5335153,0.5086212,0.54578954,0.5186898,0.5632216,0.5060845,0.5335294,0.5559902,0.5331897,0.5263585,0.5283457,0.5129932,0.5105058,0.4994731,0.53773004,0.52104926,0.50935024,0.5384157,0.50485116,0.522339,0.538802,0.52196145,0.4753505,0.52868104,0.5444102,0.50727975,0.48021585,0.50825787,0.52652615,0.5219554,0.5341434,0.56454265,0.5150052,0.52683693,0.536341,0.54531026,0.5057646,0.54065037,0.5451497,0.5293814,0.563813,0.51167035,0.55822515,0.5029153,0.57174206,0.56578803,0.5523102,0.5446351,0.5234214,0.51026547,0.47409594,0.53461516,0.5672225,0.5273678,0.50773764,0.54479533,0.5076768,0.51176476,0.5076405,0.53266984,0.5476988,0.48860937,0.52075005,0.544526,0.53157127,0.53723335,0.51162034,0.5232857,0.561735,0.5220555,0.49372852,0.4869097,0.47936618,0.5029792,0.5043467,0.46978465,0.5324008,0.51285976,0.5383075,0.5534752,0.5356405,0.49623978,0.5441106,0.52857286,0.52359277,0.5117901,0.4591072,0.53514737,0.52659655,0.5153634,0.55375856,0.5247303,0.53132385,0.49743122,0.5445526,0.4915094,0.543592,0.50276905,0.54577,0.5234925,0.5134831,0.5209289,0.47271317,0.5395623,0.5494008,0.51697457,0.5273253,0.53141415,0.51154196,0.52814317,0.5212077,0.4997577,0.5023306,0.524248,0.5205256,0.5456053,0.5069778,0.5012729,0.5463239,0.5569448,0.54050905,0.57203937,0.49547094,0.5376513,0.5455215,0.5121614,0.48184425,0.52073705,0.51907665,0.5208758,0.5398004,0.55192447,0.527428,0.52464396,0.50467,0.53447944,0.5377528,0.5358608,0.55236584,0.5394474,0.5325415,0.47509083,0.54732025,0.5086061,0.5579565,0.5248387,0.52346516,0.5011373,0.52020586,0.528718,0.47772306,0.539551,0.51713675,0.45786047,0.5340406,0.5319504,0.5296153,0.4973053,0.51403016,0.52600306,0.538773,0.53081304,0.49618906,0.5393715,0.50249875,0.55314904,0.5240989,0.5112834,0.52862674,0.52746797,0.5345856,0.495852,0.53827626,0.51859623,0.5255604,0.5468962,0.5562288,0.5226672,0.5225456,0.51023287,0.5320762,0.51200944,0.53645205,0.55195683,0.5112348,0.54218096,0.5283406,0.52476656,0.50453174,0.52872837,0.54138565,0.5073085,0.5094298,0.50556564,0.5587621,0.575352,0.49134886,0.52895194,0.54353803,0.51985145,0.5164905,0.5522802,0.5353901,0.500904,0.5251832,0.5137893,0.53305423,0.5203814,0.5083125,0.51976126,0.5519174,0.49174356,0.52047527,0.5242205,0.51279575,0.5036122,0.55876106,0.5163275,0.500019,0.5245832,0.50953245,0.5209126,0.5284303,0.5104753,0.54116774,0.5263025,0.5389342,0.5165937,0.50827277,0.49796614,0.5554988,0.4975195,0.5527068,0.5489797,0.5174743,0.5257511,0.52028465,0.519251,0.549685,0.53731024,0.5244829,0.533655,0.5448054,0.56289697,0.54233277,0.5377839,0.4961897,0.51171553,0.5205955,0.5168649,0.4955049,0.5184617,0.5160428,0.5116615,0.5318892,0.56768,0.51778555,0.507799,0.56425256,0.5208929,0.51422805,0.48730925,0.513505,0.5613324,0.5528889,0.54772115,0.5218488,0.4883265,0.5070328,0.55665004,0.56154746,0.52046585,0.53997165,0.5276886,0.5478131,0.54319274,0.53893304,0.5733589,0.4783417,0.5482394,0.55770624,0.51286453,0.54396486,0.5272775,0.5368131,0.5501264,0.5287863,0.5218444,0.5387752,0.5462771,0.5022206,0.5179348,0.5140588,0.5626104,0.53764147,0.5304381,0.4931488,0.56131965,0.53894055,0.49440718,0.5367068,0.5436386,0.5251929,0.4762289,0.5595579,0.49176583,0.49438,0.5125238,0.5137977,0.55072385,0.5187341,0.5459809,0.4966273,0.54645634,0.52432686,0.54011655,0.5389888,0.5340324,0.5628014,0.4941978,0.5112122,0.5168499,0.53146726,0.5230305,0.55932796,0.53455853,0.50734144,0.513242,0.55271614,0.5735362,0.5551863,0.5269306,0.514275,0.5233046,0.52596194,0.51375234,0.5443279,0.50297785,0.5083972,0.5495094,0.5052833,0.5069444,0.5204574,0.55510515,0.52715963,0.5140827,0.4970039,0.5404087,0.5203367,0.48358518,0.5466671,0.5189961,0.54827046,0.51052827,0.53774285,0.54497373,0.48562634,0.5363488,0.5112891,0.5474728,0.55140597,0.5316329,0.540414,0.5380474,0.5376965,0.49833074,0.5015181,0.48967326,0.512488,0.5423357,0.5306221,0.5522194,0.5445395,0.50891334,0.556123,0.5265076,0.5369141,0.50058174,0.5035481,0.5234779,0.5296267,0.4927423,0.53988755,0.5440796,0.49979407,0.49084365,0.5069016,0.5218776,0.5060722,0.5492348,0.5541271,0.5411605,0.5471549,0.5474905,0.52725416,0.50316554,0.53068614,0.509851,0.50856215,0.49486285,0.545044,0.530893,0.54580855,0.5217646,0.5222864,0.5125257,0.55970377,0.5265774,0.49573985,0.54483,0.5053909,0.5451208,0.54949987,0.5085142,0.50370735,0.5496425,0.5295436,0.5174555,0.5088337,0.5431209,0.5060599
0.77464503,0.7694028,0.75252396,0.7960319,0.7755061,0.8212644,0.7582375,0.7970692,0.7864675,0.7516503,0.7589055,0.7906504,0.77152866,0.8261101,0.77672225,0.79533273,0.7706661,0.7894207,0.80232465,0.7750037,0.76882714,0.7346279,0.7792787,0.77233505,0.8076845,0.7818537,0.76373595,0.7676765,0.78285706,0.7805836,0.77318144,0.7637554,0.7479075,0.77433187,0.8213985,0.8081721,0.7870557,0.7382897,0.75196606,0.80257326,0.79676664,0.7604621,0.74745524,0.7791935,0.7913009,0.7958838,0.8041889,0.74973655,0.75657636,0.77896714,0.8226906,0.76938105,0.7701583,0.7876314,0.7639852,0.7338759,0.71963143,0.7708876,0.7591045,0.75683975,0.80140567,0.762364,0.80684626,0.785401,0.75721616,0.775506,0.77237153,0.78433627,0.7871804,0.79861563,0.7610309,0.7884876,0.78988445,0.7930738,0.79881334,0.78179365,0.7664194,0.7602173,0.8004423,0.79319686,0.7829443,0.7581797,0.756591,0.75487983,0.7689469,0.7496551,0.76633847,0.80444926,0.78811044,0.79650104,0.769804,0.76918745,0.80099094,0.746153,0.8033419,0.7796687,0.7739866,0.78242755,0.8039164,0.76116014,0.7864876,0.7821786,0.78339,0.7793547,0.75129557,0.77677125,0.79337656,0.75957865,0.78604525,0.7714641,0.79511935,0.7699403,0.78952813,0.8025613,0.74426675,0.80905795,0.7926923,0.71095824,0.76681685,0.7687789,0.799759,0.75884926,0.7788307,0.70756024,0.7750204,0.7834852,0.82034975,0.76125556,0.74476796,0.765784,0.79132974,0.8246665,0.73499554,0.79032934,0.7994099,0.77068776,0.79217476,0.7757509,0.7601355,0.77919495,0.7773764,0.77522206,0.7771088,0.7862083,0.7716677,0.8266726,0.7731875,0.7657548,0.7634111,0.76420003,0.80183214,0.7925646,0.73808974,0.78262544,0.79129004,0.76687753,0.7758974,0.7731705,0.783442,0.78329164,0.7694939,0.7910236,0.78756183,0.7995359,0.74125826,0.7899203,0.7657829,0.7942963,0.7412626,0.7999871,0.80280274,0.7757425,0.7855332,0.7765527,0.744047,0.754429,0.7730357,0.8036023,0.7483127,0.74762684,0.79741365,0.74683553,0.7839703,0.7767071,0.78110886,0.78629184,0.77958405,0.7651085,0.767661,0.7350468,0.7840793,0.7550694,0.78545004,0.7753541,0.7832228,0.7477226,0.7842195,0.7905467,0.7948675,0.7633947,0.8063779,0.72706115,0.7806154,0.7860633,0.7581388,0.7403417,0.83056134,0.76119196,0.812917,0.7977586,0.78109413,0.7614748,0.76264757,0.7959032,0.7636688,0.7891167,0.78648996,0.7556911,0.74332404,0.7876074,0.8173222,0.77249396,0.77384835,0.7581621,0.7643816,0.80489767,0.7923068,0.7722897,0.7648235,0.78077126,0.8139679,0.7887994,0.78478277,0.7838713,0.75540566,0.77707785,0.77302843,0.7688522,0.7574753,0.7931505,0.758748,0.74684906,0.764761,0.7420478,0.76454383,0.79157275,0.7342791,0.7702525,0.7589514,0.8016295,0.7841075,0.8136921,0.76728386,0.7748315,0.80115354,0.81422865,0.761515,0.7813376,0.76053923,0.78693116,0.8049016,0.7949111,0.78336984,0.76440793,0.75812715,0.7519562,0.78537977,0.7964298,0.76733416,0.7622464,0.752492,0.7982027,0.7510019,0.78037935,0.7398716,0.80971104,0.75478625,0.7573678,0.8058323,0.81808543,0.7722391,0.778925,0.7288972,0.7487659,0.74287647,0.76562923,0.7450929,0.7792639,0.7859654,0.8048638,0.7738397,0.7790926,0.77031225,0.7603401,0.73642707,0.74767494,0.78427887,0.80753523,0.8039882,0.7793793,0.8057584,0.7743504,0.7795845,0.7982584,0.7944053,0.73932344,0.80318946,0.7734685,0.7724111,0.8134904,0.75149703,0.7998295,0.7717476,0.7783495,0.81820995,0.7700997,0.7722124,0.78206,0.7568769,0.7689583,0.82608813,0.7695919,0.78576857,0.7636068,0.7692492,0.7445808,0.781476,0.7841806,0.7201349,0.7486729,0.75129086,0.75822896,0.7222973,0.7602764,0.75404,0.8050692,0.7645433,0.7698899,0.79081124,0.7681396,0.7764462,0.75734663,0.7431419,0.77133816,0.7706174,0.7528815,0.7817822,0.78667355,0.7417161,0.75252235,0.8097168,0.7638519,0.75823927,0.7835821,0.76280266,0.7960249,0.7431815,0.7855615,0.78286654,0.7787168,0.78581977,0.78122735,0.77558684,0.7653937,0.79165727,0.8105666,0.78139955,0.76493645,0.801219,0.7995194,0.75999135,0.72238,0.77625525,0.74710464,0.79509825,0.76270103,0.7819655,0.82298553,0.8016665,0.7849112,0.7938054,0.83541566,0.7945324,0.7930722,0.7719336,0.7585678,0.7633231,0.785202,0.7749198,0.7685164,0.79531413,0.7902504,0.78857255,0.7689045,0.7664551,0.80979115,0.7636854,0.785192,0.7974338,0.7987854,0.796089,0.74716026,0.7915947,0.80097765,0.76780653,0.8016903,0.7885546,0.7821073,0.76805836,0.7774785,0.7671948,0.783659,0.76266646,0.78643024,0.74876225,0.7702178,0.8189096,0.79858714,0.7798146,0.792377,0.7930027,0.78680134,0.7979114,0.77841073,0.8020131,0.7751362,0.7537043,0.74580765,0.7809896,0.79673505,0.78058094,0.8275763,0.7777077,0.77930033,0.7733427,0.74828416,0.7924448,0.77917063,0.77842885,0.7561187,0.7680733,0.7951598,0.7777248,0.7756459,0.7940266,0.77218723,0.7859385,0.7835323,0.7895683,0.75620335,0.7544037,0.71391714,0.766726,0.7768402,0.76877487,0.75554144,0.75124526,0.7607187,0.7575494,0.7752524,0.773737,0.80067307,0.76688343,0.79495674,0.78772324,0.80346507,0.76959103,0.79842925,0.77941847,0.78711426,0.7952591,0.78254855,0.7977151,0.76093096,0.74584675,0.743665,0.79588556,0.7989629,0.7781579,0.7315307,0.72728795,0.7728588,0.7997015,0.75491554,0.77770483,0.7985214,0.78957057,0.7776412,0.77134526,0.7684875,0.793234,0.7653347,0.7904958,0.7921426,0.7479073,0.7787516,0.7998719,0.7758746,0.76528376,0.7605682,0.80598104,0.8082253,0.76956517,0.7606113,0.80028576,0.7396292,0.77911234,0.7644191,0.8176548,0.7986782,0.7828844,0.7832794,0.78103405,0.7557899,0.7656504,0.7708342,0.83410263,0.77180934,0.7726776,0.7789934,0.7480485,0.75023836,0.79041904,0.76060325,0.7875142,0.75115824,0.7511065,0.8042884,0.75879216,0.77793705,0.7700702,0.7863875,0.7733658,0.80392265,0.7841431,0.77103704,0.8034448,0.7899425,0.77102405,0.8015145,0.76258135,0.79029894,0.7679476,0.752607,0.7693361,0.76877666,0.80182034,0.7910761,0.8016845,0.7340898,0.7348996,0.8114461,0.7644515,0.7740403,0.8229495,0.76412135,0.75967336,0.76512957,0.80554456,0.7578695,0.77084917,0.77371657,0.7282714,0.76281583,0.7710239,0.79172474,0.7662317,0.7766797,0.8018326,0.7686198,0.7956519,0.7644919,0.77244097,0.8134807,0.7852449,0.7597378,0.7755894,0.79721844,0.7439885,0.80375373,0.8076916,0.76038677,0.80209374,0.7703047,0.7582667,0.80397975,0.77861685,0.8023542,0.73186415,0.7604361,0.7835471,0.756782,0.77992064,0.73157716,0.7760155,0.773468,0.78650826,0.75249475,0.7928388,0.7849095,0.77337056,0.75486726,0.8062942,0.8098022,0.76095843,0.76236725,0.7453331,0.7433866,0.8134016,0.82693124,0.7625791,0.80133957,0.7734488,0.77104264,0.7764184,0.74306923,0.7762449,0.8251735,0.770421,0.8002641,0.7351178,0.7729138,0.7684555,0.7892822,0.76933706,0.7748223,0.76231766,0.7546431,0.7602786,0.73488283,0.7721885,0.7823524,0.7770097,0.7376474,0.7613947,0.80648166,0.7718854,0.79373443,0.789863,0.7565851,0.76358837,0.78091335,0.80163527,0.74874675,0.76214975,0.72976017,0.78687966,0.7793616,0.76947796,0.77172196,0.78857553,0.76339364,0.7729019,0.72620994,0.79219913,0.76306266,0.7551381,0.80121464,0.7608088,0.7509038,0.7655594,0.7493607,0.7937205,0.7890243,0.79499316,0.7787935,0.7390033,0.7759056,0.7859602,0.7933319,0.7731386,0.7378361,0.76740116,0.7920872,0.7689586,0.7681757,0.7948911,0.8182907,0.75901395,0.78057086,0.7556856,0.7647143,0.7878419,0.78163636,0.7774605,0.7779869,0.77314967,0.75989836,0.7837005,0.77465516,0.73432565,0.7874285,0.7722759,0.81653005,0.7921444,0.77827907,0.79543126,0.77262837,0.80673695,0.7725941,0.8019476,0.74230283,0.7870683,0.7547753,0.7684345,0.76912093,0.7683381,0.73632836,0.8129586,0.7602551,0.7822153,0.7473967,0.78522336,0.7351955,0.7930428,0.7736136,0.7980802,0.7652764,0.7828984,0.7999603,0.7738255,0.7622826,0.76395357,0.769508,0.77672565,0.7947612,0.7773349,0.78734916,0.7728367,0.75456566,0.78075516,0.8041542,0.81857157,0.7352353,0.76777816,0.7448677,0.7665391,0.77112186,0.74242324,0.7804786,0.7582992,0.7683662,0.7980188,0.75473046,0.7731335,0.77005106,0.7743839,0.7864736,0.78134733,0.7721721,0.78602004,0.76224077,0.77468795,0.78817934,0.77820027,0.793247,0.8286424,0.76850104,0.74870354,0.7923171,0.78247297,0.7715698,0.82366294,0.7410361,0.7691073,0.78881836,0.7515618,0.741527,0.78111285,0.79223794,0.77666533,0.7631354,0.79594755,0.79481614,0.764692,0.7670077,0.784931,0.75655854,0.7721012,0.78559786,0.80116034,0.7460975,0.73440146,0.76548386,0.76450765,0.7818751,0.8167508,0.7875679,0.7550304,0.7795875,0.7484084,0.7737745,0.7839241,0.75002766,0.8113784,0.7689256,0.77660775,0.7957361,0.7584922,0.7617909,0.78086436,0.77946633,0.7568222,0.7787556,0.75989854,0.7991561,0.7543616,0.76417196,0.78141284,0.79337704,0.80876446,0.7938003,0.781603,0.75924486,0.7905133,0.7617808,0.7934487,0.7853516,0.71762925,0.81252754,0.77285993,0.79420805,0.769853,0.76450664,0.7684314,0.7381619,0.7441505,0.77692014,0.7793425,0.76097834,0.7791525,0.7533675,0.7918128,0.76868784,0.76075935,0.7849795,0.75966024,0.7690577,0.7895736,0.7992987,0.79082644,0.7930385,0.73687667,0.7849921,0.748941,0.80359983,0.7725432,0.7386943,0.80721176,0.7925407,0.7544389,0.7865561,0.7636347,0.75413644,0.7585709,0.7555221,0.7726355,0.7764385,0.75439787,0.80222476,0.7810192,0.7808209,0.7768056,0.7936492,0.7865559,0.7754048,0.7715936,0.7382807,0.7756686,0.7193407,0.75111425,0.7535676,0.7486523,0.7720939,0.74870807,0.75945365,0.79644704,0.7993086,0.78358877,0.7637652,0.8096559,0.77142954,0.74034023,0.78740096,0.8069278,0.774279,0.78220993,0.7784993,0.80581474,0.75085723,0.7511302,0.7609378,0.8083091,0.82103837,0.78416264,0.76845497,0.7903753,0.7865244,0.76023716,0.7861106,0.7762265,0.7857047,0.7809036,0.81120956,0.7824557,0.7883739,0.755547,0.8112031,0.7662638,0.77593356,0.7889497,0.7693211,0.77864933,0.76144403,0.74505895,0.7739478,0.7720438,0.7607839,0.7381884,0.7784521,0.7955285,0.7867709,0.7692845,0.77128637,0.78938997,0.7379687,0.76304704,0.74332863,0.78969336,0.7763131,0.7528808,0.7679244,0.7502263,0.78834563,0.7492949,0.79609305,0.79970014,0.7670929,0.77055126,0.814472,0.79100496,0.7410317,0.738527,0.75636053,0.77126896,0.7787814,0.78608847,0.7727901,0.7760878,0.801863,0.80728775,0.78305966,0.74439704,0.7830695,0.77826786,0.7666881,0.77256,0.80988395,0.7871274,0.7688711,0.75410223,0.7737536,0.7685584,0.77269864,0.7886026,0.74411243,0.7682821,0.7755671,0.7950068,0.83245647,0.79347,0.7693924,0.76611507,0.7853541,0.7761154,0.7869311,0.7607545,0.7943097,0.8020913,0.77623975,0.7727122,0.76926535,0.77365696,0.80703276,0.7920888,0.7589808,0.79019666,0.7806492,0.8159933,0.75127226,0.7661329,0.7618458,0.7487152,0.77688736,0.74126863,0.77710265,0.78334254,0.7665285,0.7812063,0.79052526
0.0,0.0,0.0,0.0,0.0,0.0,0.0,0.0,0.0,0.0,0.0,0.0,0.0,0.0,0.0,0.0,0.0,0.0,0.0,0.0,0.0,0.0,0.0,0.0,0.0,0.0,0.0,0.0,0.0,0.0,0.0,0.0,0.0,0.0,0.0,0.0,0.0,0.0,0.0,0.0,0.0,0.0,0.0,0.0,0.0,0.0,0.0,0.0,0.0,0.0,0.0,0.0,0.0,0.0,0.0,0.0,0.0,0.0,0.0,0.0,0.0,0.0,0.0,0.0,0.0,0.0,0.0,0.0,0.0,0.0,0.0,0.0,0.0,0.0,0.0,0.0,0.0,0.0,0.0,0.0019367002,0.0,0.0,0.0,0.0,0.0,0.0,0.0,0.0,0.0,0.0,0.008643925,0.0,0.0,0.0,0.0,0.0,0.0,0.0,0.0,0.0,0.0,0.0,0.0,0.0,0.0,0.0,0.0,0.0,0.0,0.0,0.0,0.0,0.0,0.0,0.0,0.0,0.0,0.0,0.0,0.0,0.0,0.0,0.0,0.0,0.0,0.0,0.0,0.0,0.0,0.0,0.0,0.0,0.010832582,0.0,0.0,0.009700637,0.0,0.0,0.0,0.0,0.0,0.0,0.0,0.0,0.0,0.0,0.0,0.0,0.0,0.0,0.0,0.0,0.00457152,0.0,0.0,0.0,0.0,0.0,0.0,0.0,0.0,0.0,0.0,0.0,0.008066177,0.0,0.0,0.0,0.0,0.0,0.0,0.0,0.0,0.0,0.0,0.0,0.007458996,0.0,0.0,0.015228875,0.0,0.0,0.0,0.0,0.0,0.0029731914,0.0,0.0,0.0,0.0,0.0,0.0,0.0,0.0,0.0,0.0,0.0,0.012171131,0.0,0.0,0.0,0.0,0.0,0.024045672,0.0,0.0,0.0,0.0,0.0,0.0,0.0,0.0,0.011721134,0.0,0.0,0.0,0.0,0.0,0.0,0.0027022734,0.0,0.0,0.0,0.0,0.0,0.0,0.0,0.0,0.0,0.0,0.0,0.0,0.0,0.0,0.0,0.0,0.0,0.0,0.0,0.0,0.0089941025,0.0,0.0,0.0,0.0,0.0,0.025140904,0.0,0.0,0.0,0.0,0.0,0.0,0.0,0.0,0.0,0.0,0.0,0.0,0.0,0.0,0.0,0.0,0.0,0.0,0.0,0.0,0.004451938,0.0,0.0,0.0,0.0,0.0,0.0,0.0,0.0,0.0,0.0,0.002419632,0.0,0.0,0.0,0.0,0.0,0.0,0.0029451624,0.0,0.0,0.0,0.0,0.0,0.0,0.0,0.0,0.0,0.0,0.0,0.0,0.0,0.0,0.0,0.0,0.0,0.0,0.0,0.012097724,0.0,0.0,0.0,0.0,0.0,0.0,0.0,0.0,0.0,0.0,0.0,0.0,0.0,0.0,0.0,0.0,0.0,0.011951521,0.0,0.0,0.0,0.0,0.0,0.0,0.0,0.0,0.0,0.0,0.0,0.0,0.0,0.0,0.0,0.0,0.0,0.0,0.0,0.0,0.0,0.0,0.0,0.0,0.0,0.0,0.0,0.0,0.0,0.0,0.0,0.0,0.0,0.0,0.0,0.0,0.0,0.0,0.0,0.0,0.0,0.0006325692,0.0,0.0,0.0,0.0,0.0,0.0,0.0,0.0,0.0,0.0,0.0,0.0,0.0,0.0,0.0,0.0,0.0,0.0,0.0,0.0,0.0,0.0,0.0,0.0,0.0,0.0,0.0,0.0,0.0,0.0,0.0,0.0,0.0,0.0,0.0018806346,0.0,0.0,0.0,0.010333888,0.0,0.0,0.0,0.0,0.014220759,0.0,0.026487887,0.0,0.0,0.0,0.0,0.0,0.0,0.0,0.0,0.0,0.004360594,0.0,0.0,0.00027787685,0.0,0.0,0.0,0.0,0.0,0.011144064,0.0,0.0,0.0,0.0,0.0,0.0,0.0,0.0,0.0,0.0,0.0,0.0,0.0,0.0,0.0,0.0,0.0,0.0,0.0,0.0,0.0,0.0,0.008992791,0.0,0.0,0.0,0.0,0.0,0.0,0.0,0.0,0.0,0.0,0.0,0.0,0.0,0.0,0.0,0.0,0.0,0.0,0.0,0.0,0.0,0.0,0.0,0.0,0.0,0.0,0.0,0.0,0.0,0.0,0.0,0.0,0.0,0.0,0.0,0.0,0.0,0.0,0.0,0.0,0.0,0.0,0.0,0.0,0.0,0.0,0.0,0.0,0.0,0.0,0.0,0.0,0.0,0.0,0.0,0.0,0.0,0.0,0.0,0.0112189725,0.0,0.0,0.0,0.0,0.0,0.0,0.0,0.0,0.0,0.0,0.0,0.0,0.004780233,0.0,0.0,0.0,0.0,0.0,0.0,0.0,0.0,0.0,0.0,0.0,0.0,0.0,0.0,0.0,0.0,0.0,0.0,0.0,0.0,0.0,0.0,0.0,0.0,0.0,0.0,0.0,0.0,0.0,0.0,0.0,0.0,0.0,0.0,0.0,0.0,0.0,0.0018115491,0.0,0.0,0.0,0.0,0.004663609,0.0,0.0,0.0,0.007695824,0.0,0.0,0.0,0.0,0.0,0.0,0.0,0.0,0.0,0.0,0.0,0.0,0.0,0.0,0.0,0.0,0.0,0.0,0.0,0.0,0.0,0.0,0.0,0.0,0.0,0.0,0.0,0.0,0.0,0.00047001988,0.0,0.0,0.0,0.0,0.0,0.0,0.0,0.0,0.0,0.0,0.0,0.0,0.0,0.0018987246,0.0,0.0,0.0,0.0,0.0,0.0,0.0,0.0,0.0,0.0,0.0,0.0,0.0,0.0,0.0,0.0,0.0,0.0,0.0,0.0,0.0,0.0,0.0,0.0,0.0,0.0,0.0,0.0010674521,0.0,0.0,0.0,0.0,0.0,0.0,0.0,0.0,0.0,0.0,0.0,0.0,0.0,0.0052795596,0.0,0.0,0.0,0.0,0.0,0.0,0.0,0.0,0.0,0.0,0.0,0.0,0.0,0.0,0.0,0.0,0.0,0.0,0.0,0.0,0.0,0.0,0.0,0.0,0.0,0.0,0.0,0.0051048547,0.0,0.0,0.0,0.0,0.0,0.0,0.0,0.0,0.0,0.0069390237,0.02720134,0.0,0.0,0.0,0.006441757,0.002381876,0.0,0.0,0.0,0.0,0.0,0.0,0.0,0.0,0.0,0.0,0.0,0.0,0.0,0.0,0.0,0.0,0.0,0.0,0.0,0.008174662,0.0,0.0,0.0,0.0,0.0,0.0,0.0,0.0,0.0,0.0,0.0,0.0,0.0,0.0,0.0,0.0,0.0,0.0,0.0,0.0,0.0,0.0,0.0,0.0,0.0,0.0,0.0,0.0,0.0,0.0,0.0,0.0,0.0,0.0,0.0,0.0,0.0,0.0,0.0,0.0,0.0,0.0,0.0,0.0,0.0,0.0,0.0,0.0,0.0,0.0005025044,0.0,0.0,0.0,0.0,0.0,0.0,0.0,0.0,0.0,0.0,0.0,0.012910724,0.0,0.0,0.0,0.0,0.0,0.0,0.0,0.0,0.0,0.0,0.0,0.0,0.0,0.0,0.0,0.0,0.0,0.0,0.0,0.0,0.0,0.0167877,0.0,0.0,0.0,0.0,0.0037621409,0.011202943,0.008562177,0.0,0.0,0.0,0.0,0.0,0.0,0.0,0.0,0.0,0.0,0.0,0.0,0.0,0.0,0.0,0.0,0.0,0.0,0.0,0.0,0.0,0.0,0.0,0.0,0.0,0.0,0.0,0.0,0.0,0.006786391,0.0,0.0,0.0,0.0,0.0,0.0,0.0,0.0,0.0,0.0,0.0,0.0,0.0,0.0,0.0,0.0,0.0,0.0,0.0,0.0007181205,0.0,0.0,0.0,0.0,0.0,0.0,0.0,0.0,0.0,0.00085803866,0.0,0.0,0.0,0.0,0.0,0.0,0.0,0.0,0.0,0.0,0.0,0.0,0.0,0.0,0.0,0.0,0.0,0.0,0.0,0.0,0.011528812,0.0,0.0,0.0,0.0,0.0,0.0,0.0,0.0,0.0,0.0,0.0,0.0,0.0,0.0,0.0,0.0,0.0,0.0,0.0,0.0,0.0,0.0,0.0,0.0,0.0,0.0,0.0,0.0,0.0,0.0,0.0,0.0,0.0,0.0,0.005999677,0.0,0.0,0.0,0.0,0.0,0.0,0.0,0.007983074,0.0,0.0,0.0,0.0055712685,0.0,0.0,0.0,0.0,0.0,0.0,0.0,0.0,0.0,0.0,0.0,0.0,0.0,0.0,0.0,0.0,0.0,0.0,0.0,0.0,0.0,0.0,0.0,0.0,0.0,0.0,0.0,0.0,0.0,0.0,0.0,0.0,0.002401501,0.0,0.0,0.0,0.0,0.0,0.0,0.0,0.0,0.0,0.0,0.0,0.0,0.0,0.0,0.0,0.0,0.0,0.0,0.0,0.0,0.0,0.0,0.0,0.0
