0.5612798,0.5406863,0.5250338,0.5461159,0.5212957,0.53459686,0.5452571,0.546445,0.5578489,0.5556751,0.5331432,0.53932273,0.5429417,0.5436465,0.54172254,0.5555678,0.52494705,0.55511975,0.5283845,0.5413962,0.5586504,0.5575354,0.5318807,0.55521613,0.53232116,0.5338353,0.54294455,0.52556413,0.51997256,0.5396378,0.56131697,0.5329475,0.5410683,0.55277073,0.5511931,0.534571,0.5431556,0.5643957,0.5259645,0.5524555,0.5342778,0.5626186,0.5347703,0.53257996,0.52851796,0.5526199,0.5392282,0.54047775,0.52672327,0.55376387,0.5621593,0.54511774,0.5342568,0.541234,0.53314835,0.53855973,0.52306557,0.50900424,0.5406592,0.5242228,0.5524505,0.55301785,0.55726564,0.5394058,0.5232968,0.5602572,0.5379201,0.55211395,0.5507266,0.54257834,0.5455604,0.53978574,0.54064196,0.5379441,0.53645927,0.5424774,0.55599344,0.54001117,0.5413818,0.54494464,0.53816646,0.5475385,0.54697484,0.54044735,0.54199785,0.54503304,0.5349252,0.5375277,0.5445503,0.56756186,0.5468332,0.5498115,0.5410618,0.5163787,0.55269253,0.54625076,0.5176677,0.5479813,0.54483604,0.5423367,0.538838,0.5369493,0.54509556,0.5501401,0.54095757,0.5470446,0.5344147,0.5240845,0.5546921,0.5458633,0.5368296,0.5477457,0.53221893,0.55300784,0.5563138,0.52986693,0.536007,0.5278112,0.5511393,0.5378855,0.5473581,0.56172746,0.53284633,0.531868,0.52471507,0.5282695,0.55767614,0.55283356,0.5358797,0.52629733,0.53611547,0.5138409,0.54154366,0.54629916,0.54589194,0.5473627,0.5272125,0.54452085,0.5283854,0.53974855,0.5469586,0.5251746,0.5387422,0.5399136,0.5390265,0.5235076,0.5367521,0.52266383,0.5309975,0.5369333,0.52814907,0.53979915,0.5481187,0.52757215,0.5375438,0.5469065,0.5376434,0.53996253,0.5349937,0.5603785,0.5511581,0.54393005,0.532834,0.5206068,0.52323633,0.5188914,0.5326069,0.5273699,0.53890395,0.541188,0.54377073,0.54271233,0.5457489,0.5224359,0.5420861,0.53115225,0.53729695,0.52163845,0.5389691,0.5450048,0.5320144,0.5484773,0.53712916,0.52073723,0.5371085,0.5387595,0.54727674,0.5283472,0.54879,0.5293888,0.54400676,0.5492836,0.5522198,0.54617524,0.54082876,0.5344287,0.5292354,0.52357197,0.54167104,0.56574756,0.52734023,0.53667486,0.5560979,0.5422533,0.5597054,0.5504568,0.51877916,0.5233878,0.54325765,0.5454129,0.55414516,0.5298793,0.54144055,0.55287904,0.52415216,0.5434004,0.5333257,0.5266772,0.544225,0.5213835,0.5408448,0.5351958,0.5414432,0.5513111,0.5346689,0.557191,0.5586746,0.5393472,0.55205566,0.5314606,0.5326258,0.53031605,0.5353064,0.54048,0.5338132,0.54339105,0.548655,0.5353074,0.53600967,0.5649611,0.5531341,0.54417425,0.53875524,0.55268466,0.548775,0.55674696,0.5384463,0.5462188,0.53994495,0.5306614,0.5486978,0.5237269,0.51993686,0.52495825,0.543969,0.5430975,0.5574793,0.53427166,0.54944664,0.5300157,0.5395171,0.539947,0.5631181,0.53194416,0.5437226,0.56256443,0.5449019,0.5526861,0.5333866,0.5234381,0.5386655,0.5425001,0.57002956,0.5475001,0.54139835,0.55055434,0.5474782,0.5407619,0.52922803,0.5408651,0.5537765,0.53603756,0.5407177,0.529056,0.5335783,0.53185594,0.5428915,0.5426734,0.5457683,0.5301039,0.5338115,0.5385754,0.5379229,0.54571986,0.5522844,0.5621063,0.55022436,0.5594203,0.5517095,0.54975027,0.5542588,0.54237574,0.5230446,0.53134036,0.5379205,0.5566771,0.5514655,0.5280328,0.5279486,0.5322222,0.5433523,0.53525627,0.53142405,0.53828347,0.5584844,0.5314334,0.54965776,0.5317133,0.5491154,0.54205257,0.54060984,0.5365234,0.5391561,0.5498278,0.5350718,0.5424473,0.53976953,0.5331942,0.54280645,0.55427635,0.5212249,0.5254439,0.55081874,0.53471345,0.5370627,0.5565208,0.530879,0.55583334,0.54398,0.5375146,0.5422551,0.52662647,0.5478063,0.5507402,0.53781796,0.55085415,0.5402841,0.552896,0.54624116,0.53556114,0.5277622,0.53609824,0.546985,0.54260576,0.5477149,0.5305658,0.5207615,0.54653895,0.53846306,0.5352018,0.52362007,0.55047375,0.54145455,0.5244564,0.5413333,0.54820263,0.55634826,0.54393995,0.55435807,0.5463848,0.53030294,0.5432133,0.53794426,0.53320664,0.5512227,0.54785335,0.55752504,0.5295787,0.5263357,0.5269044,0.5422417,0.54814553,0.54504997,0.5345118,0.54669213,0.552058,0.5492134,0.5397998,0.53235334,0.5410594,0.5435906,0.5427806,0.54886514,0.5374481,0.5374207,0.54606164,0.5263915,0.5401373,0.53774905,0.54827106,0.53673726,0.55046177,0.5433104,0.5577401,0.52416843,0.530721,0.5364941,0.5303671,0.5437007,0.5280664,0.547457,0.55521476,0.5462612,0.5414058,0.5610743,0.5629346,0.5311794,0.5444889,0.52325946,0.54688275,0.5517565,0.5353231,0.5429294,0.5449308,0.5401518,0.54385144,0.5388418,0.51533824,0.5515752,0.55025196,0.545302,0.5278755,0.5441495,0.53891337,0.5372435,0.5588835,0.54521996,0.553622,0.55101186,0.5424217,0.51021034,0.56591827,0.5516451,0.5301787,0.5425187,0.5607651,0.5493973,0.5359812,0.563906,0.546599,0.54003555,0.5405253,0.5377666,0.5565482,0.5367848,0.53889877,0.53942025,0.5418313,0.54605395,0.53673035,0.54976475,0.53520125,0.53876877,0.54128766,0.53501886,0.5450371,0.5346453,0.5307491,0.54180914,0.5504457,0.53778064,0.5509418,0.5387754,0.5386735,0.5368793,0.5406758,0.528535,0.53847885,0.5287916,0.5306368,0.54981804,0.537337,0.55358547,0.54505104,0.54015005,0.54046553,0.5477484,0.5350781,0.5423447,0.5532576,0.53300464,0.5443193,0.5463968,0.52803046,0.53740615,0.5411791,0.5312642,0.53326344,0.5497223,0.53504413,0.53362614,0.54885674,0.54879534,0.5479182,0.55472034,0.53278005,0.5343937,0.53235185,0.54389286,0.5297757,0.554341,0.5613349,0.54083395,0.55035657,0.53598666,0.56134963,0.5370478,0.5376124,0.5536693,0.5398154,0.54486394,0.5659007,0.5408531,0.51832265,0.54227614,0.5299874,0.53920645,0.54854524,0.55395764,0.5394605,0.5291162,0.5459297,0.5420793,0.54827905,0.5588707,0.54966736,0.5441069,0.5555379,0.54192454,0.53662103,0.5292799,0.52598244,0.5271967,0.53326154,0.5430086,0.53295976,0.5388464,0.55621,0.5370494,0.53110707,0.5666652,0.5621543,0.5372318,0.5297779,0.52795887,0.5423154,0.5461584,0.5386765,0.53067696,0.5395843,0.5367323,0.53911364,0.5307008,0.5455572,0.5548741,0.5599545,0.5482365,0.54437536,0.5527823,0.5363638,0.53893244,0.54801935,0.5386187,0.53266823,0.552175,0.5236993,0.55024934,0.54231995,0.5334072,0.5388706,0.536417,0.54255664,0.5497612,0.53151375,0.53111905,0.53846604,0.54400843,0.5491004,0.5501911,0.5521021,0.5226315,0.56308043,0.54859513,0.5398035,0.54079425,0.5295429,0.5309928,0.54785585,0.5410859,0.54950714,0.5454875,0.54307586,0.54597473,0.54695964,0.54715496,0.55425096,0.54878676,0.5425563,0.5290525,0.5230938,0.535553,0.5263715,0.5310958,0.55440295,0.5487404,0.5334283,0.5530324,0.5424875,0.5317881,0.52453154,0.5450468,0.5210141,0.54721457,0.55961424,0.54619724,0.54287696,0.54293865,0.5504949,0.5282334,0.52286345,0.5416961,0.54852325,0.56389993,0.54073966,0.5411468,0.5398526,0.5382569,0.5584445,0.57830244,0.5601322,0.53840965,0.53344184,0.5340286,0.53024554,0.5530871,0.5511051,0.5411067,0.5243018,0.53766775,0.52866507,0.5373237,0.51042736,0.5534986,0.56763417,0.5380621,0.5413367,0.5239264,0.54759794,0.5453516,0.5518405,0.53734034,0.5297873,0.54369164,0.5424825,0.53129953,0.52734727,0.53431064,0.55303717,0.5355556,0.5417929,0.54118913,0.55485487,0.5309561,0.52794725,0.513967,0.54831356,0.5448351,0.5522589,0.5323955,0.55056614,0.53553677,0.53231376,0.5519852,0.5450233,0.56233054,0.52766776,0.5361116,0.5278458,0.54019153,0.52716565,0.5170282,0.53634787,0.5272554,0.5195681,0.54004437,0.5261447,0.5378741,0.52825296,0.5440191,0.54000777,0.5536146,0.54249525,0.5593607,0.53525186,0.5343062,0.5310987,0.56781054,0.5392226,0.5571421,0.53034353,0.5375976,0.5435924,0.544328,0.5397097,0.54740524,0.52443266,0.53013134,0.55248845,0.54113615,0.54833174,0.5452137,0.5589867,0.539029,0.556395,0.53636694,0.5509978,0.5537682,0.5296549,0.54955524,0.5332627,0.5327891,0.54360926,0.53091,0.55797607,0.53879106,0.5498617,0.54799634,0.5521918,0.52557504,0.5417313,0.54533815,0.5549584,0.53367794,0.533633,0.5279053,0.5267708,0.5335216,0.55175704,0.5338645,0.554212,0.55850285,0.56069183,0.5283393,0.5516116,0.5395661,0.5333927,0.55951184,0.54158425,0.5176258,0.54988104,0.54101735,0.52762395,0.53119904,0.5406008,0.5498178,0.5622755,0.52210736,0.54232705,0.5337238,0.5413933,0.53116393,0.5412706,0.5436786,0.52604187,0.5388518,0.55510753,0.54377097,0.5462203,0.54537225,0.5442911,0.54285014,0.5388327,0.5310599,0.5483124,0.5324075,0.5329908,0.547532,0.548551,0.542369,0.5362573,0.54771733,0.54489654,0.5424256,0.5610657,0.54631346,0.52364886,0.5455314,0.54522145,0.53121436,0.54137844,0.55877775,0.55103,0.5271934,0.538412,0.5445683,0.5420899,0.55702883,0.5397819,0.53298706,0.52796084,0.54859895,0.53139305,0.5350408,0.54389036,0.5430002,0.54471856,0.5595701,0.535879,0.5433872,0.5428717,0.5418375,0.54577076,0.55324775,0.5373023,0.50231373,0.54623395,0.54524046,0.5357519,0.545766,0.53082544,0.54415965,0.54899174,0.5459508,0.5407294,0.53406256,0.5411634,0.5217971,0.5309532,0.5501059,0.55015105,0.53547,0.5388577,0.55352885,0.5323667,0.5390337,0.546196,0.52900445,0.5429287,0.54964477,0.5417297,0.5337385,0.5442869,0.5299859,0.54767215,0.53932095,0.5352435,0.5469215,0.5395636,0.5363759,0.5459706,0.5330849,0.54239494,0.54701334,0.5625821,0.5498833,0.53394943,0.5428132,0.5434539,0.527088,0.5499205,0.5578301,0.55016714,0.54132587,0.54226583,0.5467725,0.5399031,0.5474531,0.5371885,0.5376999,0.5525006,0.5481077,0.5353451,0.53458124,0.5597332,0.53942734,0.5381903,0.5443713,0.5311784,0.5513758,0.5416813,0.5432484,0.5308443,0.5422001,0.5439314,0.5519276,0.5310851,0.54709,0.5420206,0.54173553,0.5377005,0.5325368,0.5347817,0.5372184,0.55746526,0.5348157,0.55071974,0.5372297,0.54854506,0.5385596,0.5329197,0.5277587,0.52653235,0.5427072,0.5481102,0.5413012,0.53710836,0.5534091,0.5284873,0.5410058,0.5222466,0.55592483,0.55184466,0.5320038,0.54959637,0.5647649,0.5502552,0.5391091,0.5400049,0.5408549,0.5491952,0.5482727,0.56086665,0.5475628,0.53795403,0.54018426,0.53470075,0.5532442,0.5409725,0.5222946,0.5478042,0.5481763,0.53673553,0.55682135,0.5449409,0.5495202,0.5286413,0.5211791,0.5365472,0.54456836,0.5375347,0.5397841,0.53983366,0.53800243,0.5378594,0.54438764,0.5346824,0.53463,0.5387542,0.5467401,0.5362839,0.52908987,0.5360475,0.5396497,0.56283903,0.538645,0.52699083,0.5409729,0.56388885,0.5393207,0.5354515,0.5511434,0.5457347,0.5551496,0.5633895,0.52997744,0.5517606,0.55977696,0.53657687,0.54782844,0.5346299,0.5409518,0.54594886,0.5394163,0.5400978,0.5343037,0.551813,0.5468379,0.5420315,0.5471481,0.5451586,0.53637826,0.55170053,0.5394882,0.5525074,0.5461082,0.5325645,0.5569576,0.525879,0.5307904,0.53695744
0.6496495,0.65148634,0.63266003,0.6677213,0.6458199,0.64130336,0.63114125,0.6539932,0.65604025,0.65807354,0.6432124,0.6595954,0.63081217,0.6388368,0.6462879,0.6459769,0.6556949,0.6549509,0.6412781,0.66349703,0.6568923,0.6693167,0.6504581,0.65503037,0.65108967,0.6614378,0.63747376,0.6323744,0.6360359,0.63492495,0.6417386,0.6544422,0.64971066,0.6518973,0.63231313,0.6387036,0.66969925,0.6580081,0.65722066,0.6405106,0.64777654,0.656581,0.6427081,0.6412742,0.6397474,0.65497357,0.64397997,0.6353885,0.6354485,0.6377681,0.671947,0.65307355,0.65130234,0.6449458,0.6539349,0.62985134,0.6319506,0.62493217,0.6316375,0.6412147,0.6536855,0.6320986,0.6795958,0.637595,0.6301638,0.6288524,0.6564895,0.6255308,0.6410292,0.6381303,0.642766,0.6439682,0.64793926,0.6336592,0.6405139,0.6465331,0.6624643,0.63293827,0.63341576,0.6316843,0.64151293,0.6489834,0.64415073,0.64051455,0.63850236,0.64866805,0.6330407,0.6576753,0.64382225,0.6473262,0.65089303,0.6749061,0.64372647,0.6318891,0.6418529,0.6517679,0.6427508,0.6435955,0.6626377,0.6493585,0.6557339,0.6392241,0.64089894,0.6538397,0.6232354,0.64700824,0.6518353,0.6230712,0.65693396,0.64862335,0.6521429,0.6415561,0.63546634,0.64516926,0.6561351,0.6398957,0.6285959,0.65169746,0.65533257,0.62631345,0.64419365,0.64725757,0.6599587,0.623974,0.6587973,0.64218694,0.6473694,0.6540468,0.6532985,0.64932746,0.6399044,0.6403975,0.6444309,0.6455772,0.64648354,0.63952994,0.6529223,0.6477273,0.63485724,0.63936055,0.61901474,0.64976066,0.66128623,0.65379924,0.6480678,0.6634652,0.6276155,0.653812,0.647804,0.633839,0.63408244,0.65196043,0.6549107,0.6607893,0.6388562,0.6433829,0.6513841,0.6544394,0.64795226,0.6848623,0.6617826,0.6469861,0.648396,0.63635856,0.6375981,0.6337869,0.6537489,0.643907,0.6543589,0.64412147,0.6471141,0.63662195,0.6474196,0.6439493,0.6546474,0.63176906,0.63701373,0.6585614,0.65650153,0.6515891,0.63653255,0.64978844,0.6373168,0.6385184,0.64432824,0.64442617,0.6585002,0.65268743,0.6366874,0.6311406,0.6494395,0.643798,0.6479285,0.650236,0.6433164,0.64761955,0.64114183,0.6372075,0.6351983,0.64924777,0.65089566,0.63860166,0.6529576,0.6402584,0.6666015,0.6465141,0.623044,0.6354623,0.65077156,0.66034776,0.6530216,0.64476836,0.64150023,0.65337497,0.63364524,0.62729144,0.64929885,0.6399603,0.6475201,0.6225245,0.63738215,0.65452594,0.64723766,0.64005107,0.63336045,0.6600989,0.6537205,0.643416,0.6439066,0.63849556,0.63615394,0.6568617,0.6368443,0.6571323,0.64079916,0.67184424,0.6609012,0.66095114,0.63303393,0.6616761,0.64067125,0.6535309,0.6454316,0.6417183,0.6462748,0.6569124,0.6468015,0.6534895,0.6468365,0.64372754,0.63173586,0.6447147,0.62922734,0.6543596,0.6492978,0.6436168,0.647412,0.62342685,0.64993274,0.64169836,0.6427761,0.6596747,0.64639485,0.638408,0.6480789,0.6531736,0.6590989,0.6348237,0.6381021,0.6499798,0.6583314,0.64279395,0.6708415,0.6403071,0.65678984,0.6464276,0.6429738,0.64674324,0.63085985,0.63744104,0.6524908,0.6477958,0.6654631,0.6390193,0.65358204,0.64172494,0.6594829,0.6351917,0.6491679,0.6403367,0.641536,0.64629334,0.65460485,0.63830787,0.6566687,0.6523817,0.63810885,0.6609908,0.65021974,0.6656084,0.63844824,0.6491401,0.645369,0.6404408,0.6452131,0.63945603,0.6482215,0.63365364,0.65300757,0.6441492,0.6469626,0.66215575,0.63754004,0.6374214,0.6583938,0.63535106,0.650638,0.6240254,0.63576955,0.6401062,0.64797866,0.6406465,0.6359851,0.65218455,0.6618255,0.65173256,0.6287046,0.6278788,0.65462524,0.65124744,0.64601207,0.65201896,0.64716107,0.6562877,0.63897604,0.63232815,0.6689808,0.6458517,0.639801,0.6406174,0.65527606,0.6367203,0.64561975,0.64840966,0.6313158,0.65294653,0.64670056,0.6463636,0.64069706,0.6665922,0.64043635,0.64429724,0.6369342,0.654606,0.6518103,0.63856816,0.64872855,0.63906187,0.6563636,0.6538951,0.65367955,0.6554417,0.6800664,0.65233105,0.6415635,0.65836215,0.6599877,0.65398085,0.64756614,0.6481139,0.64356065,0.6523147,0.64192337,0.6526806,0.64349884,0.64464897,0.63448817,0.6369568,0.62723583,0.64485914,0.6412757,0.64326864,0.6529387,0.63615674,0.65063196,0.65944546,0.6478696,0.63470334,0.6273281,0.65370435,0.6535657,0.64369494,0.63202155,0.64634675,0.65829766,0.6523327,0.6406422,0.639094,0.64190775,0.63541806,0.6561109,0.6520659,0.6348116,0.66013384,0.64160925,0.67042524,0.64400166,0.63718104,0.6661532,0.63268405,0.6420825,0.6562879,0.63354343,0.6321536,0.6505258,0.6357876,0.6279308,0.6355113,0.6329382,0.6585665,0.64876425,0.63077974,0.64391786,0.64717305,0.64926004,0.6322442,0.65324754,0.6410538,0.6267127,0.6528181,0.6445954,0.6391414,0.66286296,0.635445,0.6211989,0.6611546,0.64162046,0.63802814,0.6628634,0.6464834,0.63105744,0.65624684,0.6498582,0.6400268,0.63201267,0.64051634,0.6771899,0.6567166,0.6582619,0.65455997,0.6511612,0.6431342,0.6459345,0.6666581,0.6483287,0.6285868,0.64004594,0.63193643,0.64913994,0.63877684,0.65540016,0.6353501,0.6485391,0.6374335,0.6383532,0.6393411,0.6533158,0.63672745,0.6562897,0.639,0.6516586,0.64393574,0.6434975,0.6416399,0.6381247,0.64217275,0.62890667,0.6315088,0.63317746,0.6498952,0.6556794,0.65154046,0.6557174,0.6486514,0.6528788,0.6362296,0.645648,0.6434904,0.6364578,0.6523268,0.6513491,0.6376046,0.6516096,0.63674134,0.64063615,0.6631929,0.64585125,0.6356658,0.62905675,0.64042795,0.64327615,0.6350355,0.65300405,0.65342784,0.64720523,0.6393273,0.6479629,0.66263247,0.65509164,0.6487454,0.6460079,0.6640008,0.63892144,0.6551995,0.6508882,0.6646837,0.64175445,0.64974093,0.64818925,0.6534282,0.6366715,0.65475327,0.64554256,0.6409262,0.63741934,0.6232939,0.6344673,0.6429996,0.63901323,0.64495516,0.6407494,0.66409785,0.6387911,0.62513006,0.65276617,0.64014286,0.6544061,0.6346665,0.6526702,0.6553461,0.6368405,0.64106244,0.6309812,0.6296269,0.64877087,0.63055354,0.63147545,0.6504453,0.6395931,0.63752735,0.6769543,0.6481217,0.64065325,0.6372596,0.6499609,0.6312519,0.6547575,0.6543259,0.6317786,0.634008,0.65211755,0.63761115,0.63467467,0.6472288,0.6359122,0.65008485,0.6504499,0.65939313,0.656336,0.64903677,0.652758,0.6655634,0.641424,0.62271005,0.64176273,0.6497277,0.6410509,0.6552553,0.6273171,0.66049147,0.6418136,0.6513079,0.63212854,0.64416534,0.6391183,0.6335564,0.6430346,0.6525459,0.6520104,0.65176624,0.6377004,0.66062635,0.6422701,0.63962233,0.64701676,0.6285156,0.6596074,0.6353268,0.64991933,0.64132476,0.65036505,0.6473669,0.6445445,0.6497718,0.64060575,0.6440968,0.663219,0.64494187,0.64233357,0.6424449,0.6316085,0.6309913,0.61287445,0.6547211,0.64100146,0.6502921,0.65447295,0.67566276,0.6362042,0.65588534,0.6506705,0.6439741,0.643974,0.6479852,0.6526187,0.6404652,0.6516747,0.6486647,0.6299331,0.63554555,0.6536435,0.6478298,0.66472036,0.64513123,0.65534496,0.6483269,0.65225554,0.65331197,0.65018165,0.6474574,0.6324024,0.64732283,0.6367163,0.62183714,0.6513619,0.64768314,0.64526457,0.64160186,0.6396092,0.638291,0.6567222,0.626904,0.6484409,0.6456654,0.66007614,0.63962275,0.63208437,0.6428594,0.655539,0.65257365,0.64614224,0.6484673,0.6630524,0.6490078,0.6442836,0.63569695,0.6494804,0.6528419,0.653802,0.64554155,0.6388068,0.6400866,0.64557105,0.64542884,0.636477,0.63922155,0.65855724,0.66119444,0.64673644,0.65714324,0.6485397,0.63323665,0.64974076,0.6357015,0.6501286,0.65467715,0.6546926,0.6247769,0.65594876,0.6338925,0.6380767,0.65735453,0.6450048,0.64281774,0.6561736,0.6435275,0.6423647,0.6382444,0.6569933,0.64667994,0.63464224,0.66090274,0.6580893,0.632363,0.65410894,0.6535449,0.66226876,0.660385,0.662786,0.638414,0.63784,0.6468369,0.65866286,0.6395498,0.6388342,0.64393914,0.6463887,0.6622331,0.64494556,0.64876354,0.6504924,0.65581083,0.660298,0.6467024,0.67132133,0.64505196,0.66969466,0.6145863,0.64329433,0.6257839,0.6443113,0.6467866,0.6274853,0.6512965,0.6425385,0.6589692,0.6630448,0.6625712,0.63030905,0.6427087,0.6455613,0.6433059,0.6457787,0.6237402,0.65390325,0.6400189,0.6428392,0.6602992,0.64173263,0.66642445,0.66059285,0.6504595,0.64092934,0.65123117,0.65572953,0.6429064,0.63738805,0.63763934,0.6490266,0.6374919,0.6478696,0.6534859,0.62958926,0.6331157,0.6429588,0.65209544,0.64089036,0.64287925,0.63625973,0.6433028,0.6236495,0.65038806,0.64683557,0.6393281,0.6433886,0.6461909,0.6425474,0.64613485,0.65333754,0.6577499,0.6341162,0.64208275,0.64030224,0.6510643,0.6371186,0.6603409,0.6535882,0.64248914,0.6700721,0.63464975,0.6572855,0.651816,0.64105386,0.6336133,0.65530896,0.6546943,0.63148886,0.6582911,0.63744617,0.6502524,0.63618225,0.65288055,0.6481707,0.65182376,0.6372153,0.6426411,0.65032256,0.6489419,0.6479022,0.6346968,0.6544762,0.6371002,0.64114076,0.64768726,0.645033,0.63602895,0.66028434,0.6527515,0.63237166,0.6715863,0.65682036,0.6505563,0.6518889,0.6533055,0.6233942,0.6418752,0.6344417,0.65655136,0.6427188,0.62505925,0.6464591,0.6575228,0.63899,0.6393762,0.651503,0.6562813,0.6388816,0.66058993,0.65100414,0.65325665,0.64110816,0.6575889,0.6489265,0.6311128,0.6544947,0.6596684,0.6447035,0.65107024,0.66678315,0.633455,0.663649,0.6518652,0.64092726,0.66477144,0.6394553,0.65043086,0.6435759,0.6494032,0.64460087,0.6544966,0.6434249,0.6442748,0.64243287,0.6677461,0.6376924,0.6335908,0.6464334,0.6589307,0.65392756,0.63653016,0.6612432,0.65756565,0.64981914,0.6491702,0.64701074,0.6439529,0.64178455,0.62967944,0.6245687,0.65034854,0.64265555,0.6409957,0.64623225,0.65290123,0.63347477,0.65155095,0.6533001,0.64192885,0.6529753,0.6562388,0.6599448,0.63116205,0.64385337,0.63345915,0.6379091,0.635854,0.63564795,0.65988517,0.6366577,0.64568114,0.65021646,0.635652,0.6291024,0.6597999,0.6346673,0.6417699,0.64497066,0.6513298,0.6613687,0.6393764,0.631928,0.635301,0.64880085,0.65628964,0.6276358,0.65449435,0.6577133,0.6386399,0.6558349,0.63443655,0.64279044,0.647942,0.64516675,0.64204466,0.6456421,0.6409837,0.6455288,0.6264159,0.64442897,0.65417606,0.65119046,0.63722837,0.64841294,0.64322805,0.64463663,0.6288664,0.65400594,0.6452479,0.6303159,0.6455608,0.650853,0.65520746,0.63702214,0.64115983,0.6418524,0.65352744,0.64074254,0.65272933,0.63596034,0.6550298,0.6483252,0.639743,0.6613513,0.63189757,0.63763905,0.6213935,0.6560987,0.62752163,0.66081095,0.6505478,0.63488674,0.6600022,0.6599058,0.65237695,0.63367397,0.6368334,0.6470953,0.64229363,0.6343778,0.65083295,0.6511914,0.66073215,0.6520778,0.6473646,0.6320432,0.661849,0.6626504,0.6358252,0.6558183,0.6505749,0.6723138,0.63961375,0.6536133,0.64633876,0.64663213,0.6476335,0.6538917,0.63535655,0.64285916,0.64052594,0.64153594,0.6542271,0.6443295,0.65320665,0.65490574,0.6307984,0.6408013,0.63586676,0.65605253,0.63218623
0.66222095,0.6332719,0.64261055,0.649256,0.66863704,0.64353424,0.63338745,0.648141,0.64248425,0.64163494,0.6297605,0.6293583,0.64137423,0.63773775,0.6326584,0.63681644,0.64421433,0.6485865,0.6285465,0.64227283,0.6473593,0.6383296,0.63226557,0.63717395,0.64769083,0.63978016,0.63634807,0.62466675,0.61936724,0.64904386,0.6358449,0.64055955,0.64017636,0.6535002,0.6388519,0.6404428,0.65755135,0.64993846,0.62405884,0.64863753,0.641201,0.655645,0.6272274,0.62900764,0.6397921,0.65562564,0.64552295,0.63951963,0.63941807,0.6517002,0.64275885,0.63906175,0.63776636,0.6342097,0.63588256,0.63017124,0.6288324,0.62121814,0.6396037,0.6275638,0.653235,0.6392944,0.65551454,0.6466514,0.6156142,0.63248026,0.647344,0.64641535,0.6478099,0.6463625,0.6444451,0.65142506,0.6420451,0.64067733,0.6390576,0.6521046,0.656361,0.6441592,0.63656384,0.63003004,0.64941233,0.63551897,0.6486199,0.6331979,0.64205533,0.6393131,0.6369783,0.63735175,0.6441627,0.64696336,0.6403054,0.66396654,0.64971983,0.6273389,0.62818074,0.64826596,0.6396619,0.6451434,0.63924867,0.66222924,0.64505637,0.6411936,0.6370656,0.6546075,0.65985614,0.64128643,0.6421972,0.62728095,0.644109,0.6431071,0.65663147,0.6403663,0.6315006,0.6400677,0.6373583,0.6341391,0.6280083,0.6391833,0.6473451,0.6353231,0.64306355,0.64278835,0.6426504,0.6383092,0.62280995,0.635553,0.6580066,0.6379041,0.65277195,0.6452458,0.64333767,0.61162055,0.6360732,0.6403696,0.6458975,0.63957244,0.65149844,0.63109845,0.6391289,0.63485724,0.6377578,0.62979406,0.64230806,0.6505711,0.6326998,0.6366541,0.6315352,0.64108586,0.6431732,0.64754874,0.65309477,0.65127337,0.6493303,0.65037537,0.6299091,0.6493715,0.64875907,0.63921934,0.6539938,0.6541502,0.6418153,0.64490414,0.64143634,0.6348547,0.6328808,0.6436904,0.64308697,0.6225539,0.6406028,0.629252,0.65080154,0.63750744,0.6365556,0.64012945,0.6405183,0.6296721,0.64602137,0.6340353,0.644438,0.63923484,0.6436613,0.6550087,0.6398282,0.63591444,0.64306766,0.6591467,0.6430224,0.63904923,0.63578385,0.63818145,0.62760425,0.6481555,0.65891325,0.6308733,0.6479075,0.63205737,0.6249146,0.6296295,0.63878715,0.6428831,0.6439634,0.64310294,0.6509677,0.6375818,0.6621197,0.64270926,0.6217658,0.63360363,0.63256186,0.6215562,0.6446922,0.6447824,0.64419216,0.6544164,0.630497,0.64467746,0.63735706,0.628327,0.6576521,0.6274887,0.6360828,0.63693583,0.639687,0.64757633,0.6432082,0.65752655,0.6609445,0.64531785,0.6510371,0.64573693,0.6425758,0.63535416,0.6468289,0.6197061,0.6462651,0.66236347,0.6483904,0.6385241,0.62707865,0.6409277,0.65372664,0.6336758,0.6394517,0.65221,0.65469956,0.656953,0.6605599,0.65073985,0.64978594,0.6318413,0.6255089,0.6346154,0.6252287,0.6482993,0.64608556,0.64575326,0.64075625,0.64127463,0.6462593,0.6343548,0.63955456,0.654383,0.66098326,0.64246964,0.654859,0.63898873,0.6526863,0.6513877,0.6415117,0.643561,0.650106,0.64154404,0.65096176,0.6421706,0.63564146,0.6436987,0.6389564,0.645793,0.6295007,0.64325255,0.65300846,0.6393544,0.6450839,0.6295583,0.65041745,0.6449978,0.64155936,0.62439454,0.6425264,0.64298415,0.62843597,0.64930993,0.63779515,0.6331658,0.6487084,0.6624301,0.64407784,0.6438281,0.6484688,0.6633442,0.6560497,0.63912594,0.6293376,0.6499362,0.6399409,0.6418025,0.6473434,0.63506573,0.6425489,0.6574826,0.6399586,0.6399527,0.6303163,0.63952166,0.6594014,0.6396195,0.6413579,0.6320095,0.6439045,0.6372795,0.63293797,0.64288145,0.6375976,0.65368664,0.6295848,0.6452788,0.64965534,0.6296679,0.6554075,0.65297115,0.6283396,0.64188313,0.65264946,0.64114326,0.6411791,0.6467545,0.6498671,0.6475069,0.61926866,0.6237901,0.6488096,0.62685657,0.64209956,0.6517413,0.6331301,0.65774614,0.6563296,0.651834,0.6430589,0.64049053,0.6202022,0.6396835,0.65182674,0.6497314,0.64645696,0.66089666,0.6368669,0.6685785,0.6232807,0.63908356,0.6343234,0.6549727,0.6614479,0.6353891,0.6513619,0.6482034,0.6597129,0.64463323,0.6580623,0.6381296,0.6265324,0.63961136,0.6482165,0.65224296,0.64882386,0.6432267,0.6381451,0.6232199,0.6272095,0.6398725,0.6269166,0.6596765,0.6517523,0.63064384,0.64277387,0.65013,0.6521266,0.637637,0.64883745,0.64798737,0.64447206,0.6303539,0.6412222,0.63829905,0.6487284,0.64736813,0.6410564,0.627091,0.6308513,0.63679856,0.6332636,0.6420374,0.6482879,0.66879565,0.6311316,0.6300549,0.6394614,0.6403052,0.64709085,0.6307598,0.6533428,0.65236515,0.6510573,0.64249074,0.6500306,0.6399127,0.63934845,0.6362724,0.63854694,0.64019233,0.65881866,0.6304434,0.6522611,0.6418336,0.63801056,0.63166153,0.6453633,0.6401164,0.634169,0.6459919,0.64560586,0.6335147,0.62988126,0.6561176,0.63060886,0.65813625,0.6371764,0.6455474,0.6468007,0.6444696,0.6312802,0.6607129,0.6383739,0.6446246,0.6411618,0.6548984,0.6628492,0.6461923,0.6514399,0.63949776,0.631961,0.65483934,0.63937575,0.6571281,0.65466064,0.6403521,0.6469476,0.6243838,0.6455069,0.64851,0.6455785,0.6428798,0.634271,0.63162845,0.63928264,0.65370476,0.64402467,0.64297885,0.64151525,0.6428038,0.65383935,0.64965326,0.6382791,0.6256306,0.64669394,0.64228576,0.6327818,0.6354077,0.61712945,0.6366251,0.6341866,0.6261876,0.6383516,0.6537983,0.63801455,0.62572175,0.64931154,0.64851743,0.65069765,0.6551344,0.6356765,0.6332194,0.6564693,0.6250748,0.63759613,0.65765804,0.63129395,0.633718,0.6335785,0.64419323,0.64909834,0.6466263,0.64050573,0.63585573,0.64175767,0.64043194,0.63740855,0.63937694,0.62677723,0.62665755,0.6523442,0.67240036,0.6332432,0.6512013,0.64204186,0.65582323,0.633323,0.64343286,0.64820004,0.63763046,0.626322,0.6551879,0.6342484,0.6285835,0.6414509,0.6445886,0.6432957,0.6458009,0.649239,0.6201123,0.6399475,0.6529576,0.6447783,0.64028114,0.6434121,0.6506053,0.6418635,0.6358153,0.6457613,0.64991415,0.64151216,0.62656003,0.6343675,0.6339448,0.6414951,0.62674904,0.6555524,0.6531147,0.6400006,0.6394539,0.67508215,0.64940476,0.6363264,0.6465756,0.62610304,0.6248409,0.64349055,0.64465827,0.6393181,0.64334536,0.64155155,0.63632995,0.6336981,0.6415763,0.64040124,0.65754104,0.6435842,0.641864,0.6479827,0.6360138,0.6349675,0.653272,0.6486704,0.6430211,0.6575795,0.6474887,0.651543,0.63382214,0.6456103,0.6400365,0.63222355,0.65834075,0.6461696,0.623512,0.6299066,0.6372324,0.6362955,0.64177334,0.6428084,0.6504472,0.63962364,0.64466745,0.6558237,0.6287947,0.6620438,0.6336655,0.63561296,0.6532685,0.6432714,0.646515,0.64344037,0.64796126,0.6466626,0.6461747,0.6464499,0.6388473,0.64659834,0.651752,0.63011396,0.643372,0.6353125,0.64612263,0.6213615,0.64630073,0.65159863,0.63896155,0.6457144,0.6446517,0.63371074,0.6286422,0.653586,0.63546574,0.6459406,0.64413214,0.65166295,0.6337062,0.6551271,0.6502634,0.6395418,0.64329666,0.63817906,0.6397543,0.6515264,0.641994,0.65745187,0.6458332,0.62747467,0.6555403,0.63931865,0.64834505,0.6296417,0.63406086,0.65004444,0.6349745,0.64804393,0.65201926,0.63928705,0.65117943,0.64441377,0.6319061,0.65455395,0.6392136,0.65333515,0.65324175,0.64010215,0.64562917,0.63072747,0.65087485,0.660212,0.6597189,0.63427156,0.63792926,0.6364616,0.6387918,0.6226896,0.6242867,0.6424484,0.64125997,0.655441,0.63283104,0.63957095,0.6336712,0.6546657,0.6224572,0.63532674,0.64967096,0.64788985,0.6528161,0.6328895,0.6372362,0.6420185,0.63426554,0.6410348,0.642201,0.6577661,0.6495334,0.6398144,0.6349393,0.63868773,0.6317012,0.61921465,0.6486232,0.6445759,0.63855296,0.653875,0.63495815,0.6430707,0.6366473,0.6448397,0.6464322,0.6362919,0.64555156,0.64151704,0.6444112,0.64306355,0.6407492,0.66941094,0.6411969,0.66620535,0.6350228,0.6434996,0.6399923,0.6488372,0.63230616,0.6422518,0.635797,0.63874376,0.6484488,0.63819695,0.65061736,0.6528306,0.6583099,0.6407091,0.6496395,0.6512173,0.6390679,0.66101474,0.6350585,0.64270186,0.640843,0.6350285,0.6371896,0.6225569,0.65641826,0.6386752,0.6424222,0.6589689,0.65934575,0.6346224,0.6487049,0.6515169,0.6533519,0.63246584,0.63819635,0.6377951,0.6371497,0.6376518,0.6494648,0.64046425,0.65096444,0.6498767,0.6587876,0.6335464,0.6427795,0.6414035,0.6383893,0.649378,0.6394711,0.6364232,0.6402477,0.6499389,0.63347954,0.63133323,0.6417396,0.64808387,0.64475095,0.6339698,0.6455446,0.63284546,0.6342891,0.6308477,0.63971174,0.6297306,0.6386325,0.6462136,0.64991575,0.6518244,0.6625377,0.6453307,0.6456701,0.64008373,0.6388599,0.6322656,0.64808327,0.6411403,0.65519214,0.6546466,0.6517738,0.6268774,0.64321744,0.64457995,0.6407469,0.6488835,0.6461699,0.6312826,0.6317522,0.64639884,0.6308216,0.6376556,0.6270768,0.6484943,0.65106845,0.634809,0.63187045,0.6497732,0.65010464,0.6521438,0.6350835,0.63428915,0.6338348,0.64662725,0.64471996,0.62331504,0.655725,0.6370347,0.63544774,0.6347473,0.6280154,0.65739733,0.6518921,0.641545,0.63111025,0.6508523,0.6490889,0.6213315,0.6441903,0.63623184,0.64879674,0.6508078,0.6393618,0.63243526,0.66228896,0.64550984,0.65367955,0.63702285,0.6498439,0.6359524,0.65141165,0.6538201,0.6511026,0.64760053,0.64156073,0.6489051,0.6424873,0.6302276,0.6384102,0.6367711,0.6486773,0.65467536,0.6404403,0.64550966,0.6467106,0.6350082,0.639732,0.63854283,0.63760376,0.6374331,0.6500438,0.65168005,0.64616776,0.6440111,0.64347553,0.6518443,0.66186607,0.63970953,0.6368027,0.6381838,0.66592854,0.6352948,0.6465066,0.6374871,0.6541328,0.6225618,0.6435424,0.63081276,0.6305869,0.64479053,0.6458782,0.6309974,0.64552283,0.63660717,0.6506762,0.64444923,0.6492407,0.63539046,0.64872915,0.63586915,0.62597674,0.64230746,0.6477764,0.6368675,0.6267943,0.6478577,0.62605184,0.6544263,0.6313668,0.65562505,0.63670677,0.63108706,0.64280015,0.6410245,0.6455517,0.6427027,0.6646791,0.6383671,0.6261664,0.63463587,0.64984053,0.6388416,0.6313823,0.6206679,0.63565314,0.63914686,0.6503849,0.6372911,0.6326541,0.6559919,0.6378526,0.65931153,0.63507116,0.6448774,0.6352069,0.6328094,0.6458142,0.6441645,0.64543617,0.6495762,0.63907707,0.63818717,0.65521336,0.64778215,0.6446789,0.64377445,0.6543551,0.6567877,0.645823,0.64834726,0.64933485,0.6323241,0.63847697,0.64046013,0.6533694,0.6334724,0.64341617,0.6484271,0.6369496,0.62809414,0.65107095,0.64133507,0.6400684,0.63877213,0.6492671,0.6453138,0.63450223,0.6350658,0.6300631,0.62871605,0.6166737,0.6372222,0.6403394,0.6401472,0.6456433,0.6216088,0.64016336,0.63654613,0.6233177,0.6488278,0.6543329,0.63365567,0.63158005,0.6455548,0.64856637,0.6518927,0.6578138,0.6365339,0.65303826,0.65964514,0.64362633,0.6391008,0.6474215,0.63601476,0.6427836,0.6483074,0.65375066,0.6324416,0.6482543,0.6507415,0.64567983,0.6434674,0.6386612,0.6485473,0.6533565,0.6518306,0.625231,0.6374387,0.62984324,0.63779503,0.6241156,0.6475743,0.63418555
0.676657,0.64614034,0.65891904,0.6653091,0.6444593,0.6558996,0.6638315,0.6583929,0.65751475,0.650928,0.6697703,0.66826653,0.64059204,0.66136575,0.6404478,0.6645013,0.6447409,0.6713745,0.6541383,0.6576962,0.64433414,0.666176,0.6653778,0.6733942,0.6521304,0.65330815,0.66304433,0.652072,0.651729,0.6628365,0.67999136,0.6606209,0.6639249,0.66065454,0.66041476,0.64480686,0.6613682,0.66806847,0.6711324,0.6582846,0.6565068,0.65362614,0.65909785,0.6432589,0.670194,0.6465602,0.65533805,0.65862995,0.65898174,0.6645088,0.6691815,0.6368696,0.66466784,0.6648894,0.6526539,0.6569029,0.6551531,0.65078574,0.64735097,0.65092885,0.66365457,0.6720801,0.6472872,0.6448628,0.65814024,0.67199236,0.6635407,0.6614502,0.6673276,0.66464645,0.6878347,0.66057163,0.6543852,0.6453927,0.6677227,0.6664243,0.6542092,0.6586374,0.66611403,0.6673193,0.6640177,0.65067536,0.6587733,0.65465,0.6612093,0.6566592,0.67046046,0.6662854,0.6609784,0.6779396,0.65983194,0.66423917,0.6565482,0.64605993,0.6524404,0.6639816,0.65674907,0.6625989,0.67281705,0.6648593,0.6652249,0.66601455,0.6458883,0.6532407,0.65569824,0.67364174,0.6454718,0.6575133,0.66901743,0.64856505,0.6649076,0.66576964,0.6630974,0.6480461,0.6660746,0.6599514,0.6364076,0.6597571,0.65731895,0.6581907,0.65919346,0.658186,0.6517502,0.6555365,0.66218793,0.6506913,0.6875939,0.6660531,0.6834734,0.66569537,0.64528614,0.6304826,0.66232526,0.66083694,0.6670765,0.6596963,0.63960934,0.65920186,0.6502907,0.66049826,0.6772808,0.65502244,0.6515537,0.6650608,0.6664459,0.65396494,0.6569095,0.65072215,0.6474201,0.6606873,0.64750916,0.67516786,0.6731583,0.6516363,0.66158885,0.6556381,0.659677,0.66445744,0.66776055,0.6521149,0.6637912,0.6729839,0.6404592,0.6671636,0.6723614,0.6657817,0.66552055,0.6509593,0.66435015,0.6512714,0.6414238,0.65470105,0.6667765,0.6777819,0.659776,0.6608716,0.6707821,0.66388756,0.64950633,0.6343376,0.65275687,0.6656529,0.6490348,0.64078915,0.66439664,0.66742,0.6613941,0.6593321,0.66494036,0.65802294,0.6584036,0.6548756,0.66415644,0.65801865,0.653959,0.6539986,0.6753947,0.6580113,0.6713798,0.6681532,0.6525646,0.6621065,0.6553472,0.65014386,0.677485,0.66806054,0.64542127,0.66945523,0.66769487,0.67286867,0.6745576,0.6524348,0.6589831,0.65084386,0.66666347,0.6517781,0.6624274,0.6599709,0.6593679,0.64804214,0.65925634,0.6586632,0.67161787,0.6624564,0.6532143,0.65688443,0.68469274,0.6624553,0.66050905,0.65285254,0.652233,0.6549885,0.67751753,0.65440154,0.6571035,0.6541206,0.6806807,0.6489921,0.66006845,0.66160166,0.6764454,0.66987145,0.6630698,0.6756422,0.65648,0.673453,0.67101336,0.64265245,0.6587257,0.64932376,0.6488439,0.64142674,0.6457913,0.6547091,0.659973,0.6752786,0.6492705,0.65897614,0.6725598,0.65571916,0.67819506,0.6701482,0.6656524,0.67235035,0.66711724,0.6603047,0.6678685,0.66823924,0.6665187,0.6688261,0.6649787,0.65522325,0.6547776,0.6585441,0.66965795,0.6541472,0.6679787,0.656876,0.657656,0.6460398,0.64995205,0.6548926,0.6546725,0.64077485,0.67912143,0.65416664,0.66246355,0.6602408,0.6553317,0.66781145,0.6510513,0.65847236,0.64798933,0.68552905,0.6636107,0.6622047,0.6561894,0.6736254,0.66392636,0.67320913,0.6651302,0.6756091,0.6586317,0.66302437,0.6491635,0.6611538,0.6570141,0.6608769,0.65974844,0.6655293,0.6545005,0.66823536,0.6614265,0.65194786,0.6673057,0.6647646,0.6509191,0.65315115,0.6459085,0.6597102,0.6833635,0.67637074,0.6569476,0.6629436,0.65999174,0.6487487,0.65073335,0.66244954,0.68543977,0.6543673,0.64515775,0.67691,0.6628093,0.66108954,0.6636712,0.67428267,0.6474516,0.64853275,0.6536596,0.6657969,0.6750756,0.6588667,0.6688611,0.6634371,0.6673616,0.66390926,0.66473913,0.6637105,0.6631364,0.67264223,0.65154946,0.662132,0.66676944,0.66088635,0.66644365,0.66756797,0.64765036,0.66440475,0.6750156,0.6610377,0.67341673,0.664031,0.6650843,0.6701307,0.65882844,0.6657472,0.6579525,0.66362494,0.66082215,0.6707966,0.66346323,0.6686172,0.6545566,0.6563545,0.66874677,0.6524408,0.6498617,0.6600216,0.65958405,0.6638675,0.65056884,0.6505128,0.66344404,0.66959596,0.6772635,0.6524744,0.6411194,0.6547344,0.66892356,0.6601882,0.6680022,0.6659764,0.6606581,0.6776576,0.6490915,0.65120417,0.65298426,0.65935546,0.65029114,0.6640798,0.6520904,0.6699844,0.6696425,0.6644254,0.65368223,0.6485012,0.6686835,0.65056723,0.6665268,0.66940343,0.66342705,0.6609071,0.6529244,0.658763,0.66881573,0.66698724,0.659342,0.652772,0.6515959,0.67526823,0.64876705,0.6504098,0.68374974,0.65496355,0.66924715,0.6565173,0.65480095,0.64742476,0.6699772,0.6652844,0.65297765,0.64575005,0.6541691,0.65971565,0.64962196,0.6712414,0.6722231,0.6642173,0.6684213,0.6572902,0.6621066,0.6658512,0.66868716,0.65741056,0.6697952,0.6700305,0.66816974,0.6675754,0.6821063,0.6553076,0.6693109,0.64557505,0.64484036,0.66694444,0.6541157,0.66214836,0.66072375,0.660485,0.6614203,0.67458326,0.67091894,0.65375495,0.639535,0.6634613,0.64726406,0.67178345,0.6617918,0.6695649,0.64814293,0.6547114,0.6521029,0.6751826,0.65724653,0.6335625,0.65680474,0.6663304,0.6645767,0.6710047,0.66242045,0.66162705,0.6643803,0.6621663,0.6622271,0.66259533,0.65050715,0.6610494,0.6541716,0.661476,0.6635022,0.6676718,0.6473042,0.6590174,0.6789768,0.651476,0.6606449,0.6568965,0.6608358,0.63805443,0.66220117,0.66822666,0.65142024,0.65940386,0.66402775,0.66692215,0.6715467,0.6501685,0.6634617,0.65507585,0.6460608,0.64277375,0.6639859,0.6741849,0.66789407,0.6540076,0.6507623,0.66095674,0.65700763,0.67158157,0.66412824,0.6617881,0.6634442,0.6791504,0.6644307,0.66470546,0.66954684,0.6601064,0.65663135,0.66127324,0.67257184,0.6576112,0.6637719,0.6667541,0.6584233,0.66904724,0.6538153,0.6479365,0.67212486,0.6416063,0.6418701,0.6693034,0.65586764,0.65191257,0.6502971,0.66549116,0.6649478,0.649502,0.6395253,0.67031634,0.6615211,0.6471933,0.6764069,0.65711224,0.66246384,0.6432619,0.64130604,0.64800143,0.6344998,0.66341466,0.6613519,0.6609707,0.66335005,0.6507742,0.64357555,0.6527961,0.6707453,0.6810402,0.6629867,0.661888,0.6800779,0.66828865,0.64974713,0.6583831,0.67923486,0.64868176,0.6716475,0.6745968,0.6564967,0.65572107,0.67178005,0.649822,0.64452255,0.68096703,0.6609361,0.646821,0.649383,0.6629852,0.66555667,0.6533134,0.6686486,0.66359794,0.6487481,0.68168086,0.65378046,0.6645252,0.66609144,0.67115664,0.65538156,0.67181957,0.65626186,0.6494788,0.6690512,0.6616649,0.66345406,0.65940547,0.65758985,0.6668202,0.66101134,0.6629404,0.6549628,0.6593262,0.6626378,0.65955114,0.6502446,0.67673993,0.6654267,0.6566593,0.6651739,0.669509,0.66839063,0.6524305,0.65088046,0.6603784,0.67398924,0.6739003,0.6718279,0.6599721,0.66019,0.64595664,0.6624042,0.6511681,0.6839279,0.6752526,0.6718551,0.65110856,0.6546451,0.651529,0.64614546,0.6687059,0.66602916,0.6723772,0.66051656,0.6688086,0.6621728,0.6556208,0.64493847,0.6658705,0.64513046,0.6619055,0.6582062,0.6561459,0.6521781,0.65324426,0.65116894,0.6931726,0.64580506,0.6687547,0.6676654,0.65779907,0.662936,0.65910625,0.67423385,0.66372406,0.66996354,0.6607401,0.6700955,0.6571799,0.6692529,0.6549597,0.6593311,0.67061895,0.6482817,0.6688824,0.6778873,0.66243625,0.6626945,0.66867155,0.66050637,0.6746034,0.64819014,0.6772617,0.662759,0.6652228,0.6688615,0.63779676,0.6675984,0.6696864,0.66620433,0.6549658,0.6686844,0.6558458,0.65259486,0.6499666,0.6498166,0.63338345,0.651786,0.6467837,0.6611341,0.66479725,0.6603473,0.67160314,0.68191016,0.6767529,0.6696624,0.64839685,0.6700561,0.65358806,0.6743481,0.6408047,0.6670136,0.65700334,0.66680837,0.6589303,0.65050036,0.6584126,0.6704955,0.6741348,0.65128636,0.6895167,0.6412432,0.66669923,0.64848316,0.6647756,0.6575173,0.64223164,0.6567723,0.67155063,0.64959663,0.66423666,0.6536308,0.64717174,0.6563642,0.63824826,0.64088166,0.6732661,0.6581553,0.66066504,0.6830768,0.66931164,0.66460913,0.6600201,0.6650225,0.6545032,0.6442112,0.6757595,0.66917014,0.6648422,0.6594939,0.6649782,0.6465562,0.6580759,0.6624753,0.66987795,0.6608686,0.6719932,0.652612,0.65497774,0.6631858,0.66360587,0.65721893,0.6637977,0.65244037,0.65795076,0.64348954,0.6559972,0.6619821,0.64893746,0.66829175,0.661876,0.6424519,0.6724879,0.66666657,0.6640016,0.6761805,0.64870626,0.66434085,0.6717627,0.67150724,0.65420896,0.65181917,0.6790327,0.66502,0.6704361,0.65648645,0.676739,0.6567495,0.64959633,0.6670918,0.6716664,0.6613044,0.6468182,0.6722342,0.6501299,0.6631964,0.66926813,0.6524486,0.66425425,0.65967417,0.6586311,0.6493536,0.6553546,0.68039954,0.66617423,0.65530235,0.66481996,0.6614538,0.65836436,0.6563155,0.66103005,0.6488508,0.6647093,0.661144,0.6561953,0.6571582,0.66484624,0.6543952,0.65129405,0.659571,0.6616869,0.6589814,0.66422427,0.6649264,0.6589138,0.6408867,0.6692684,0.6500094,0.66950905,0.66234344,0.6477087,0.672438,0.65342766,0.6612866,0.6470732,0.65360993,0.6688014,0.67055255,0.6580513,0.66373074,0.6596916,0.67031914,0.6698746,0.6617565,0.65776294,0.667942,0.66380274,0.6637531,0.66671735,0.6574477,0.66084826,0.65233064,0.65888125,0.6365187,0.66300875,0.66815144,0.669859,0.6659076,0.65241194,0.67418414,0.6487738,0.65910965,0.6629842,0.6497379,0.66899586,0.674636,0.6810345,0.6594096,0.6750215,0.6533964,0.67040724,0.64706963,0.6729373,0.66031826,0.665002,0.654755,0.66861236,0.6719554,0.65189934,0.6602258,0.6519237,0.6483697,0.6770945,0.6578172,0.6654075,0.6573698,0.68450505,0.6616726,0.65972465,0.66262907,0.6512284,0.66483265,0.64663386,0.6616574,0.6655076,0.6622893,0.679449,0.6785098,0.6638198,0.6484144,0.66321707,0.6625167,0.65893376,0.6603781,0.67349154,0.65447015,0.6603152,0.66966486,0.66087514,0.6624516,0.65774983,0.6516851,0.66520333,0.67085713,0.65138185,0.659862,0.6616614,0.65195954,0.6399835,0.66855335,0.6670689,0.6650182,0.6614442,0.675331,0.6543601,0.64826816,0.6486842,0.6677691,0.6638148,0.66905886,0.65072095,0.6534574,0.67052734,0.6714363,0.66781545,0.66888106,0.6743163,0.65173537,0.6616253,0.6650857,0.6648902,0.6491271,0.6335493,0.67010134,0.66628253,0.6753475,0.6542445,0.65754443,0.6617921,0.6503308,0.667938,0.66013163,0.6643549,0.6484514,0.6456954,0.6700785,0.6769532,0.65696764,0.67605835,0.65217775,0.65085065,0.651584,0.6598282,0.6549225,0.66033804,0.66031116,0.65640056,0.6406647,0.6674494,0.66018504,0.67799836,0.6634645,0.65884006,0.65959764,0.65152234,0.66207635,0.6514953,0.66150427,0.64885616,0.6647985,0.6699099,0.67324376,0.65685475,0.6617761,0.6606362,0.6644838,0.6707231,0.6481121,0.6595237,0.66909784,0.66805816,0.6670692,0.6647085,0.65227604,0.68564254,0.6433213,0.66340625,0.65997195,0.65312475,0.6794857,0.66040725,0.66159993,0.64961797
0.5089727,0.50418264,0.5053835,0.5223917,0.5058812,0.50150216,0.48984516,0.51165795,0.5181839,0.4994624,0.49867946,0.5220363,0.49051443,0.5099907,0.48543957,0.49777967,0.48609865,0.51552314,0.4887154,0.5132492,0.5098824,0.5070039,0.5182268,0.5243797,0.5077481,0.4946496,0.49701607,0.49534437,0.50334525,0.50638384,0.51473314,0.48610738,0.5017717,0.5052781,0.5188537,0.51039594,0.5049239,0.5171981,0.51268363,0.50073963,0.49926728,0.51314014,0.51147234,0.5020605,0.51578337,0.50006324,0.50236326,0.50687486,0.5145275,0.50976133,0.51601845,0.4891552,0.52754605,0.49246812,0.48734173,0.5025197,0.49314564,0.48916712,0.48522258,0.5006058,0.49749756,0.51684594,0.5033039,0.48038194,0.5018551,0.49813843,0.50618845,0.51172376,0.51583755,0.5155691,0.52654356,0.50473315,0.5033499,0.5006972,0.51979667,0.50578815,0.5111563,0.50023973,0.510739,0.50891083,0.50859565,0.48869273,0.50973785,0.5108788,0.5003366,0.51164085,0.520902,0.5169567,0.5030808,0.50279695,0.5075589,0.50692004,0.49780375,0.4845522,0.4938299,0.50976,0.5030404,0.50829256,0.5194353,0.5123238,0.5061963,0.5154929,0.49752492,0.516897,0.50822264,0.5065626,0.4900828,0.49868163,0.50415796,0.5021342,0.5154338,0.50806224,0.5068624,0.49955305,0.5003209,0.5087718,0.49932286,0.5019491,0.49395546,0.4834668,0.51588666,0.5072166,0.5051056,0.49940702,0.5007649,0.4967894,0.5275952,0.51021165,0.52753025,0.5068092,0.5143629,0.4850629,0.5084231,0.51455426,0.505761,0.49635044,0.50339246,0.51838833,0.49684933,0.5069566,0.52591276,0.49447882,0.5171906,0.5079479,0.5117079,0.49582472,0.4840487,0.49118245,0.4986918,0.49635023,0.4987748,0.5163848,0.53211015,0.50044477,0.515071,0.5022581,0.50282776,0.5267299,0.5066173,0.50204825,0.5129205,0.5090775,0.49289733,0.5067148,0.51458603,0.49395245,0.5131979,0.5101945,0.5018368,0.51127535,0.49208793,0.49494576,0.50756234,0.5153407,0.5048702,0.5182245,0.49976826,0.51151866,0.49394435,0.49284387,0.49138853,0.51196337,0.50453275,0.480789,0.51375556,0.51629835,0.5026449,0.4955283,0.51133937,0.49825472,0.49309108,0.5008969,0.52535063,0.5139273,0.5088089,0.49150053,0.5078234,0.501051,0.49779552,0.51808417,0.50812876,0.50777066,0.5076037,0.50303835,0.5143918,0.5180485,0.4996384,0.4999229,0.51371646,0.50364864,0.51199263,0.49844307,0.50855625,0.5046526,0.49608526,0.5084283,0.49899244,0.5066394,0.52184236,0.49255884,0.4941128,0.5145161,0.5098526,0.50486034,0.50497085,0.5104753,0.53578323,0.51099235,0.5095841,0.4883784,0.50318015,0.4927402,0.5004304,0.5044338,0.49567136,0.50399846,0.5369284,0.4955709,0.4976192,0.49641812,0.5162784,0.5057092,0.5062878,0.52448905,0.50285214,0.51364034,0.5117373,0.51284033,0.50084627,0.496689,0.49634784,0.49289113,0.4809291,0.5053303,0.5022867,0.5151852,0.49728626,0.5119801,0.5104992,0.50392175,0.51948786,0.50072575,0.49554804,0.4960868,0.5146022,0.51081645,0.50798076,0.50296885,0.5096659,0.49947113,0.5045309,0.5101812,0.5089071,0.51191133,0.5187368,0.49879745,0.51398844,0.5043266,0.5023594,0.4867505,0.49871054,0.49857783,0.5086735,0.5023935,0.51990634,0.496084,0.49054718,0.5068927,0.49676207,0.5104412,0.49096757,0.49936268,0.5094213,0.50868535,0.49450552,0.51216644,0.48724884,0.51699626,0.5134567,0.52825296,0.5091183,0.5186046,0.5070425,0.5229597,0.51201856,0.5163606,0.51125896,0.50550157,0.50110507,0.49143752,0.5004919,0.4956283,0.49972847,0.48864958,0.52652514,0.5049522,0.49456537,0.50605726,0.4927823,0.5103273,0.5205166,0.52398336,0.5019651,0.51315993,0.5106295,0.50119525,0.5043637,0.5064191,0.51357824,0.518439,0.49425927,0.5112335,0.51278514,0.48816246,0.5043247,0.52111894,0.4864019,0.5088816,0.48262015,0.50352204,0.52047235,0.506155,0.5187942,0.5167306,0.5208773,0.5080475,0.5067044,0.50151765,0.5180187,0.5065314,0.50027055,0.50771296,0.5067912,0.49396664,0.5156962,0.5076836,0.49568942,0.5113228,0.50810534,0.5084856,0.5071566,0.49663246,0.51367354,0.5124601,0.50651854,0.5078618,0.513413,0.50258046,0.5145135,0.5046565,0.5053564,0.51286435,0.50292736,0.5125058,0.5091485,0.4917091,0.51007855,0.5071544,0.5186901,0.51216143,0.5003927,0.49704838,0.51159793,0.4887206,0.51099306,0.51138115,0.49495745,0.5026712,0.50675464,0.5132484,0.5132228,0.511155,0.50151145,0.511044,0.50598866,0.5103586,0.49390885,0.5017627,0.5052854,0.5067525,0.5134607,0.51717234,0.49525374,0.5228529,0.49915892,0.5110627,0.5150388,0.4958138,0.5168095,0.4952305,0.51163185,0.5168143,0.49181372,0.51845473,0.51897925,0.505055,0.5191171,0.49948257,0.50436026,0.5185032,0.49821085,0.50403506,0.5158749,0.49602306,0.4957714,0.51194453,0.49827808,0.4969173,0.5000759,0.50941175,0.49701607,0.49233255,0.5070531,0.5128182,0.50879186,0.5170203,0.5087123,0.5096215,0.508579,0.50977397,0.50396806,0.5213267,0.50993776,0.5160914,0.5030942,0.5055112,0.4960224,0.51112217,0.5173552,0.5003758,0.5163162,0.48800296,0.48551062,0.5138378,0.5058621,0.52170545,0.51241827,0.49721503,0.5170743,0.5156959,0.5048705,0.50487816,0.4908874,0.51372474,0.50507057,0.51918536,0.5178962,0.5189254,0.51519275,0.5097795,0.49990672,0.51360315,0.49185434,0.50763696,0.5013428,0.50463134,0.5028985,0.49842632,0.4961413,0.501543,0.51175183,0.4964349,0.5026927,0.49697107,0.50230557,0.5038172,0.4925369,0.50254375,0.5151354,0.5085045,0.48192042,0.50309896,0.5231818,0.4967474,0.4989019,0.5050923,0.49615952,0.48603836,0.51206046,0.4983367,0.4987317,0.5122679,0.5128835,0.4949394,0.51090115,0.50346035,0.5037412,0.5075008,0.5010144,0.5050998,0.5082412,0.52189267,0.49639136,0.494087,0.49580708,0.5018071,0.49982488,0.5104794,0.51026,0.5008548,0.5208586,0.5098847,0.50506985,0.5047054,0.5166239,0.51668775,0.50886834,0.49368513,0.5237788,0.50107867,0.5148243,0.51109445,0.5123635,0.50994885,0.50493324,0.5068035,0.5137138,0.48680627,0.49749136,0.5134782,0.5177696,0.49992728,0.489429,0.4942012,0.5129692,0.49730548,0.4949307,0.5060522,0.49867055,0.49953276,0.50523573,0.52216536,0.5037181,0.49739876,0.48934016,0.5090389,0.48525423,0.5195951,0.5072345,0.5149422,0.5123883,0.4922726,0.49758413,0.5047853,0.5101517,0.5105648,0.50909346,0.50016147,0.51724935,0.50886106,0.49932948,0.49483472,0.5196775,0.50010157,0.5193491,0.49462464,0.49959552,0.50960624,0.5005916,0.4974063,0.50440854,0.5144072,0.49940434,0.49620682,0.5030136,0.5171641,0.504315,0.50607395,0.5075216,0.50601965,0.50201035,0.5214827,0.5089986,0.5130081,0.49495274,0.49644232,0.4949556,0.5095136,0.5150647,0.5029081,0.4988916,0.5090889,0.5070671,0.5023579,0.4982022,0.5002371,0.5084733,0.5103012,0.5147958,0.5019049,0.5056192,0.5185352,0.50970554,0.5059851,0.5098374,0.49939582,0.51386434,0.52149355,0.5162998,0.50876844,0.51065975,0.4954806,0.5117518,0.5162055,0.53293425,0.51418716,0.49860835,0.4962296,0.49755687,0.49960425,0.5103496,0.50513786,0.5107455,0.49168676,0.49615082,0.4910973,0.49028948,0.5144772,0.51488286,0.50762427,0.505937,0.5060819,0.50940216,0.5093658,0.49967486,0.51113874,0.4984828,0.50880045,0.49729046,0.48875356,0.5001187,0.4982505,0.5108271,0.5234829,0.49061,0.510949,0.5090824,0.50041616,0.514319,0.5007233,0.50915664,0.49331394,0.51343364,0.505081,0.49315304,0.48478,0.5137272,0.5122595,0.49949738,0.522235,0.5201935,0.5048241,0.5278541,0.49586737,0.5065025,0.5103933,0.5190791,0.51966184,0.5003948,0.50872636,0.5084685,0.5130211,0.5201993,0.4878449,0.50883704,0.5098743,0.51408136,0.50229675,0.5093403,0.5042917,0.49979967,0.50292283,0.5045758,0.490354,0.51435554,0.49726084,0.51724356,0.49889052,0.5103315,0.5171075,0.4987297,0.5129987,0.5149033,0.49492618,0.51572406,0.4956685,0.50889075,0.48589817,0.5309766,0.5024361,0.50376797,0.5063762,0.5009973,0.49644324,0.51692116,0.51328206,0.47792128,0.5233429,0.50210685,0.50396395,0.51002955,0.5117334,0.50121564,0.4867724,0.5066097,0.5152394,0.49659574,0.50524604,0.501555,0.49394372,0.50067204,0.49620414,0.48767003,0.5232909,0.5063043,0.51788,0.514784,0.51091826,0.5059976,0.515928,0.49928465,0.50175434,0.49118716,0.5021217,0.51073,0.5005615,0.5100634,0.51442224,0.50269896,0.5068679,0.5227841,0.50271124,0.5058769,0.49670556,0.49964416,0.4979124,0.5131658,0.51097393,0.5111715,0.5032984,0.48721147,0.5054204,0.50056785,0.5008065,0.5108301,0.5061483,0.49712223,0.5067,0.50061643,0.5229992,0.50213015,0.50673753,0.4974449,0.49005112,0.4993241,0.5127527,0.5122315,0.5117166,0.49883026,0.5245141,0.50136334,0.49929097,0.49604818,0.5096131,0.49783784,0.47994205,0.50460243,0.50855577,0.51034695,0.49883214,0.5071521,0.48857048,0.5002537,0.5032855,0.50144094,0.5116109,0.50080776,0.49928862,0.49812818,0.5052999,0.50765437,0.51498485,0.51291084,0.50535876,0.5302198,0.48655468,0.5142525,0.50476044,0.49449614,0.51219875,0.5116875,0.5032461,0.5026373,0.524178,0.5040678,0.4933718,0.5040408,0.5058372,0.50623345,0.5223389,0.5168219,0.50746006,0.50368464,0.5129984,0.4903209,0.5142476,0.5003764,0.50025207,0.50297296,0.49895933,0.5104902,0.50455296,0.4894416,0.52554786,0.5159735,0.5019984,0.5035715,0.51543796,0.51554114,0.51609856,0.5079572,0.5037405,0.5114278,0.5045952,0.514158,0.49428722,0.5035337,0.510102,0.5050137,0.4947058,0.48784062,0.50986415,0.5144879,0.50524503,0.5067568,0.5052264,0.5137253,0.5105052,0.50565684,0.50851566,0.51301587,0.52323276,0.51953185,0.52468264,0.50262237,0.50507694,0.50096524,0.5122266,0.5123456,0.51293063,0.50331414,0.49970892,0.49825197,0.51026297,0.5129881,0.49916992,0.51033145,0.51435477,0.4980154,0.5136603,0.49855715,0.50463223,0.5211779,0.5198071,0.5085351,0.5008333,0.5071666,0.49342006,0.50079316,0.49684587,0.50464463,0.51230794,0.49078888,0.5209872,0.5252301,0.48663735,0.51066285,0.4983063,0.50041395,0.5096907,0.49961066,0.5265376,0.49624246,0.5056218,0.5104324,0.5060104,0.51498437,0.5101911,0.50498635,0.5102016,0.5124833,0.48176667,0.5045878,0.49620146,0.50963086,0.48559693,0.5047606,0.5140879,0.5053085,0.49532387,0.51333284,0.49974248,0.49532482,0.5014689,0.5128082,0.5334258,0.5125097,0.50227845,0.49299508,0.5150611,0.5367415,0.52190894,0.5038137,0.5264666,0.49277923,0.49931672,0.51201874,0.5040399,0.5100574,0.49517226,0.5026717,0.50947016,0.5170792,0.49561626,0.49264854,0.4978977,0.48293918,0.507298,0.5061296,0.5131515,0.4933092,0.505134,0.51040375,0.5305262,0.50603414,0.50490564,0.48662406,0.50006753,0.49805647,0.5126109,0.50808376,0.50566846,0.5183624,0.51811457,0.49820912,0.5030605,0.5171209,0.52559316,0.50199324,0.51204306,0.49663,0.49547243,0.508622,0.5012595,0.5021448,0.49959388,0.50589705,0.52101725,0.51699704,0.4984831,0.510071,0.50975823,0.5022879,0.5259686,0.5007033,0.5060752,0.50470835,0.51191175,0.51978827,0.51124877,0.5080201,0.53186345,0.5153738,0.50688475,0.51187444,0.49810678,0.5130048,0.4988775,0.4985814,0.5044819
0.0,0.0,0.0,0.0,0.0,0.0,0.0,0.0,0.0,0.0,0.0,0.0,0.0,0.0,0.0,0.0,0.0,0.0,0.0,0.0,0.0,0.0,0.0,0.0,0.0,0.0,0.0,0.0,0.0,0.0,0.0,0.0,0.0,0.0,0.0,0.0,0.0,0.0,0.0,0.0,0.0,0.0,0.0,0.0,0.0,0.0,0.0,0.0,0.0,0.0,0.0,0.0,0.0,0.0,0.0,0.0,0.0,0.0,0.0,0.0,0.0,0.0,0.0,0.0,0.0,0.0,0.0,0.0,0.0,0.0,0.0,0.0,0.0,0.0,0.0,0.0,0.0,0.0,0.0,0.0,0.0,0.0,0.0,0.0,0.0,0.0,0.0,0.0,0.0,0.0,0.0,0.0,0.0,0.0,0.0,0.0,0.0,0.0,0.0,0.0,0.0,0.0,0.0,0.0,0.0,0.0,0.0,0.0,0.0,0.0,0.0,0.0,0.0,0.0,0.0,0.0,0.0,0.0,0.0,0.0,0.0,0.0,0.0,0.0,0.0,0.0,0.0,0.0,0.0,0.0,0.0,0.0,0.0,0.0,0.0,0.0,0.0,0.0,0.0,0.0,0.0,0.0,0.0,0.0,0.0,0.0,0.0,0.0,0.0,0.0,0.0,0.0,0.0,0.0,0.0,0.0,0.0,0.0,0.0,0.0,0.0,0.0,0.0,0.0,0.0,0.0,0.0,0.0,0.0,0.0,0.0,0.0,0.0,0.0,0.0,0.0,0.0,0.0,0.0,0.0,0.0,0.0,0.0,0.0,0.0,0.0,0.0,0.0,0.0,0.0,0.0,0.0,0.0,0.0,0.0,0.0,0.0,0.0,0.0,0.0,0.0,0.0,0.0,0.0,0.0,0.0,0.0,0.0,0.0,0.0,0.0,0.0,0.0,0.0,0.0,0.0,0.0,0.0,0.0,0.0,0.0,0.0,0.0,0.0,0.0,0.0,0.0,0.0,0.0,0.0,0.0,0.0,0.0,0.0,0.0,0.0,0.0,0.0,0.0,0.0,0.0,0.0,0.0,0.0,0.0,0.0,0.0,0.0,0.0,0.0,0.0,0.0,0.0,0.0,0.0,0.0,0.0,0.0,0.0,0.0,0.0,0.0,0.0,0.0,0.0,0.0,0.0,0.0,0.0,0.0,0.0,0.0,0.0,0.0,0.0,0.0,0.0,0.0,0.0,0.0,0.0,0.0,0.0,0.0,0.0,0.0,0.0,0.0,0.0,0.0,0.0,0.0,0.0,0.0,0.0,0.0,0.0,0.0,0.0,0.0,0.0,0.0,0.0,0.0,0.0,0.0,0.0,0.0,0.0,0.0,0.0,0.0,0.0,0.0,0.0,0.0,0.0,0.0,0.0,0.0,0.0,0.0,0.0,0.0,0.0,0.0,0.0,0.0,0.0,0.0,0.0,0.0,0.0,0.0,0.0,0.0,0.0,0.0,0.0,0.0,0.0,0.0,0.0,0.0,0.0,0.0,0.0,0.0,0.0,0.0,0.0,0.0,0.0,0.0,0.0,0.0,0.0,0.0,0.0,0.0,0.0,0.0,0.0,0.0,0.0,0.0,0.0,0.0,0.0,0.0,0.0,0.0,0.0,0.0,0.0,0.0,0.0,0.0,0.0,0.0,0.0,0.0,0.0,0.0,0.0,0.0,0.0,0.0,0.0,0.0,0.0,0.0,0.0,0.0,0.0,0.0,0.0,0.0,0.0,0.0,0.0,0.0,0.0,0.0,0.0,0.0,0.0,0.0,0.0,0.0,0.0,0.0,0.0,0.0,0.0,0.0,0.0,0.0,0.0,0.0,0.0,0.0,0.0,0.0,0.0,0.0,0.0,0.0,0.0,0.0,0.0,0.0,0.0,0.0,0.0,0.0,0.0,0.0,0.0,0.0,0.0,0.0,0.0,0.0,0.0,0.0,0.0,0.0,0.0,0.0,0.0,0.0,0.0,0.0,0.0,0.0,0.0,0.0,0.0,0.0,0.0,0.0,0.0,0.0,0.0,0.0,0.0,0.0,0.0,0.0,0.0,0.0,0.0,0.0,0.0,0.0,0.0,0.0,0.0,0.0,0.0,0.0,0.0,0.0,0.0,0.0,0.0,0.0,0.0,0.0,0.0,0.0,0.0,0.0,0.0,0.0,0.0,0.0,0.0,0.0,0.0,0.0,0.0,0.0,0.0,0.0,0.0,0.0,0.0,0.0,0.0,0.0,0.0,0.0,0.0,0.0,0.0,0.0,0.0,0.0,0.0,0.0,0.0,0.0,0.0,0.0,0.0,0.0,0.0,0.0,0.0,0.0,0.0,0.0,0.0,0.0,0.0,0.0,0.0,0.0,0.0,0.0,0.0,0.0,0.0,0.0,0.0,0.0,0.0,0.0,0.0,0.0,0.0,0.0,0.0,0.0,0.0,0.0,0.0,0.0,0.0,0.0,0.0,0.0,0.0,0.0,0.0,0.0,0.0,0.0,0.0,0.0,0.0,0.0,0.0,0.0,0.0,0.0,0.0,0.0,0.0,0.0,0.0,0.0,0.0,0.0,0.0,0.0,0.0,0.0,0.0,0.0,0.0,0.0,0.0,0.0,0.0,0.0,0.0,0.0,0.0,0.0,0.0,0.0,0.0,0.0,0.0,0.0,0.0,0.0,0.0,0.0,0.0,0.0,0.0,0.0,0.0,0.0,0.0,0.0,0.0,0.0,0.0,0.0,0.0,0.0,0.0,0.0,0.0,0.0,0.0,0.0,0.0,0.0,0.0,0.0,0.0,0.0,0.0,0.0,0.0,0.0,0.0,0.0,0.0,0.0,0.0,0.0,0.0,0.0,0.0,0.0,0.0,0.0,0.0,0.0,0.0,0.0,0.0,0.0,0.0,0.0,0.0,0.0,0.0,0.0,0.0,0.0,0.0,0.0,0.0,0.0,0.0,0.0,0.0,0.0,0.0,0.0,0.0,0.0,0.0,0.0,0.0,0.0,0.0,0.0,0.0,0.0,0.0,0.0,0.0,0.0,0.0,0.0,0.0,0.0,0.0,0.0,0.0,0.0,0.0,0.0,0.0,0.0,0.0,0.0,0.0,0.0,0.0,0.0,0.0,0.0,0.0,0.0,0.0,0.0,0.0,0.0,0.0,0.0,0.0,0.0,0.0,0.0,0.0,0.0,0.0,0.0,0.0,0.0,0.0,0.0,0.0,0.0,0.0,0.0,0.0,0.0,0.0,0.0,0.0,0.0,0.0,0.0,0.0,0.0,0.0,0.0,0.0,0.0,0.0,0.0,0.0,0.0,0.0,0.0,0.0,0.0,0.0,0.0,0.0,0.0,0.0,0.0,0.0,0.0,0.0,0.0,0.0,0.0,0.0,0.0,0.0,0.0,0.0,0.0,0.0,0.0,0.0,0.0,0.0,0.0,0.0,0.0,0.0,0.0,0.0,0.0,0.0,0.0,0.0,0.0,0.0,0.0,0.0,0.0,0.0,0.0,0.0,0.0,0.0,0.0,0.0,0.0,0.0,0.0,0.0,0.0,0.0,0.0,0.0,0.0,0.0,0.0,0.0,0.0,0.0,0.0,0.0,0.0,0.0,0.0,0.0,0.0,0.0,0.0,0.0,0.0,0.0,0.0,0.0,0.0,0.0,0.0,0.0,0.0,0.0,0.0,0.0,0.0,0.0,0.0,0.0,0.0,0.0,0.0,0.0,0.0,0.0,0.0,0.0,0.0,0.0,0.0,0.0,0.0,0.0,0.0,0.0,0.0,0.0,0.0,0.0,0.0,0.0,0.0,0.0,0.0,0.0,0.0,0.0,0.0,0.0,0.0,0.0,0.0,0.0,0.0,0.0,0.0,0.0,0.0,0.0,0.0,0.0,0.0,0.0,0.0,0.0,0.0,0.0,0.0,0.0,0.0,0.0,0.0,0.0,0.0,0.0,0.0,0.0,0.0,0.0,0.0,0.0,0.0,0.0,0.0,0.0,0.0,0.0,0.0,0.0,0.0,0.0,0.0,0.0,0.0,0.0,0.0,0.0,0.0,0.0,0.0,0.0,0.0,0.0,0.0,0.0,0.0,0.0,0.0,0.0,0.0,0.0,0.0,0.0,0.0,0.0,0.0,0.0,0.0,0.0,0.0,0.0,0.0,0.0,0.0,0.0,0.0,0.0,0.0,0.0,0.0,0.0,0.0,0.0,0.0,0.0,0.0,0.0,0.0,0.0,0.0,0.0,0.0,0.0,0.0,0.0,0.0,0.0,0.0,0.0,0.0,0.0,0.0,0.0,0.0,0.0,0.0,0.0,0.0,0.0,0.0,0.0,0.0,0.0,0.0,0.0,0.0,0.0,0.0,0.0,0.0,0.0,0.0,0.0,0.0,0.0,0.0
0.7522257,0.75039333,0.7524299,0.7678324,0.7575031,0.74976486,0.7576318,0.75722384,0.7522883,0.75319433,0.7692857,0.7666565,0.7510116,0.76289225,0.743661,0.76417685,0.7624254,0.74424666,0.7364439,0.7628378,0.74804753,0.741348,0.76445544,0.7674437,0.7560088,0.7622135,0.7738301,0.7611259,0.7783269,0.76940227,0.7605324,0.7568418,0.7496335,0.77092844,0.75701123,0.75295186,0.7511367,0.7606612,0.7480583,0.74063075,0.7461279,0.7506966,0.73292667,0.76339895,0.7606317,0.7519391,0.75929946,0.7594486,0.7510751,0.7709701,0.7560749,0.75624156,0.75974506,0.770083,0.7411302,0.7633881,0.74749136,0.7411724,0.7459833,0.769014,0.7570044,0.75645787,0.76446605,0.75942606,0.76419824,0.7565132,0.7529076,0.74872637,0.7711664,0.7632783,0.7731178,0.7612639,0.7595265,0.7575326,0.7604435,0.75117755,0.7636264,0.74058706,0.7615224,0.76679474,0.75970846,0.7579021,0.7630686,0.7560154,0.7603901,0.74393666,0.77023137,0.7635139,0.7586531,0.76149875,0.7577212,0.75410813,0.7464495,0.7460998,0.7460126,0.746711,0.7540294,0.7516773,0.768914,0.75830907,0.7731959,0.75221556,0.7428932,0.75755626,0.7552879,0.764594,0.7400863,0.7428435,0.76120615,0.7645018,0.74711657,0.76050776,0.75563896,0.7417914,0.7407911,0.7539591,0.7500117,0.75999856,0.7422676,0.7543466,0.7570477,0.74588823,0.7524396,0.76051855,0.7585907,0.75080365,0.7757762,0.7687651,0.7643188,0.7642868,0.76114696,0.7471406,0.75380284,0.7650193,0.7666027,0.7434303,0.7426529,0.76029205,0.7573545,0.7589551,0.77288276,0.7468662,0.76081836,0.76172394,0.75084877,0.7516459,0.7434031,0.7582269,0.76221,0.7567649,0.7673379,0.7704159,0.75012434,0.7490897,0.7565057,0.7546948,0.75014365,0.76558083,0.75975436,0.7481325,0.7576038,0.76059943,0.7491902,0.7693398,0.75640976,0.75846213,0.7586024,0.7584477,0.7702875,0.7537102,0.74183106,0.7557346,0.7691217,0.7646567,0.75023174,0.771999,0.75154376,0.7458574,0.7555476,0.75664407,0.7547996,0.7600416,0.75504893,0.7434202,0.76907194,0.7518417,0.7499185,0.74634254,0.7657993,0.76758844,0.7601457,0.74854666,0.75398546,0.7577947,0.76607585,0.737239,0.7654819,0.7588102,0.7547973,0.7642096,0.7512869,0.76699877,0.7530964,0.75067335,0.75857335,0.7687128,0.7369494,0.7587517,0.7482295,0.7539605,0.7600267,0.7521209,0.7570787,0.7493976,0.762791,0.76010877,0.74582696,0.7493683,0.7502448,0.7604567,0.7466507,0.7635174,0.7565911,0.7631565,0.77373934,0.75766224,0.7644805,0.7646724,0.7560647,0.75916797,0.7583143,0.7570596,0.774818,0.7631369,0.7553161,0.7711798,0.76714456,0.75424474,0.7623684,0.75894463,0.77167934,0.7697687,0.74582845,0.7670089,0.7547356,0.7554425,0.76832855,0.7525728,0.7511406,0.7560826,0.75309026,0.7378316,0.7647534,0.7499503,0.747423,0.76669943,0.7577447,0.74743587,0.75759465,0.7546992,0.7492546,0.7535508,0.7480668,0.75856256,0.7644449,0.76239085,0.7681758,0.75712,0.75727576,0.74953353,0.7500442,0.7604355,0.75839055,0.7547655,0.76565355,0.74902683,0.75179696,0.75120705,0.7697086,0.7315965,0.7547944,0.75007683,0.7612197,0.75739074,0.75385106,0.74584436,0.7385072,0.76093054,0.74738604,0.7445822,0.74520767,0.75954515,0.74469924,0.7598739,0.76849276,0.7598119,0.75691295,0.7604637,0.7676019,0.76147145,0.7611323,0.75920296,0.75941235,0.76229155,0.7613137,0.7591066,0.7508965,0.7464073,0.7405186,0.7657073,0.7530125,0.7456428,0.76286113,0.74645126,0.759366,0.7619738,0.7348507,0.7594149,0.7598886,0.74939734,0.76718384,0.76503056,0.75902027,0.7486698,0.7467463,0.74840444,0.756147,0.75216323,0.7568328,0.7617237,0.75496376,0.7589588,0.7627642,0.7621622,0.75438434,0.7640035,0.7352037,0.7509127,0.7657922,0.7596741,0.75280863,0.75618047,0.7630373,0.7618986,0.7623213,0.7602708,0.7626689,0.7641297,0.746954,0.7639958,0.7492265,0.75352633,0.7575006,0.7474759,0.7586026,0.765407,0.7504256,0.75735736,0.7570752,0.7582712,0.7656437,0.7597218,0.7678247,0.7593878,0.76386756,0.7623661,0.77186966,0.74298906,0.7565862,0.7700707,0.7537984,0.74573493,0.7522607,0.7536131,0.7478867,0.7513558,0.7572674,0.75454307,0.76820445,0.7556243,0.7493851,0.7538266,0.76446515,0.7570761,0.76411825,0.7571092,0.74689364,0.77364594,0.75701046,0.7553536,0.7546727,0.76277757,0.7517734,0.7629966,0.745403,0.75415134,0.7521559,0.7617008,0.74854237,0.74833775,0.7604537,0.75306237,0.7575497,0.7734861,0.75349224,0.7576832,0.7719474,0.7673892,0.75482327,0.7473816,0.75190246,0.773954,0.754465,0.7651692,0.76024085,0.7706283,0.77326065,0.75033635,0.75908875,0.75229007,0.7594602,0.7631718,0.7805249,0.75292295,0.75477004,0.76460123,0.756757,0.7528859,0.76488686,0.7555989,0.7509071,0.7517608,0.7569625,0.75556654,0.7582415,0.7737696,0.77124804,0.75361127,0.7742221,0.76381403,0.7658638,0.7519552,0.7556556,0.75231904,0.7603236,0.7651563,0.7516156,0.7497814,0.75963634,0.75493115,0.7601644,0.74481034,0.7430292,0.7489891,0.76178926,0.77200294,0.7681963,0.7481989,0.7569651,0.7641673,0.76707566,0.7685414,0.7518307,0.7538616,0.75119984,0.75606596,0.7547088,0.7772255,0.7455055,0.757058,0.75416714,0.74253476,0.74154884,0.76435184,0.74588853,0.7508418,0.75800735,0.76981944,0.7572752,0.7475428,0.75459933,0.76804316,0.74483204,0.75499135,0.7498181,0.75037575,0.75222707,0.74654984,0.76145655,0.7653857,0.75616795,0.7517774,0.7578957,0.7627874,0.75734144,0.7529852,0.7529667,0.7461867,0.74821436,0.7424835,0.7475499,0.7495733,0.7492736,0.7611148,0.75276214,0.74336535,0.76420045,0.7527396,0.74355984,0.74948144,0.7596916,0.7444683,0.74126667,0.74001336,0.7511057,0.75651145,0.7323837,0.77737576,0.76315075,0.75889695,0.779377,0.7585803,0.7537291,0.756263,0.75262284,0.761887,0.75920683,0.76400393,0.7712079,0.7561643,0.7623947,0.7617268,0.7532323,0.760385,0.7584686,0.73912233,0.7480684,0.7552426,0.7442227,0.7595759,0.75167274,0.7483628,0.7451886,0.76379853,0.76662874,0.75230867,0.75041837,0.76368445,0.7590715,0.75547844,0.74189574,0.76769936,0.764647,0.7537355,0.75921685,0.75406736,0.7488298,0.7531469,0.7616824,0.7648878,0.7645973,0.74696505,0.75829685,0.77021074,0.75808895,0.75484836,0.763841,0.7533465,0.7496855,0.7729881,0.7524269,0.74916065,0.7564826,0.75509554,0.763496,0.7566883,0.76011175,0.7536123,0.7552132,0.7643779,0.76337045,0.76263064,0.7507002,0.75333405,0.7483231,0.74610305,0.76114446,0.75918347,0.7476188,0.74515814,0.7536271,0.7522295,0.7477646,0.76379424,0.7560882,0.7560783,0.7676738,0.76785964,0.75719833,0.7565887,0.75676006,0.75897545,0.7481697,0.7539196,0.75616074,0.76010257,0.7679693,0.7688512,0.76840425,0.7614023,0.76436436,0.77199185,0.7490132,0.7614419,0.7486553,0.75224996,0.754085,0.76072836,0.75669307,0.7471047,0.7524182,0.7428231,0.77124435,0.7594504,0.7486793,0.76471335,0.74260926,0.7445972,0.7505636,0.7706567,0.76796365,0.7567329,0.7590226,0.75738114,0.7543934,0.7558773,0.7391927,0.7462698,0.7598384,0.75021726,0.7526101,0.76911694,0.7524406,0.7626207,0.7496957,0.7577807,0.7592311,0.7607319,0.7416274,0.7477466,0.75784874,0.75379324,0.7580992,0.77217126,0.75741225,0.76725316,0.7618627,0.76711375,0.7380652,0.7633783,0.75956625,0.7524781,0.7648303,0.75868446,0.7594186,0.7671808,0.76850486,0.7778326,0.7818062,0.75801706,0.76245546,0.7645125,0.7615606,0.75926983,0.7583746,0.7551079,0.764419,0.7628879,0.74916816,0.7621589,0.7564893,0.75825334,0.7623327,0.76286745,0.7587304,0.7547144,0.7538054,0.7579991,0.75255615,0.7467454,0.7572478,0.7590338,0.76723903,0.7516772,0.7549951,0.752098,0.77211535,0.7555179,0.7600716,0.7637325,0.7501264,0.75327766,0.75838053,0.74595016,0.75853634,0.7630668,0.76369506,0.7455772,0.7669351,0.75677747,0.77012676,0.7557088,0.7490645,0.74743176,0.7661164,0.7666061,0.7501177,0.76161295,0.7469961,0.75485545,0.76562744,0.7570341,0.75483996,0.75387174,0.7522129,0.7445184,0.750766,0.7701279,0.7470245,0.7429829,0.7520662,0.74235606,0.74623334,0.74629587,0.7482587,0.7488052,0.7636195,0.7613094,0.7496126,0.7550025,0.7503541,0.7482308,0.7557339,0.76743466,0.7520065,0.755872,0.7604035,0.7629593,0.7456881,0.7470255,0.7546393,0.7721624,0.7630903,0.75642467,0.757424,0.7652934,0.7594569,0.766612,0.76448876,0.7422305,0.75833213,0.77477205,0.74739456,0.75299716,0.77578086,0.75041527,0.7558527,0.75872636,0.7494732,0.75522286,0.7625893,0.76227397,0.7608596,0.744197,0.75658834,0.75868404,0.7616238,0.7460153,0.7526866,0.75939715,0.7600448,0.76391315,0.74935055,0.7562991,0.75250894,0.74652636,0.7441352,0.76111126,0.75321174,0.75993454,0.76173747,0.7547424,0.7530566,0.76172006,0.7677666,0.7682236,0.7528393,0.75115126,0.76461077,0.74805033,0.77127445,0.74723035,0.75854105,0.7644862,0.77767915,0.7516371,0.7558094,0.76861525,0.7460884,0.7510391,0.76117504,0.75197905,0.75278366,0.76317775,0.7587296,0.74828666,0.7471119,0.7521655,0.75434595,0.7567584,0.7587354,0.7686466,0.75074756,0.7516827,0.7592337,0.7486017,0.7602455,0.7486613,0.75821596,0.7686467,0.75041586,0.7383977,0.7529234,0.75750715,0.7593375,0.7488247,0.74959844,0.7631925,0.7561086,0.7608009,0.7509599,0.7377494,0.7605865,0.7573791,0.75392616,0.7606145,0.7447164,0.76876104,0.7624217,0.7477145,0.7475115,0.7651091,0.7718917,0.7611371,0.7607234,0.7378855,0.7734333,0.7549656,0.7502023,0.7593354,0.7702891,0.7663943,0.7757654,0.7659277,0.769499,0.7666118,0.75623125,0.7550826,0.74941105,0.7573899,0.7576982,0.75001645,0.75680363,0.7515832,0.76650494,0.7519225,0.75489855,0.76292324,0.76448303,0.7730341,0.74835145,0.7590552,0.75479895,0.76570344,0.76519233,0.7416002,0.75082934,0.7585963,0.762781,0.74124914,0.76578724,0.7645843,0.74379563,0.76690316,0.7729142,0.767641,0.74266696,0.7538098,0.7741669,0.7596338,0.75435805,0.76736087,0.7662808,0.7494791,0.7613525,0.764552,0.73930013,0.75610876,0.7471535,0.7555327,0.7704033,0.76039875,0.75930554,0.7470655,0.75594586,0.7459343,0.7622763,0.7603058,0.7535787,0.75628376,0.75894153,0.73887295,0.74742997,0.7681457,0.7694569,0.7600159,0.75891846,0.74791664,0.75337356,0.7636018,0.7642873,0.76068103,0.74175227,0.7646016,0.7522506,0.74451756,0.77199674,0.7471746,0.7543236,0.7528941,0.7766163,0.7593893,0.7577595,0.75556755,0.7524837,0.74698895,0.7474992,0.75213695,0.7625865,0.7425977,0.7497838,0.7589181,0.7751784,0.76814586,0.7611269,0.7586631,0.75737196,0.77718693,0.7485783,0.76440215,0.74998766,0.74715877,0.7645654,0.74793935,0.7613387,0.7740877,0.76264954,0.76211095,0.7505853,0.76433337,0.7515464,0.7487294,0.7512383,0.7453426,0.7588424,0.7528243,0.75863284,0.7612313,0.75844544,0.7567346,0.738263,0.7573692,0.757149,0.76198435,0.7588422,0.7493859,0.75590086,0.76362294,0.7636005,0.76266474,0.7509607,0.76722866,0.7650795,0.75841933,0.7537206,0.76839715,0.75241643,0.7603373,0.7550416,0.7644038
0.7496372,0.7546501,0.76920426,0.735983,0.7590186,0.754679,0.7722336,0.7582927,0.75479823,0.7543667,0.76260054,0.77032465,0.7552987,0.7492145,0.7531973,0.7688721,0.7662107,0.752662,0.7720436,0.75727636,0.74098,0.7354653,0.75148773,0.7688449,0.7616839,0.7555974,0.7724326,0.76191276,0.76957923,0.75651574,0.75979257,0.7716351,0.757395,0.75020885,0.75574523,0.7503078,0.75730467,0.765338,0.75340545,0.73499775,0.74728066,0.7585318,0.7464472,0.76845837,0.7650625,0.75323695,0.7608086,0.7446794,0.7435552,0.7581743,0.76256335,0.7526158,0.75267625,0.7721469,0.74692106,0.7758279,0.76163703,0.7589842,0.75597775,0.7574212,0.74217093,0.7583945,0.752318,0.7555046,0.7593226,0.7557315,0.76913106,0.7605088,0.7715074,0.74339604,0.77344227,0.75029457,0.7570101,0.7619709,0.7524941,0.746533,0.7491157,0.7400868,0.77202755,0.7590575,0.76428074,0.76215976,0.7568616,0.7562924,0.7549666,0.75592726,0.7749245,0.74125355,0.75360036,0.7673427,0.7766994,0.756583,0.747945,0.7628933,0.75309503,0.75742114,0.76016235,0.75852406,0.7756454,0.7397574,0.7595973,0.75204664,0.7533452,0.7460696,0.7630678,0.76587355,0.74816173,0.75959325,0.7644157,0.76418144,0.7644064,0.76427275,0.74542063,0.75610447,0.7678121,0.76210386,0.73778766,0.7651739,0.7533352,0.75684404,0.7467444,0.74522364,0.76910686,0.75532866,0.763991,0.7605292,0.76270235,0.755777,0.7626013,0.7725054,0.75655407,0.77183306,0.7635536,0.7625157,0.75317913,0.7517031,0.7572626,0.76796573,0.77235574,0.7594919,0.7574992,0.7628025,0.7608891,0.76384836,0.761034,0.7412161,0.76876223,0.76360476,0.7416352,0.77314216,0.76871824,0.7672982,0.75242263,0.74733704,0.7706018,0.75310045,0.7461314,0.77638465,0.7617556,0.75496906,0.76773673,0.75568324,0.76047873,0.76280206,0.7495976,0.75914824,0.7725734,0.7509887,0.7632976,0.7592011,0.7284881,0.7558768,0.76300937,0.76682514,0.75800663,0.7579097,0.75741255,0.7587061,0.7600338,0.7557978,0.74758136,0.75574553,0.762992,0.74921125,0.76580113,0.762755,0.75619924,0.75013065,0.7474821,0.7775613,0.76617795,0.7355103,0.751814,0.76459974,0.7651768,0.7595206,0.7691025,0.7726785,0.7611522,0.7571058,0.75433517,0.7651068,0.756899,0.761864,0.7542807,0.7578171,0.7338486,0.76244164,0.76497,0.7599988,0.7748084,0.7627965,0.75234723,0.75537515,0.76132715,0.75536466,0.76480496,0.7638963,0.74929565,0.75634336,0.7569819,0.76235425,0.7667546,0.755472,0.7644238,0.758328,0.7524539,0.7554242,0.7590755,0.7702035,0.7348422,0.76380193,0.76935005,0.75277877,0.7509964,0.7531553,0.7529757,0.7617244,0.75855297,0.74399596,0.76982325,0.7638076,0.761633,0.7593445,0.75174844,0.75612885,0.75433564,0.7360425,0.75350726,0.7465501,0.7604695,0.74378955,0.77364945,0.74423283,0.75505656,0.77386457,0.76388764,0.7481658,0.7556005,0.73586434,0.78043634,0.7591445,0.7582187,0.7609222,0.76545155,0.7602304,0.75121766,0.7549994,0.757458,0.75671697,0.7650317,0.7520437,0.76056546,0.7602577,0.7766335,0.76104766,0.7559927,0.7511048,0.77539194,0.7485197,0.75928295,0.7686347,0.7459104,0.7542061,0.76487553,0.76850426,0.7590651,0.75853145,0.75127524,0.7606247,0.75366706,0.7533226,0.7424298,0.75769717,0.7676949,0.75219405,0.7618297,0.76396096,0.7681766,0.7446371,0.7639206,0.7558721,0.75273645,0.75679934,0.7549707,0.7554226,0.7513696,0.7511985,0.75701094,0.7696541,0.75340503,0.75401884,0.76473844,0.7551516,0.7486694,0.7672567,0.74076945,0.7506662,0.75877357,0.7525145,0.774958,0.7603834,0.7733841,0.7464692,0.74291444,0.7548349,0.7578124,0.75604,0.7635655,0.7546767,0.7497673,0.75393677,0.7475965,0.76156473,0.752863,0.75096136,0.73977685,0.7487405,0.7536034,0.78633577,0.762179,0.7525211,0.7602167,0.76064867,0.7590816,0.75756615,0.7758219,0.7669927,0.7526286,0.7642231,0.7574775,0.76667243,0.7508371,0.7587174,0.7479688,0.75858283,0.7558833,0.75091016,0.76528466,0.75480247,0.75838476,0.75427425,0.7462173,0.77245057,0.7561987,0.77099514,0.76165646,0.7585586,0.7533792,0.77004796,0.7655533,0.7630456,0.7606872,0.7532066,0.75901204,0.7455973,0.75645864,0.757031,0.7664827,0.75080025,0.75725514,0.7444104,0.7509465,0.7713147,0.75963783,0.7434987,0.7445477,0.75976807,0.76122755,0.75466025,0.75514936,0.75365025,0.76482916,0.7543925,0.7361426,0.74319744,0.76202285,0.76137525,0.7668607,0.75134647,0.76292425,0.7503527,0.76288545,0.74201113,0.7657646,0.74961025,0.77016807,0.75851744,0.7634004,0.765099,0.7538432,0.7757668,0.7546166,0.765578,0.7665615,0.76786953,0.7672025,0.7668874,0.76990485,0.77160096,0.75007904,0.75538087,0.7696536,0.766259,0.7641888,0.7622947,0.7503708,0.75231284,0.76319414,0.7523506,0.7562744,0.75182164,0.74918014,0.756008,0.75307024,0.7558827,0.7567791,0.7434036,0.76284117,0.7481615,0.7546427,0.7478655,0.76017547,0.7598688,0.77550733,0.7689907,0.75269586,0.7441868,0.76686406,0.75244784,0.77630866,0.76124364,0.7312328,0.72899354,0.73945594,0.7644301,0.7602168,0.7627008,0.7574765,0.766304,0.7571856,0.7733234,0.7644414,0.76566327,0.755082,0.76073384,0.75000125,0.7725805,0.7303135,0.7690423,0.76356524,0.7583838,0.751175,0.7605739,0.74787396,0.7595109,0.7675233,0.768079,0.76089746,0.76727015,0.76109034,0.7687886,0.756161,0.7609294,0.7523162,0.772727,0.7549912,0.74505204,0.76137394,0.7659204,0.75213206,0.7637145,0.76396275,0.7566344,0.75972456,0.7503414,0.76742405,0.7491462,0.76396316,0.7553315,0.74874496,0.75239044,0.7506543,0.747711,0.75942856,0.7468482,0.7761124,0.74661684,0.7518005,0.75127417,0.7588914,0.73924345,0.75447446,0.7449624,0.7679995,0.74418634,0.7462591,0.77591836,0.7587012,0.7658658,0.7756852,0.7520596,0.76570636,0.7691388,0.7559929,0.76900214,0.7525421,0.7524206,0.76091534,0.76835,0.7609646,0.7551763,0.75704145,0.7701081,0.7674308,0.73635656,0.747393,0.75896233,0.7539161,0.7504594,0.7566945,0.75297177,0.75713897,0.7585288,0.7695768,0.7508027,0.7539349,0.7523634,0.76766187,0.74943876,0.7361671,0.74550366,0.7618685,0.74532145,0.7685178,0.7540877,0.75226915,0.7503031,0.7665886,0.75959224,0.760273,0.7582526,0.7449789,0.75598025,0.7572365,0.76075363,0.761399,0.7772883,0.7533039,0.7613575,0.7431474,0.7574663,0.75365454,0.74650717,0.76170826,0.75594693,0.74680173,0.7339484,0.74792516,0.7542562,0.76692617,0.76617014,0.76406705,0.76511216,0.7613051,0.76280993,0.75885797,0.75598615,0.7606248,0.7638258,0.75477916,0.7529948,0.7424965,0.76194197,0.7420595,0.765859,0.7650662,0.7705705,0.7488987,0.7443704,0.7707137,0.7551609,0.7458518,0.760769,0.75246245,0.7527469,0.77270716,0.7598239,0.76098245,0.7596583,0.7613427,0.7634434,0.75469965,0.7655368,0.7447406,0.75811636,0.74801034,0.7656132,0.76238054,0.7550699,0.74603516,0.7588926,0.77394396,0.74939775,0.7539686,0.7466414,0.75388616,0.7414151,0.7583658,0.7659573,0.7712862,0.7586801,0.7512049,0.76986814,0.7710229,0.75898933,0.74605894,0.74078184,0.7693941,0.7428704,0.76669157,0.76531863,0.7519411,0.7568122,0.74437034,0.7479604,0.7565215,0.7629058,0.75335723,0.75926566,0.7447622,0.7595297,0.7532932,0.770443,0.7579907,0.76723474,0.7703972,0.7594492,0.7362295,0.7538773,0.76657254,0.7539423,0.7516303,0.76071906,0.75891984,0.7595916,0.76264447,0.7455924,0.7660732,0.76787734,0.75172114,0.7597491,0.7563286,0.7436206,0.7668178,0.751791,0.7502675,0.7715786,0.7690977,0.74854136,0.75748324,0.7546333,0.7604096,0.76122147,0.75218904,0.7629054,0.7608185,0.7701911,0.74838465,0.7522389,0.7723945,0.76203996,0.7547016,0.7677894,0.76052713,0.75387156,0.76635206,0.76005703,0.76549673,0.7554093,0.7576134,0.7557326,0.7638477,0.7494389,0.75079334,0.7484835,0.744944,0.7481411,0.76259214,0.7622164,0.77152526,0.7526285,0.75983775,0.7510761,0.75219953,0.7645891,0.76754725,0.7585612,0.7526928,0.7571598,0.7605404,0.7587447,0.7556337,0.7533962,0.75817823,0.77337456,0.74845654,0.7438263,0.73745847,0.750279,0.74056643,0.73902375,0.76181746,0.75353265,0.75545025,0.75986594,0.76296395,0.7486318,0.75440854,0.7611965,0.7512773,0.75261235,0.7602847,0.76169556,0.75585216,0.7525819,0.76080847,0.7592774,0.74262476,0.75416243,0.74948055,0.7613822,0.76568377,0.7423936,0.7489182,0.77083284,0.7558749,0.7742612,0.7642919,0.7490131,0.7480175,0.7731885,0.74736154,0.76874465,0.7663353,0.742393,0.77000725,0.7542716,0.7485729,0.7568233,0.76845956,0.75620145,0.7692789,0.7557215,0.75244844,0.7556438,0.7579833,0.7347942,0.75232565,0.764,0.76508695,0.7785212,0.77097285,0.7621003,0.7536627,0.76101047,0.7451846,0.75453067,0.74663997,0.7645325,0.77705777,0.74881035,0.76293653,0.76582867,0.7624612,0.7601927,0.74322367,0.76844054,0.75047797,0.7433011,0.7755107,0.7631546,0.7583155,0.7482274,0.76459724,0.7589305,0.7466006,0.7725524,0.7604702,0.7552948,0.754883,0.77272564,0.76148605,0.75251937,0.75058246,0.7524422,0.7615452,0.76205146,0.74843687,0.7555416,0.7662344,0.7587113,0.7439933,0.7383122,0.76948506,0.75935376,0.7640303,0.7482918,0.7570876,0.77530116,0.7481224,0.7355885,0.7744996,0.7469107,0.7728209,0.74374324,0.76842386,0.7591102,0.75403017,0.7607585,0.74456674,0.74007565,0.7622342,0.7549775,0.7446093,0.7513137,0.7510895,0.7606264,0.7620915,0.76030153,0.74783087,0.76718485,0.77336633,0.7635636,0.75489575,0.7569137,0.7694956,0.7460185,0.75411904,0.7769604,0.76644444,0.77283454,0.780216,0.76909673,0.76581913,0.7555222,0.7585442,0.74248743,0.7452603,0.76473707,0.7625778,0.75438905,0.7598613,0.737619,0.77023286,0.7424672,0.74525625,0.75696284,0.765062,0.7643871,0.7527491,0.7811858,0.7532338,0.762835,0.7632697,0.7480058,0.74267805,0.7472639,0.75472057,0.7420868,0.7605049,0.7732542,0.7482844,0.76935905,0.75192237,0.76512325,0.7473351,0.7619669,0.76312894,0.74239427,0.75517255,0.7630233,0.7683376,0.7465806,0.75321364,0.75938946,0.7468761,0.75787526,0.74305725,0.75369036,0.7782908,0.763359,0.7652864,0.7581908,0.7558467,0.73868877,0.76822376,0.76262194,0.7635633,0.75418633,0.74875593,0.7604276,0.75052685,0.75895166,0.74963284,0.7464816,0.7589539,0.7461507,0.75967723,0.75990444,0.7614583,0.7582738,0.7508426,0.7516367,0.7433305,0.7553637,0.7772703,0.7619748,0.7596024,0.74475604,0.7798945,0.7546753,0.7600144,0.75574297,0.76185596,0.7582856,0.7635043,0.76274294,0.7653778,0.76207876,0.76177615,0.75051254,0.78649455,0.7659236,0.75795686,0.7621782,0.75685626,0.767904,0.7565575,0.7544668,0.752022,0.75611925,0.74795496,0.7580793,0.7602671,0.79180473,0.75749445,0.7707211,0.74256724,0.7646295,0.7562174,0.7424946,0.75976735,0.7360897,0.76689917,0.74785984,0.75061643,0.76452124,0.75423366,0.74544233,0.7582906,0.7554399,0.75474644,0.74950856,0.76339096,0.73609304,0.759999,0.7646797,0.768043,0.7460603,0.75966567,0.7579632,0.7496059,0.76066697,0.750337,0.76568276,0.7529221,0.76350963,0.75048196,0.7600957
0.94269204,0.9581547,0.9710038,0.95455027,0.95012665,0.956495,0.9467408,0.9610941,0.96497095,0.9696063,0.95418996,0.9662587,0.9584954,0.9575597,0.96274865,0.9723416,0.9703657,0.95265245,0.9606697,0.9677589,0.9674921,0.9435135,0.9415105,0.9706633,0.96421975,0.95263946,0.95755595,0.95763177,0.97141045,0.9624827,0.94313365,0.9843507,0.9642918,0.9563319,0.94697213,0.97950506,0.9597942,0.9730211,0.95231664,0.95484126,0.94813514,0.9659678,0.96205485,0.9544142,0.9586983,0.9515433,0.9485574,0.96778774,0.9555901,0.9686553,0.9580234,0.96708274,0.95102805,0.96385705,0.96813595,0.9591271,0.95812184,0.9691093,0.96083844,0.9839299,0.9629251,0.95618063,0.9711551,0.94815993,0.9611626,0.952371,0.9378382,0.9771659,0.9604283,0.9504373,0.9639883,0.9690196,0.96482867,0.95255196,0.9576734,0.9487173,0.95538366,0.9621792,0.96651584,0.9589895,0.958552,0.95755243,0.97238714,0.96578014,0.96669525,0.94827443,0.9488035,0.9644795,0.95504177,0.9635678,0.96834075,0.9528796,0.97146696,0.96703935,0.9634607,0.96294874,0.9483552,0.95156944,0.9677669,0.9612983,0.9662405,0.9562327,0.96181333,0.96661097,0.9481338,0.95701206,0.9680951,0.95044947,0.95860726,0.9554854,0.9685396,0.9635378,0.952305,0.94538414,0.96281266,0.95108306,0.9613548,0.95685565,0.9652159,0.9695359,0.9567401,0.96087795,0.9592604,0.9433839,0.9765194,0.9522271,0.9581202,0.9624555,0.96432877,0.9469622,0.969401,0.97233194,0.9523149,0.9572961,0.9565223,0.95963234,0.96494573,0.97035867,0.96531624,0.96097535,0.9636038,0.9602356,0.9663011,0.9632662,0.9650352,0.95326704,0.94896823,0.96704537,0.96459585,0.95494217,0.96155536,0.95328057,0.9580835,0.95438784,0.96356356,0.9653927,0.9647439,0.96847457,0.9582117,0.9677028,0.96202236,0.96164876,0.9810779,0.96030015,0.9398461,0.96634835,0.9522,0.9680903,0.9616885,0.9553646,0.94764465,0.9565925,0.9686281,0.95085263,0.9625621,0.95277166,0.9527038,0.9533814,0.9751404,0.9566364,0.9537997,0.9656056,0.96066827,0.95580745,0.96178573,0.952388,0.95942426,0.96456903,0.9640838,0.96598303,0.968363,0.9534593,0.94582987,0.95977277,0.95313084,0.9551062,0.958896,0.957061,0.96483874,0.951065,0.963009,0.96861243,0.95415795,0.962073,0.95927036,0.9571052,0.95473003,0.96774757,0.95608145,0.95792484,0.963987,0.9535631,0.95173293,0.9563414,0.9499251,0.96056426,0.9572127,0.96582085,0.9504662,0.9704206,0.9587186,0.9790356,0.96024853,0.96085334,0.96344465,0.97124463,0.9606177,0.9661171,0.97242844,0.96293956,0.94526476,0.97494656,0.95384455,0.96381813,0.9556041,0.9586362,0.9366001,0.9555255,0.95925575,0.9609205,0.9597548,0.95517176,0.9487665,0.95856935,0.9643577,0.9619813,0.9689965,0.9434187,0.9694109,0.9685307,0.9627973,0.9386794,0.95736974,0.97761697,0.9634145,0.955989,0.9733884,0.93378365,0.9472116,0.9495789,0.9599463,0.9486549,0.9458174,0.95724237,0.95233864,0.95677483,0.962218,0.95111275,0.9585822,0.9678731,0.97531956,0.9709505,0.96401644,0.9524491,0.9633919,0.94806224,0.9671771,0.9454778,0.959801,0.9531874,0.96596605,0.96054965,0.95833194,0.9570139,0.96751237,0.95266986,0.96690714,0.9508433,0.9561091,0.94112146,0.9634301,0.96523935,0.95285004,0.93867874,0.96364576,0.9504087,0.9592611,0.97158664,0.96640843,0.96003467,0.9533236,0.96272886,0.941029,0.9584985,0.9541754,0.95574147,0.95825195,0.95611566,0.9545718,0.9534591,0.9559307,0.95672226,0.96980083,0.9441014,0.9607214,0.95393455,0.9477094,0.96332556,0.9569127,0.9642832,0.9692415,0.96062815,0.9550925,0.9522726,0.96127623,0.95130754,0.96847373,0.9495441,0.9549579,0.9485315,0.9661938,0.9370721,0.96842927,0.9565213,0.9623497,0.9560229,0.9659176,0.9642416,0.9710934,0.95172757,0.9750321,0.9444408,0.96285075,0.9699674,0.95559376,0.9601055,0.955567,0.96570355,0.959793,0.9601332,0.93841606,0.95838976,0.96572894,0.9513678,0.96176183,0.95243704,0.9551018,0.9528238,0.967157,0.968732,0.95774806,0.9415951,0.96433264,0.95642215,0.9527427,0.9491973,0.96812046,0.9683381,0.9628457,0.9551894,0.95412886,0.95074755,0.9533018,0.9562157,0.9417181,0.96133196,0.94430524,0.9587223,0.9624888,0.95995575,0.95050913,0.9461766,0.9563165,0.98143435,0.95207167,0.94692814,0.9660453,0.96524566,0.9627528,0.9502332,0.9618183,0.9527561,0.9585387,0.94897336,0.95129997,0.96476823,0.9532323,0.9689681,0.93975264,0.9485263,0.95546395,0.9563307,0.97127956,0.9579418,0.96452427,0.94288963,0.9514121,0.9659817,0.9526103,0.9636927,0.9595502,0.9640488,0.9659954,0.9435164,0.9474319,0.95975316,0.9475367,0.96243244,0.95351297,0.95197415,0.9452087,0.9505213,0.96778524,0.95615774,0.96051455,0.94952923,0.956603,0.9552874,0.9470022,0.9585493,0.9661178,0.95859295,0.95578253,0.95195615,0.9563899,0.9634449,0.9641424,0.9713484,0.9684133,0.95823693,0.95886433,0.9450057,0.9621004,0.9595716,0.9544035,0.96578825,0.9535891,0.95499223,0.9609979,0.95687467,0.9542349,0.95808095,0.9522146,0.9586811,0.9577021,0.9535826,0.96585625,0.94504035,0.9475596,0.9532719,0.964818,0.9754282,0.9499921,0.9639322,0.97387874,0.95135975,0.9494989,0.96898085,0.94679004,0.9656576,0.95906,0.9573663,0.9556843,0.9536109,0.9574486,0.9644574,0.9602879,0.9573629,0.957454,0.9515738,0.95966715,0.9655138,0.9503761,0.9562494,0.97481334,0.9520544,0.97506106,0.9509617,0.94674873,0.958592,0.9631264,0.95588785,0.9643916,0.95367724,0.97039473,0.95214564,0.95524824,0.9437782,0.9541283,0.93774194,0.9539439,0.96041465,0.94857115,0.959069,0.9616359,0.9529382,0.96078724,0.9557756,0.9666533,0.9585581,0.94436204,0.9431092,0.9630476,0.96517855,0.9598051,0.9648364,0.9673437,0.9593207,0.960898,0.9508544,0.9745791,0.9428736,0.9451086,0.95091456,0.9713246,0.94499314,0.95149,0.951401,0.9647755,0.958083,0.9460862,0.9538506,0.96850324,0.9537619,0.96595174,0.96459615,0.9589532,0.9629122,0.9568579,0.9624233,0.965967,0.9436524,0.95422196,0.9505051,0.96101147,0.96980757,0.95966005,0.9619863,0.9650314,0.95947766,0.9411051,0.95580107,0.95129746,0.9449123,0.9458853,0.9632643,0.95723933,0.9715945,0.9526178,0.9603239,0.9602451,0.9587105,0.96045077,0.96858793,0.95881236,0.9564827,0.9683633,0.9605556,0.9555592,0.97389585,0.96201074,0.97032684,0.9596091,0.9569165,0.9537337,0.95239335,0.9619303,0.9623579,0.9475496,0.95281607,0.96349853,0.94271445,0.9723922,0.96977746,0.9554066,0.94356215,0.9717718,0.9655435,0.96211326,0.9574737,0.9646512,0.9513721,0.9582381,0.963234,0.9473765,0.9576067,0.9673038,0.9641828,0.9576817,0.9633357,0.9546138,0.94512695,0.95040375,0.95779955,0.9522182,0.95846635,0.96507114,0.966622,0.950918,0.97344685,0.9656128,0.96329606,0.9577565,0.95941156,0.94566953,0.9552798,0.9451189,0.9516442,0.9676044,0.95450085,0.96357167,0.9598149,0.95596814,0.951499,0.9570476,0.96212566,0.95816666,0.9540993,0.95498574,0.9607456,0.95557857,0.95619464,0.9713889,0.9649673,0.9416757,0.95340586,0.9642217,0.95832944,0.97890043,0.9438613,0.97073007,0.956351,0.95598197,0.949837,0.9547714,0.9644796,0.9594714,0.961605,0.95024824,0.9684629,0.95322466,0.9707351,0.9633027,0.9619576,0.95771533,0.9718027,0.96606463,0.9598179,0.9515874,0.9575274,0.96814233,0.9614887,0.9550342,0.96525645,0.9479818,0.96277493,0.9645595,0.9506345,0.9629951,0.97586656,0.9463924,0.94161963,0.9613415,0.93982625,0.9732365,0.9540202,0.95101666,0.95840293,0.9648512,0.96760553,0.9677928,0.96623176,0.9572003,0.9660985,0.96091485,0.9576536,0.9714284,0.942079,0.9579589,0.96662664,0.95461404,0.9701297,0.9660396,0.9588441,0.9552039,0.95869887,0.9552817,0.960253,0.9699579,0.963907,0.97463846,0.9515033,0.96239966,0.95572346,0.96430707,0.9608267,0.9541344,0.9550969,0.9682881,0.94777286,0.94820064,0.9583692,0.96349084,0.94523007,0.95311683,0.9581162,0.96525764,0.9526883,0.9814121,0.95959055,0.96277076,0.9477459,0.9511643,0.9722673,0.96848315,0.9537449,0.9492651,0.96097195,0.9608247,0.9554254,0.9590555,0.95502627,0.9560024,0.9616441,0.95823604,0.969329,0.9602748,0.95825535,0.9364019,0.9667036,0.9516219,0.9585758,0.95120513,0.9531166,0.9698461,0.9315541,0.9595742,0.9529938,0.95989966,0.9513491,0.96214306,0.9540739,0.9459687,0.9430295,0.9566122,0.95237356,0.956693,0.9587337,0.9645961,0.97218025,0.9615268,0.95995,0.95184505,0.96419096,0.962127,0.9645022,0.96768373,0.94418365,0.95167965,0.9725702,0.95263296,0.9416554,0.9651023,0.9756808,0.96191514,0.9479078,0.9545581,0.96630603,0.9596118,0.96694237,0.9592705,0.9649331,0.94433963,0.95806754,0.9684499,0.95271486,0.9739556,0.95734257,0.9544591,0.96202475,0.9580292,0.9564977,0.9571287,0.9570523,0.97503555,0.9598925,0.94807124,0.946389,0.96160007,0.9575832,0.96149,0.9612526,0.9656065,0.9517794,0.96381074,0.95822674,0.9661577,0.960355,0.9619667,0.9586833,0.953619,0.9544318,0.9416869,0.9655196,0.95273215,0.9612544,0.9622367,0.946874,0.94294715,0.9552951,0.9701038,0.9590126,0.93022496,0.9462593,0.9734287,0.96437,0.96789014,0.9638055,0.947749,0.9607954,0.95775163,0.9556048,0.96617717,0.9709817,0.94715637,0.97484535,0.9670731,0.9481484,0.9594523,0.96588665,0.9597819,0.95268923,0.9338239,0.9704845,0.953403,0.9609599,0.95456505,0.95205504,0.96938586,0.95634204,0.95765966,0.9581558,0.95128727,0.9611577,0.95137846,0.9544728,0.9788938,0.95212924,0.95544434,0.9588992,0.9528888,0.9518471,0.96476865,0.97026277,0.95926124,0.9672746,0.94519293,0.9580839,0.95456636,0.9522687,0.959472,0.9674499,0.97369355,0.95018303,0.951014,0.9464922,0.9479251,0.9570916,0.95942223,0.9468324,0.9453758,0.961209,0.9527539,0.970099,0.95650357,0.9520796,0.9668058,0.9465554,0.9576126,0.9474374,0.95175576,0.9588898,0.95252925,0.97200793,0.9567338,0.95974445,0.97478855,0.9647841,0.95179677,0.9462896,0.9577677,0.94944316,0.9623753,0.95508635,0.95933056,0.9775339,0.9627664,0.9748278,0.9536127,0.9582916,0.94939876,0.96536094,0.96414727,0.95486695,0.9708616,0.9507098,0.96175545,0.9619258,0.96729165,0.9420698,0.9671473,0.96212965,0.96259916,0.9607495,0.9534645,0.9513104,0.9588028,0.95725274,0.9610017,0.9611084,0.9649286,0.96924025,0.9547004,0.9448669,0.9495019,0.96093535,0.9604606,0.96782404,0.95586413,0.94569045,0.96202844,0.94257796,0.9541428,0.96634334,0.9557792,0.9640087,0.9688187,0.9637645,0.9721615,0.95922905,0.9644271,0.9460939,0.96359897,0.9561333,0.9495832,0.948618,0.97142446,0.9573979,0.95639986,0.96558285,0.95836014,0.9607784,0.9439709,0.9620866,0.95577484,0.97101194,0.9536125,0.9756802,0.9506367,0.9567085,0.96448296,0.9636226,0.96203405,0.9562423,0.9567314,0.9607491,0.9606535,0.9642942,0.9642389,0.9656578,0.9656468,0.95501924,0.9587297,0.94725984,0.9629556,0.9538583,0.9599322,0.96923465,0.9559168,0.9512082,0.93994445,0.9568971,0.9693785,0.97108895,0.94082224,0.96034414,0.96339023,0.96454334,0.94417197,0.9738155
0.18941247,0.17366485,0.18823026,0.17822155,0.1912764,0.1779538,0.1806609,0.16696955,0.18744607,0.18307124,0.18337975,0.16022897,0.1840917,0.18169673,0.18642214,0.17688088,0.18346997,0.19962563,0.17531225,0.17979594,0.17541125,0.1827983,0.1681556,0.18133734,0.19388166,0.16723585,0.18716015,0.16378352,0.1680583,0.16716592,0.18807967,0.17684406,0.17685886,0.18632579,0.18337393,0.19002512,0.17868096,0.1839416,0.1691866,0.17958544,0.18271038,0.1854436,0.17581789,0.19476223,0.18489018,0.16891599,0.17418991,0.1643291,0.17130764,0.18787861,0.18601696,0.1794739,0.16611981,0.17165732,0.16657804,0.17426822,0.17123091,0.15939634,0.18682995,0.17548805,0.19967641,0.17467697,0.17722301,0.18937407,0.1836848,0.1755227,0.19105983,0.1783737,0.19881642,0.18048385,0.17726417,0.18274324,0.1643945,0.17940967,0.18156195,0.17731375,0.19915771,0.17166173,0.18213445,0.16928041,0.18468767,0.17849147,0.17824906,0.17237794,0.17751144,0.17743757,0.16614017,0.174513,0.1879997,0.16712663,0.1749856,0.18792117,0.18185318,0.16647056,0.18035367,0.18086833,0.1855632,0.18600549,0.17276521,0.20355743,0.16229652,0.20800638,0.18530461,0.18289144,0.20103468,0.18754034,0.17357533,0.16254082,0.16538455,0.18754725,0.17633145,0.18724857,0.18779896,0.18229423,0.18258227,0.17380525,0.17960934,0.16621359,0.170242,0.18054791,0.1891203,0.17816074,0.17349961,0.17907053,0.16086206,0.18831363,0.1993831,0.17758691,0.16918811,0.17387016,0.1732975,0.16421543,0.17224844,0.18319222,0.18222494,0.19360362,0.18322459,0.17624566,0.18488804,0.17386048,0.18718933,0.18014573,0.1813585,0.17403653,0.17697337,0.17306249,0.18281025,0.17761457,0.17037892,0.18632588,0.19528791,0.187146,0.18013671,0.18485384,0.17465688,0.17969623,0.19234897,0.17978571,0.1769602,0.18553925,0.17820603,0.1975128,0.16314389,0.17206368,0.18354991,0.17140907,0.16668345,0.16491878,0.17233817,0.17751226,0.18068887,0.15952684,0.18347676,0.17636654,0.17499703,0.17027204,0.1742782,0.18258023,0.17690222,0.17543952,0.1836453,0.17436424,0.17082591,0.18587105,0.1820918,0.18469836,0.18155949,0.17625698,0.18279707,0.1685341,0.175316,0.1782037,0.19456223,0.18109098,0.17816351,0.18084878,0.17053503,0.18750511,0.18078512,0.1702748,0.18083858,0.18862532,0.1780529,0.18418896,0.18308064,0.176734,0.16148852,0.18452293,0.18224959,0.1721163,0.18565097,0.18104094,0.18075621,0.18241504,0.16550554,0.19596192,0.16557263,0.1641801,0.17051099,0.15935113,0.190108,0.17671286,0.1862199,0.17633906,0.179601,0.18423906,0.1834129,0.17711507,0.18501876,0.17880872,0.178591,0.17560643,0.19338726,0.18067352,0.19901659,0.19186333,0.18613134,0.19266672,0.1560156,0.17842641,0.192301,0.17513055,0.18394177,0.19223055,0.18973053,0.191906,0.17497787,0.17310253,0.18542165,0.1701828,0.18671486,0.17046075,0.17769974,0.17376958,0.18748009,0.18641672,0.17196156,0.18825714,0.1734631,0.18163584,0.17924683,0.19036514,0.19690555,0.17561994,0.18102802,0.17876278,0.17695764,0.17776956,0.16754796,0.18856268,0.17543364,0.16388667,0.17385587,0.19201984,0.17221364,0.1835579,0.16958462,0.17773068,0.17277327,0.17207804,0.18827912,0.18418431,0.17432101,0.17437172,0.18061538,0.18573636,0.17522836,0.19265066,0.18853216,0.20564249,0.16273087,0.17062074,0.18544301,0.17090428,0.18854955,0.18470463,0.17167646,0.17860383,0.17790976,0.17382641,0.1776494,0.19770625,0.18706338,0.17790228,0.1880171,0.18067111,0.16114226,0.19410901,0.17414771,0.18673114,0.18104741,0.18723443,0.17702378,0.18588704,0.18455733,0.18432361,0.1969743,0.16901799,0.17482775,0.17578083,0.18147603,0.17706063,0.18636204,0.18305892,0.17096563,0.16960798,0.1954801,0.18884236,0.1691303,0.1932919,0.16757002,0.19596137,0.1738754,0.18812613,0.17026119,0.17219825,0.1834423,0.17899688,0.17236112,0.17737848,0.18415682,0.19135797,0.17952655,0.1673492,0.16043289,0.19370137,0.18795955,0.18965198,0.16974837,0.1707317,0.18719563,0.16918096,0.18163225,0.18270077,0.1833559,0.1869958,0.17750296,0.19007197,0.17575212,0.17891301,0.1765233,0.17653322,0.18812911,0.18517742,0.18960425,0.1915828,0.16249833,0.17853937,0.18134454,0.17606147,0.18540506,0.18688773,0.17269868,0.1877546,0.19335215,0.17594907,0.16963112,0.16834022,0.17618404,0.17845652,0.18356372,0.17125669,0.18024758,0.1741203,0.18400902,0.18470272,0.17585489,0.16255777,0.18185371,0.1783782,0.1810605,0.18538488,0.18012182,0.19202684,0.17484349,0.18488884,0.1837596,0.16042897,0.18196127,0.16904661,0.17689016,0.18900183,0.16926435,0.18517932,0.17375012,0.18059754,0.19112688,0.17012899,0.18288329,0.15899019,0.18570642,0.18579848,0.17372991,0.18749553,0.19285977,0.1857166,0.19218487,0.18216372,0.17680134,0.18295524,0.1845949,0.16840148,0.19366351,0.17349498,0.18486108,0.17497586,0.1834653,0.20239185,0.18112274,0.18186116,0.18247527,0.17470607,0.16615349,0.19586278,0.18686305,0.19126722,0.1751845,0.18011603,0.17595002,0.17887206,0.15951028,0.18801974,0.19126864,0.18328105,0.17911151,0.18907514,0.18012385,0.17731442,0.18487185,0.18409036,0.18378729,0.18557726,0.17300124,0.16919138,0.16014872,0.16628335,0.17495474,0.17613193,0.17941596,0.18713054,0.1691625,0.18387952,0.16959752,0.17764011,0.18434411,0.1781894,0.19915111,0.18330404,0.17379497,0.17113023,0.18804462,0.19698296,0.18057549,0.15661648,0.16090348,0.1823011,0.18553337,0.18075065,0.1865849,0.18922791,0.17342962,0.16891734,0.19271743,0.18013024,0.1696644,0.1850084,0.1838654,0.17671831,0.1795767,0.18213193,0.17178245,0.1872532,0.19417603,0.17430294,0.17182906,0.1772788,0.17426318,0.17417209,0.18932518,0.18666103,0.17482413,0.19626217,0.18531689,0.17361373,0.18001921,0.17195882,0.17052194,0.17768615,0.17488232,0.17314364,0.18365265,0.18025789,0.17305946,0.19323698,0.18130271,0.1833439,0.17969722,0.17486021,0.1813192,0.1803399,0.1790908,0.19126499,0.18461646,0.18132685,0.17638242,0.18959798,0.20307854,0.18411072,0.19579951,0.17425893,0.18342979,0.16684324,0.18316156,0.17603375,0.18229309,0.18124233,0.16189258,0.1783503,0.17477714,0.17113307,0.17585877,0.17794475,0.16033672,0.17412384,0.16593225,0.17220609,0.18909985,0.18702176,0.17704694,0.17600949,0.1762638,0.1870501,0.1750462,0.18555975,0.17483753,0.17306551,0.16861792,0.18458675,0.1806086,0.17124291,0.16788329,0.17368677,0.18435101,0.17202784,0.18614854,0.1687228,0.18326512,0.18292224,0.17769313,0.16669114,0.16712785,0.17387936,0.19776651,0.1790342,0.1907991,0.1775817,0.18619595,0.18075317,0.18921123,0.15295237,0.17899553,0.18725212,0.16131304,0.17676325,0.18427242,0.17251559,0.17140661,0.17678142,0.17355503,0.1817679,0.1685814,0.17523533,0.1780894,0.16566613,0.18109363,0.16324809,0.18460348,0.18714815,0.17831096,0.1670324,0.18168493,0.17479442,0.19179888,0.18174298,0.18543153,0.18015958,0.19119488,0.19745392,0.16679,0.18838562,0.17715418,0.19188178,0.17282835,0.1777507,0.18847437,0.17757465,0.19526327,0.18776052,0.16550574,0.17534305,0.17946422,0.18736757,0.17930219,0.17382656,0.19217241,0.17046711,0.18639056,0.18963182,0.16996594,0.17921533,0.17247164,0.1877517,0.16676596,0.18855402,0.18868242,0.17704639,0.17379324,0.17376496,0.18691327,0.18429174,0.16654018,0.17475793,0.19556026,0.16633159,0.1891448,0.17142233,0.17741805,0.17274545,0.17947891,0.17252533,0.17727707,0.16313182,0.18875505,0.18744947,0.157655,0.18583572,0.17738563,0.171488,0.18537875,0.1736914,0.17574531,0.18584017,0.17279966,0.16993457,0.17516822,0.17930992,0.17660931,0.19261862,0.16902485,0.1670881,0.17536792,0.17696333,0.20397042,0.18005604,0.17620507,0.17990068,0.17544733,0.20005222,0.17951064,0.17384452,0.16987504,0.1610257,0.16880843,0.17925367,0.18861231,0.18417306,0.18811312,0.1749311,0.16896652,0.17779973,0.1778809,0.19145799,0.16800995,0.18051869,0.17529023,0.18064153,0.1828909,0.17466237,0.17792533,0.1820959,0.1772568,0.18111277,0.180525,0.19781056,0.18330571,0.16791584,0.19007124,0.16959795,0.17839761,0.18268892,0.17213832,0.16907477,0.17042723,0.17501579,0.18820943,0.1800567,0.16798006,0.1691103,0.18046813,0.1858302,0.19103166,0.19029061,0.17106737,0.17310545,0.17464441,0.20157172,0.18499394,0.17427418,0.1832,0.17871204,0.17062575,0.18188785,0.1799469,0.18747695,0.17962521,0.1722085,0.17372635,0.18176478,0.17328419,0.17438598,0.18737598,0.17711185,0.18600199,0.18899931,0.17477767,0.18193692,0.17255147,0.17885876,0.16525203,0.18599829,0.17931426,0.18265128,0.17790668,0.19316883,0.16029249,0.16829231,0.17621838,0.1750124,0.1739537,0.17967975,0.1814588,0.17836879,0.18911779,0.17967626,0.1810632,0.17799897,0.20220318,0.18920636,0.18678239,0.17172244,0.1788285,0.19088131,0.18232954,0.17636776,0.17295802,0.18465875,0.18376866,0.1847929,0.16496392,0.16914792,0.18132842,0.18985057,0.18142486,0.18629667,0.18683718,0.18678503,0.17723238,0.18234819,0.16827305,0.18416291,0.1736743,0.16901466,0.18451503,0.18774877,0.17617287,0.16505167,0.17756112,0.17917597,0.1784775,0.18835375,0.18560466,0.17463921,0.16981211,0.176197,0.18830918,0.1920945,0.18473023,0.17935286,0.17031236,0.1838315,0.17831519,0.18369408,0.17366607,0.17563641,0.19302894,0.18429418,0.17573984,0.1688354,0.1725848,0.17289396,0.16493112,0.15998161,0.18041001,0.15970616,0.17574538,0.17162019,0.17635073,0.19047303,0.19112696,0.18341047,0.18131965,0.1729341,0.18098721,0.17335512,0.17395262,0.17562898,0.1705455,0.18584003,0.18473709,0.1744061,0.19265589,0.16523756,0.17618704,0.17932215,0.17845112,0.18501739,0.18057725,0.18804818,0.17833108,0.16812012,0.17355877,0.19017704,0.1876134,0.17338017,0.17347324,0.16700344,0.18154465,0.16476226,0.17704882,0.19740406,0.1605507,0.15869477,0.17915069,0.17752273,0.17940362,0.16669317,0.18913713,0.1830828,0.17664723,0.17467098,0.1730862,0.19153588,0.1715629,0.17642199,0.17106733,0.17335895,0.19667211,0.1848702,0.16883416,0.1831004,0.17318654,0.1848806,0.18896852,0.17038018,0.18745805,0.17702271,0.17800048,0.17637457,0.1803599,0.17535734,0.18118283,0.18108048,0.1698956,0.17972162,0.18314686,0.18744446,0.17608172,0.19102709,0.17569707,0.18609574,0.18729126,0.19582036,0.1817311,0.18944481,0.18519542,0.17723815,0.17958622,0.16870041,0.17570698,0.17418371,0.18636224,0.17628318,0.1892623,0.16590387,0.17092827,0.16905874,0.16278568,0.17624749,0.18669854,0.1842605,0.17419848,0.17250584,0.17696148,0.19336474,0.18215674,0.18914591,0.17591272,0.18841344,0.19125788,0.19275275,0.18954006,0.18164775,0.1882886,0.18536685,0.1994083,0.18199538,0.18316929,0.1948,0.17676374,0.18351734,0.18021458,0.19345379,0.17449537,0.17922117,0.20282364,0.17445584,0.18115209,0.19395044,0.16907373,0.17858692,0.18275012,0.17078766,0.18854985,0.1785177,0.16604522,0.17832184,0.16609745,0.17828071,0.18458076,0.17371188,0.17430237,0.1712179,0.16685957,0.1847239,0.18642545,0.17245108,0.16846754,0.1710964,0.1882406,0.16688374,0.17491177,0.17418969,0.19195023,0.18915346,0.1740964,0.1826959,0.17355889,0.17239068,0.17882258,0.17206351,0.16861217,0.18085831,0.18396018,0.18848239,0.17130896,0.17833872,0.18412629,0.17877187,0.2039793,0.18125306,0.17273122,0.1787969,0.18354258,0.17184038,0.17493944,0.18004197,0.17888744,0.18038177,0.19240497,0.17473201
